protocol,controlled_gt_prior,reference_protocol,gt_prior_jitter_limit_m,prior_center_x,prior_center_y,prior_jitter_x,prior_jitter_y,progress_capped_to_gt,direct_kalman_ms_enabled,ms_grid_size,kalman_x,kalman_y,frame_reference_x,frame_reference_y,ms_lattice_index,ms_lattice_x,ms_lattice_y,ms_x,ms_y,ms_support,ms_mode_count,ms_shift_from_kalman_m,ms_latency_ms,frame_id,image_path,gt_x,gt_y,gt_progress_s,gt_cross_e,gt_waypoint_leg,gt_step_parallel,gt_step_norm_m,controlled_gt_motion_envelope,gt_velocity_parallel,gt_heading_deg,gt_turn_rate_deg_per_frame,predicted_progress_s,predicted_cross_e,predicted_x,predicted_y,motion_prediction_error_m,kalman_progress_std_m,acquisition_hypothesis_count,acquisition_radius_m,acquisition_selected_index,acquisition_target_index,acquisition_confidence,acquisition_margin,selected_hypothesis_center_s,selected_hypothesis_center_e,selected_candidate_capture,bank_candidate_capture,search_grid_size,search_candidate_count,forward_only_search,search_heading_deg,raw_top1_x,raw_top1_y,softms_x,softms_y,softms_mode_count,visual_anchor_x,visual_anchor_y,visual_anchor_s,visual_anchor_e,visual_entropy,visual_margin,visual_var_s,visual_var_e,candidate_capture,measurement_s,measurement_e,visual_measurement_error_m,measurement_var_s,measurement_var_e,local_visual_confidence,kalman_raw_measurement_s,kalman_raw_measurement_e,kalman_used_measurement_s,kalman_used_measurement_e,kalman_measurement_clip_s,kalman_measurement_clip_e,kalman_posterior_projection_m,kalman_step_limited,kalman_step_limit_m,kalman_motion_step_s,kalman_motion_step_e,v_parallel,v_cross,a_parallel,a_cross,heading_residual_deg,turn_rate_deg_per_frame,estimated_heading_deg,polynomial_heading_deg,heading_error_deg,poly_next_step_parallel,poly_next_step_cross,kalman_nis,kalman_r_scale,final_progress_s,final_cross_e,waypoint_leg_before_update,waypoint_leg,target_waypoint,route_remaining_m,route_leg_progress,progress_error_m,speed_error_m_per_frame,final_x,final_y,final_step_m,gt_step_for_jump_m,excess_step_over_gt_m,abnormal_jump,error_final_m,end_to_end_latency_ms
GT+smooth-jitter_controlled_forward3x6_SoftMS_local_prior_3frame_causal_heading_continuous_waypoint_RNN_polynomial_Kalman,1,controlled_gt_jitter,8.0,-22.286636481787085,-5.560398167149495,-3.505890021826147,-3.400800055043172,0,0,6,-18.780745674413577,-2.1595981213156596,-18.780746459960938,-2.1595981121063232,-1,-18.780746459960938,-2.1595981121063232,-18.780745674413577,-2.1595981213156596,0.0,0,0.0,0.0,0,/yh/study/uav-sat/v36_GvsK/v36_training_data/routes/route_C/vi/vi_000000.jpg,-18.780746459960938,-2.1595981121063232,7.820911271948188e-07,7.418177846642066e-08,0,0.0,0.0,1,0.0,173.90999929632898,0.0,0.0,0.0,-18.780745674413577,-2.1595981213156596,7.856013413017934e-07,3.7788149854561053,1,0.0,0,0,0.7732121275699512,1.0,3.125312566757202,3.753549337387085,0,0,6,18,1,173.90999929632898,-37.296630859375,-0.22260963916778564,-35.54669952392578,-3.3409528732299805,1,-35.54669952392578,-3.3409528732299805,16.546003341674805,2.953396797180176,0.3990405201911926,0.3472084403038025,4.0,4.0,0,13.897279739379883,2.6950836181640625,14.15619432353713,6.27074670791626,5.24568510055542,0.7732121275699512,13.897279739379883,2.6950836181640625,4.376333350817366,2.62580001049042,9.520946388562518,0.0692836076736425,0.0,1,0.0,0.0,0.0,0.6586980819702148,-0.058527883142232895,-0.5103143453598022,-0.0475308895111084,0.3213288108241886,0.0,174.23132810715316,174.23132810715316,0.32132881082418857,0.403996080160141,-0.08002889156341553,0.17734853355635383,1.0,0.0,0.0,0,0,1,731.5633515869471,0.0,7.820911271948188e-07,0.6586980819702148,-18.780745674413577,-2.1595981213156596,0.0,0.0,0.0,0,7.856013413017934e-07,nan
GT+smooth-jitter_controlled_forward3x6_SoftMS_local_prior_3frame_causal_heading_continuous_waypoint_RNN_polynomial_Kalman,1,controlled_gt_jitter,8.0,-29.320126756208943,-4.996454472878796,-3.4008591017899956,-3.5381691411527214,0,0,6,-25.770332957278264,-1.7779312309305613,-25.919267654418945,-1.4582853317260742,-1,-25.77033233642578,-1.7779312133789062,-25.770332957278264,-1.7779312309305613,0.0,0,0.0,0.0,1,/yh/study/uav-sat/v36_GvsK/v36_training_data/routes/route_C/vi/vi_000001.jpg,-25.919267654418945,-1.4582853317260742,7.172638198106864,0.05997471900717796,0,7.172888153292986,7.172888153292986,1,7.172888153292986,174.38907188095573,0.4790725846267536,7.172638198106864,-0.032190337777137756,-25.909489814031723,-1.3666404108116113,0.0921650567843159,4.81002271143297,1,0.0,0,0,0.7118944900071994,1.0,10.178937911987305,3.9389750957489014,1,1,6,18,1,174.0224643907896,-37.296630859375,-0.22260963916778564,-37.40284729003906,-2.6999671459198,1,-37.40284729003906,-2.6999671459198,18.459678649902344,2.5129482746124268,0.5105271339416504,0.26522296667099,4.0,4.0,1,15.364025115966797,2.211193799972534,8.469153627866023,6.680529594421387,5.311129570007324,0.7118944900071994,15.364025115966797,2.211193799972534,11.380348045626661,2.211193799972534,3.9836770703401356,0.0,0.0,1,7.0,7.1728681568780965,-0.032190337777137756,0.6273571252822876,-0.07920704782009125,-0.6811028122901917,-0.0639786422252655,0.4372676968080114,0.0,174.34726699313697,174.34726699313697,0.04180488781874221,0.28764599561691284,-0.10900431871414185,0.18169662139514223,1.0,6.990632612595384,0.3620161263228877,0,0,1,724.5727189743517,0.009555744690368814,0.18200558551148038,6.545531028010698,-25.770332957278264,-1.7779312309305613,6.999999999999998,7.172888153292986,0.0,0,0.3526401067528078,nan
GT+smooth-jitter_controlled_forward3x6_SoftMS_local_prior_3frame_causal_heading_continuous_waypoint_RNN_polynomial_Kalman,1,controlled_gt_jitter,8.0,-32.171866822075074,-4.837355860378661,-3.2904295204393312,-3.672266372349181,0,0,6,-28.761440613403643,-1.7153962173934472,-28.881437301635742,-1.16508948802948,-1,-28.76144027709961,-1.7153961658477783,-28.761440613403643,-1.7153962173934472,0.0,0,0.0,0.0,2,/yh/study/uav-sat/v36_GvsK/v36_training_data/routes/route_C/vi/vi_000002.jpg,-28.881437301635742,-1.16508948802948,10.149196069256064,0.08269170281191505,0,2.976644557493125,2.976644557493125,1,2.976644557493125,174.34727015796543,-0.041801722990300653,9.981830682021913,0.3039665965320094,-28.738491617619843,-1.402871495036116,0.2774414378474802,6.402529991763363,1,0.0,0,0,0.6896181540525332,1.0,13.031463623046875,4.083316802978516,0,0,6,18,1,174.13614531228336,-37.296630859375,-0.22260963916778564,-41.7426872253418,-1.6729679107666016,1,-41.7426872253418,-1.6729679107666016,22.883981704711914,1.9521608352661133,0.5510295629501343,0.19990262389183044,4.0,4.0,0,19.584169387817383,1.6295478343963623,9.560935383830621,6.962104797363281,5.356177806854248,0.6896181540525332,19.584169387817383,1.6295478343963623,14.12828060566638,1.6295478343963623,5.455888782151003,0.0,0.0,1,2.9917612936947258,2.991198069426529,-0.058049529790878296,0.6168632507324219,-0.09003132581710815,-0.7645886540412903,-0.0724024847149849,0.5268861286600727,0.0,174.43688542498904,174.43688542498904,0.08961526702361973,0.23571981489658356,-0.1240701898932457,0.10338717343251155,1.0,9.97149424886778,0.617162248867194,0,0,1,721.5918573380793,0.013630390624731367,0.1777018203882843,2.359781306760703,-28.761440613403643,-1.7153962173934472,2.991761293694727,2.976644557493125,0.015116736201602254,0,0.5632376954447724,nan
GT+smooth-jitter_controlled_forward3x6_SoftMS_local_prior_3frame_causal_heading_continuous_waypoint_RNN_polynomial_Kalman,1,controlled_gt_jitter,8.0,-35.01743958123959,-4.674853821484464,-3.1747004760149813,-3.8028744060677466,0,0,6,-31.737740657320014,-1.419845980545191,-31.84273910522461,-0.8719794154167175,-1,-31.737741470336914,-1.4198459386825562,-31.737740657320014,-1.419845980545191,0.0,0,0.0,0.0,3,/yh/study/uav-sat/v36_GvsK/v36_training_data/routes/route_C/vi/vi_000003.jpg,-31.84273910522461,-0.8719794154167175,13.12488189497482,0.1054019036524543,0,2.9757724856927044,2.9757724856927044,1,2.9757724856927044,174.34726770228437,-2.4556810541204664e-06,12.96147594739363,0.5415227327520054,-31.726523636366174,-1.322974810157508,0.46572833420287774,8.398649402514009,1,0.0,0,0,0.48020332622889433,1.0,15.878216743469238,4.223620414733887,0,0,6,18,1,174.2414043437262,-51.490604400634766,-0.13258513808250427,-47.65911102294922,-0.5178281664848328,1,-47.65911102294922,-0.5178281664848328,28.88956642150879,1.4312167167663574,0.5800948739051819,0.04262843728065491,4.0,4.0,0,25.416114807128906,1.0925406217575073,12.33080894952159,7.397387504577637,5.4325714111328125,0.48020332622889433,25.416114807128906,1.0925406217575073,16.53203509452309,1.0925406217575073,8.884079712605816,0.0,0.0,1,2.9909382965747846,2.9899816985258516,-0.0756395161151886,0.632591962814331,-0.09474945068359375,-0.7892488241195679,-0.07531369477510452,0.596458702350087,0.0,174.50645799867905,174.50645799867905,0.15919029639468818,0.23933300375938416,-0.12992188334465027,0.028077819856422475,1.0,12.962352550293422,0.6390372279756105,0,0,1,718.6009990366537,0.01771870135672431,0.16252934468139735,2.3431805228783733,-31.737740657320014,-1.419845980545191,2.990938296574781,2.9757724856927044,0.015165810882076691,0,0.5578372946012538,nan
GT+smooth-jitter_controlled_forward3x6_SoftMS_local_prior_3frame_causal_heading_continuous_waypoint_RNN_polynomial_Kalman,1,controlled_gt_jitter,8.0,-37.857903164306414,-4.508640038984245,-3.0537802395017297,-3.9297786832026897,0,0,6,-34.722689973977204,-1.2445589717841616,-34.80412292480469,-0.5788613557815552,-1,-34.72269058227539,-1.2445589303970337,-34.722689973977204,-1.2445589717841616,0.0,0,0.0,0.0,4,/yh/study/uav-sat/v36_GvsK/v36_training_data/routes/route_C/vi/vi_000004.jpg,-34.80412292480469,-0.5788613557815552,16.100650121172926,0.12811286366612776,0,2.9758548895661856,2.9758548895661856,1,2.9758548895661856,174.34727021093266,2.508648307008251e-06,15.951202854364674,0.5528872523181474,-34.70058361058239,-1.0170934600613903,0.45029742039140713,7.806280401171719,1,0.0,0,0,0.6975016044414417,1.0,18.72028350830078,4.359691143035889,1,1,6,18,1,174.3341731469721,-51.490604400634766,-0.13258513808250427,-48.001155853271484,-0.6078168153762817,1,-48.001155853271484,-0.6078168153762817,29.22013282775879,1.5569852590560913,0.5366960167884827,0.1412358283996582,4.0,4.0,1,25.55967140197754,1.1965703964233398,9.519174601299214,8.07652759552002,5.5526347160339355,0.6975016044414417,25.55967140197754,1.1965703964233398,20.11933226657864,1.1965703964233398,5.440339135398901,0.0,0.0,1,2.9900916304442235,2.9888503040712515,-0.08614997565746307,0.6715252995491028,-0.10082323849201202,-0.79413902759552,-0.07823402434587479,0.5989424366087387,0.0,174.5089417329377,174.5089417329377,0.16167152200503282,0.2759036421775818,-0.1370636224746704,0.0729150527486478,1.0,15.94905252159091,0.7814143325401804,0,0,1,715.6142990653561,0.021801327919165656,0.15159759958201668,2.304329590017083,-34.722689973977204,-1.2445589717841616,2.9900916304442267,2.9758548895661856,0.014236740878041054,0,0.6706598552411088,nan
GT+smooth-jitter_controlled_forward3x6_SoftMS_local_prior_3frame_causal_heading_continuous_waypoint_RNN_polynomial_Kalman,1,controlled_gt_jitter,8.0,-41.004842975164706,-4.304938624144119,-2.9277860903990813,-4.0527678229814,0,0,6,-38.02441231432699,-1.1656992328294344,-38.077056884765625,-0.2521708011627197,-1,-38.0244140625,-1.1656992435455322,-38.02441231432699,-1.1656992328294344,0.0,0,0.0,0.0,5,/yh/study/uav-sat/v36_GvsK/v36_training_data/routes/route_C/vi/vi_000005.jpg,-38.077056884765625,-0.2521708011627197,19.38977197054549,0.1504933176997437,0,3.2891979911131446,3.2891979911131446,1,3.2891979911131446,174.29985586865408,-0.047414342278598545,19.25037222933137,0.6871940667940638,-37.99538272037667,-0.800631659201228,0.5545087753399139,7.40614874445323,1,0.0,0,0,0.711562599424161,1.0,21.871074676513672,4.490999698638916,0,0,6,18,1,174.39534213338376,-56.221927642822266,-0.10258004069328308,-52.5034294128418,-0.8193946480751038,1,-52.5034294128418,-0.8193946480751038,33.67455291748047,2.2450175285339355,0.5111305713653564,0.23573988676071167,4.0,4.0,0,29.96540641784668,1.8796926736831665,10.716070845962003,8.396186828613281,5.611701011657715,0.711562599424161,29.96540641784668,1.8796926736831665,23.45716937774781,1.8796926736831665,6.5082370400988685,0.0,0.0,1,3.3026639658301336,3.30131970774046,-0.09422026574611664,0.6992337107658386,-0.09918692708015442,-0.7722040414810181,-0.07610682398080826,0.6265949910720642,0.0,174.53659428740102,174.53659428740102,0.23673841874695686,0.31461381912231445,-0.1338077336549759,0.08573575269237652,1.0,19.240507779013075,1.0532811373928812,0,0,1,712.322843807934,0.026300535336106597,0.14926419153241355,2.589964280347306,-38.02441231432699,-1.1656992328294344,3.302663965830139,3.2891979911131446,0.013465974716994289,0,0.9150440679334062,nan
GT+smooth-jitter_controlled_forward3x6_SoftMS_local_prior_3frame_causal_heading_continuous_waypoint_RNN_polynomial_Kalman,1,controlled_gt_jitter,8.0,-44.1401860619692,-4.097777656010714,-2.796844234576623,-4.17163401722106,0,0,6,-41.32014778841321,-1.1351235639534398,-41.34334182739258,0.07385636121034622,-1,-41.32014846801758,-1.135123610496521,-41.32014778841321,-1.1351235639534398,0.0,0,0.0,0.0,6,/yh/study/uav-sat/v36_GvsK/v36_training_data/routes/route_C/vi/vi_000006.jpg,-41.34334182739258,0.07385636121034622,22.672211946844765,0.17282802228696428,0,3.282515961429067,3.282515961429067,1,3.282515961429067,174.29985092199666,-4.946657410540945e-06,22.534958796954353,0.9563292056778696,-41.289985330644775,-0.719784373495599,0.7954322922347261,6.680024451738978,1,0.0,0,0,0.6340645300186054,1.0,25.01070213317871,4.617638111114502,1,1,6,18,1,174.44478037661764,-51.490604400634766,-0.13258513808250427,-51.55649948120117,-1.331315040588379,1,-51.55649948120117,-1.331315040588379,32.67865753173828,2.6535887718200684,0.5491706132888794,0.09736958146095276,4.0,4.0,1,28.846281051635742,2.27243971824646,6.521311109320292,9.49711799621582,5.826007843017578,0.6340645300186054,28.846281051635742,2.27243971824646,26.528636254505518,2.27243971824646,2.317644797130224,0.0,0.0,1,3.2958773015204295,3.294451017941277,-0.0969519317150116,0.804017186164856,-0.09327352046966553,-0.6771748661994934,-0.06824324280023575,0.5619042417304636,0.0,174.47190353805942,174.47190353805942,0.17205261606276684,0.46665671467781067,-0.12282457947731018,0.09827412577852265,1.0,22.520887474271667,1.3725243700740544,0,0,1,709.0424641126754,0.030784603172668686,0.15132447257309778,2.478498775264211,-41.32014778841321,-1.1351235639534398,3.295877301520423,3.282515961429067,0.0133613400913557,0,1.209202391203892,nan
GT+smooth-jitter_controlled_forward3x6_SoftMS_local_prior_3frame_causal_heading_continuous_waypoint_RNN_polynomial_Kalman,1,controlled_gt_jitter,8.0,-47.2794025398481,-3.8854232629079872,-2.6610897041547403,-4.286173423125272,0,0,6,-44.6232563148382,-1.032294404081994,-44.61831283569336,0.40075016021728516,-1,-44.62325668334961,-1.0322943925857544,-44.6232563148382,-1.032294404081994,0.0,0,0.0,0.0,7,/yh/study/uav-sat/v36_GvsK/v36_training_data/routes/route_C/vi/vi_000007.jpg,-44.61831283569336,0.40075016021728516,25.963380910728766,0.19522249050012924,0,3.291245153591544,3.291245153591544,1,3.291245153591544,174.29985734525803,6.423261370735073e-06,25.824232490492456,1.2775955690143315,-44.59477924452042,-0.6902768486294613,1.0912807906064204,6.0585360675306905,1,0.0,0,0,0.7001777144110576,1.0,28.15472984313965,4.739523410797119,1,1,6,18,1,174.4542734857903,-51.490604400634766,-0.13258513808250427,-55.66274642944336,-1.0383422374725342,1,-55.66274642944336,-1.0383422374725342,36.79281234741211,2.797903299331665,0.4805496633052826,0.10871824622154236,4.0,4.0,1,32.92893981933594,2.4146463871002197,7.310598699291066,10.069746017456055,5.942046642303467,0.7001777144110576,32.92893981933594,2.4146463871002197,29.999721205122864,2.4146463871002197,2.929218614213073,0.0,0.0,1,3.304708727476804,3.3033450162207885,-0.0949288010597229,0.8899301886558533,-0.08849179744720459,-0.5894486308097839,-0.062107838690280914,0.5114345332102114,0.0,174.42143382953918,174.42143382953918,0.12157648428114384,0.5962492823600769,-0.11422808468341827,0.12458525242457842,1.0,25.81626402353418,1.620704087279246,0,0,1,705.747087563413,0.03528917074308347,0.14711688719458493,2.4013149649356906,-44.6232563148382,-1.032294404081994,3.304708727476803,3.291245153591544,0.013463573885259095,0,1.4330530908705952,nan
GT+smooth-jitter_controlled_forward3x6_SoftMS_local_prior_3frame_causal_heading_continuous_waypoint_RNN_polynomial_Kalman,1,controlled_gt_jitter,8.0,-50.45917713416896,-3.6691213481962457,-2.5206662393935693,-4.396186553770281,0,0,6,-47.96715083188105,-1.2207732615419675,-47.93851089477539,0.7270652055740356,-1,-47.9671516418457,-1.2207732200622559,-47.96715083188105,-1.2207732615419675,0.0,0,0.0,0.0,8,/yh/study/uav-sat/v36_GvsK/v36_training_data/routes/route_C/vi/vi_000008.jpg,-47.93851089477539,0.7270652055740356,29.29946028508333,0.2229906082666523,0,3.3361949374037283,3.3361949374037283,1,3.3361949374037283,174.38689418808866,0.08703684283063444,29.164219066869542,1.5293156382064081,-47.94262163806815,-0.5862353589353371,1.313306997982976,5.275222028380726,1,0.0,0,0,0.8089653225577251,1.0,31.339508056640625,4.861785888671875,0,0,6,18,1,174.44277961143848,-60.95325469970703,-0.07257647067308426,-59.24061584472656,-1.944286584854126,1,-59.24061584472656,-1.944286584854126,40.25437545776367,4.078312873840332,0.3340347111225128,0.468085914850235,4.0,4.0,0,36.35051345825195,3.698406219482422,7.861034570686833,11.104352951049805,6.1586174964904785,0.8089653225577251,36.35051345825195,3.698406219482422,33.638873703903286,3.698406219482422,2.711639754348667,0.0,0.0,1,3.3492021170449875,3.347955043335362,-0.09138844907283783,1.086338758468628,-0.07422226667404175,-0.36435872316360474,-0.046089883893728256,0.39317509045587673,0.0,174.30317438678483,174.30317438678483,0.08371980130382518,0.904805600643158,-0.09106045216321945,0.22059599718626646,1.0,29.121291362571483,2.162874825178889,0,0,1,702.4420602243756,0.039806930321755446,0.17816892251184768,2.2498561789351004,-47.96715083188105,-1.2207732615419675,3.3492021170449897,3.3361949374037283,0.013007179641261413,0,1.9480490086171438,nan
GT+smooth-jitter_controlled_forward3x6_SoftMS_local_prior_3frame_causal_heading_continuous_waypoint_RNN_polynomial_Kalman,1,controlled_gt_jitter,8.0,-53.63432066555253,-3.448109977798337,-2.375726152613076,-4.501478665428037,0,0,6,-51.31696734522899,-1.3213554557007172,-51.25859451293945,1.0533686876296997,-1,-51.31696701049805,-1.3213554620742798,-51.31696734522899,-1.3213554557007172,0.0,0,0.0,0.0,9,/yh/study/uav-sat/v36_GvsK/v36_training_data/routes/route_C/vi/vi_000009.jpg,-51.25859451293945,1.0533686876296997,32.635424637613376,0.25075808297800684,0,3.3360799142111426,3.3360799142111426,1,3.3360799142111426,174.38689958652537,5.39843670493681e-06,32.47161554564909,2.080927774190215,-51.28987356754699,-0.7838509883984046,1.8374859230051135,4.3765373161116665,1,0.0,0,0,0.8060507895386593,1.0,34.520179748535156,4.978874683380127,1,1,6,18,1,174.39391777213754,-60.95325469970703,-0.07257647067308426,-59.16958236694336,-1.9607295989990234,1,-59.16958236694336,-1.9607295989990234,40.18199920654297,4.087127208709717,0.3393338620662689,0.435945063829422,4.0,4.0,1,36.24575424194336,3.703845977783203,4.995827845427779,12.171813011169434,6.386791229248047,0.8060507895386593,36.24575424194336,3.703845977783203,36.24575424194336,3.703845977783203,0.0,0.0,0.0,1,3.351326222688616,3.3503241830776025,-0.08194705098867416,1.2990092039108276,-0.06092892959713936,-0.16269609332084656,-0.030711768195033073,0.3024053982026981,0.0,174.21240469453167,174.21240469453167,0.1744948919937088,1.21804678440094,-0.06985699385404587,0.22065571128960354,1.0,32.44153228120486,2.6182732146281165,0,0,1,699.1218193057422,0.044345485884210736,0.19389235640851865,2.037070710300315,-51.31696734522899,-1.3213554557007172,3.3513262226886136,3.3360799142111426,0.015246308477470993,0,2.375441463068683,nan
GT+smooth-jitter_controlled_forward3x6_SoftMS_local_prior_3frame_causal_heading_continuous_waypoint_RNN_polynomial_Kalman,1,controlled_gt_jitter,8.0,-56.81211971888854,-3.221498464653738,-2.2264301742108037,-4.601860140869864,0,0,6,-54.67440951762118,-1.2077175914135774,-54.585689544677734,1.3803616762161255,-1,-54.674407958984375,-1.2077175378799438,-54.67440951762118,-1.2077175914135774,0.0,0,0.0,0.0,10,/yh/study/uav-sat/v36_GvsK/v36_training_data/routes/route_C/vi/vi_000010.jpg,-54.585689544677734,1.3803616762161255,35.97843398474295,0.27858378703921627,0,3.343125149437609,3.343125149437609,1,3.343125149437609,174.38689254498414,-7.041541226928181e-06,35.800159554970506,2.5478861343163413,-54.64917271637637,-0.8950470348903528,2.2762941188845,3.6760594027015427,1,0.0,0,0,0.95,1.0,37.70408630371094,5.090676307678223,1,1,6,18,1,174.3303882083157,-60.95325469970703,-0.07257647067308426,-62.880714416503906,-1.3589057922363281,1,-62.880714416503906,-1.3589057922363281,43.93603515625,3.882415771484375,0.052550699561834335,0.9730297327041626,4.0,4.0,1,39.98872375488281,3.5070836544036865,5.148362403139541,13.059399604797363,6.592270851135254,0.95,39.98872375488281,3.5070836544036865,39.98872375488281,3.5070836544036865,0.0,0.0,0.0,1,3.359364747263578,3.3586272737656477,-0.07038708031177521,1.4526108503341675,-0.041686542332172394,-0.010537615977227688,-0.013546261936426163,0.3384895810725663,0.0,174.24848887740154,174.24848887740154,0.1384036675826136,1.4476031064987183,-0.039908330887556076,0.3415753367032388,1.0,35.792082544363375,2.8614695123089655,0,0,1,695.7712690425838,0.04892547236916835,0.18635144037957474,1.8905142991034416,-54.67440951762118,-1.2077175914135774,3.359364747263585,3.343125149437609,0.01623959782597595,0,2.589599492032269,nan
GT+smooth-jitter_controlled_forward3x6_SoftMS_local_prior_3frame_causal_heading_continuous_waypoint_RNN_polynomial_Kalman,1,controlled_gt_jitter,8.0,-60.00310017394988,-2.9941349974117815,-2.0729472808834766,-4.697146867795998,0,0,6,-58.03610143503994,-0.9046355295137904,-57.930152893066406,1.7030118703842163,-1,-58.036102294921875,-0.9046355485916138,-58.03610143503994,-0.9046355295137904,0.0,0,0.0,0.0,11,/yh/study/uav-sat/v36_GvsK/v36_training_data/routes/route_C/vi/vi_000011.jpg,-57.930152893066406,1.7030118703842163,39.338252900588046,0.31257039089075644,0,3.3599908089921726,3.3599908089921726,1,3.3599908089921726,174.48956105082624,0.10266850584209203,39.16696771713415,2.806867731238733,-58.02445570677896,-0.795380575862715,2.5001715613409075,3.9432706632311874,1,0.0,0,0,0.8389376418626682,1.0,40.901180267333984,5.203128814697266,0,0,6,18,1,174.30172345183388,-75.14722442626953,0.017425041645765305,-72.87466430664062,-0.2574639916419983,1,-72.87466430664062,-0.2574639916419983,53.99043655395508,3.8474535942077637,0.2795395851135254,0.6736024618148804,4.0,4.0,0,50.03438186645508,3.4935436248779297,11.159111325271484,13.830289840698242,6.757081985473633,0.8389376418626682,50.03438186645508,3.4935436248779297,43.724046232256484,3.4935436248779297,6.310335634198591,0.0,0.0,1,3.375326841045775,3.3748851727707727,-0.05460178107023239,1.6277822256088257,-0.027501823380589485,0.11219822615385056,0.0012637909967452288,0.3778685298041724,0.0,174.28786782613312,174.28786782613312,0.2016932246930996,1.6840219497680664,-0.01576414331793785,0.20472307105687101,1.0,39.166956805701105,2.9167416033147067,0,0,1,692.3963947812459,0.05353870819353923,0.17129609488694086,1.732208583383347,-58.03610143503994,-0.9046355295137904,3.375326841045774,3.3599908089921726,0.015336032053601567,0,2.609798853502153,nan
GT+smooth-jitter_controlled_forward3x6_SoftMS_local_prior_3frame_causal_heading_continuous_waypoint_RNN_polynomial_Kalman,1,controlled_gt_jitter,8.0,-63.19716989926891,-2.760813212779974,-1.9154545062024992,-4.787160611537908,0,0,6,-61.409664979636204,-0.6798233447766373,-61.281715393066406,2.0263473987579346,-1,-61.409664154052734,-0.6798233389854431,-61.409664979636204,-0.6798233447766373,0.0,0,0.0,0.0,12,/yh/study/uav-sat/v36_GvsK/v36_training_data/routes/route_C/vi/vi_000012.jpg,-61.281715393066406,2.0263473987579346,42.7052036112737,0.34662868104615124,0,3.367122964091891,3.367122964091891,1,3.367122964091891,174.48955328974614,-7.761080097181794e-06,42.547769677111454,2.8770447981355876,-61.393623146617024,-0.5064905005058615,2.535308890303465,4.009475561555868,1,0.0,0,0,0.8014352844989673,1.0,44.10197448730469,5.30998420715332,1,1,6,18,1,174.29687399084276,-75.14722442626953,0.017425041645765305,-72.09188842773438,-0.5506645441055298,1,-72.09188842773438,-0.5506645441055298,53.180973052978516,4.055954456329346,0.34772568941116333,0.6605954766273499,4.0,4.0,1,49.20703125,3.7017905712127686,7.316479614741736,15.037492752075195,7.015244483947754,0.8014352844989673,49.20703125,3.7017905712127686,47.00171670948362,3.7017905712127686,2.205314540516386,0.0,0.0,1,3.3810459192142464,3.3808128714103476,-0.03969680517911911,1.9059232473373413,-0.02007877267897129,0.28084123134613037,0.01374535821378231,0.26562562993497274,0.0,174.17562492626394,174.17562492626394,0.31392836348220204,2.0463831424713135,-0.0037190504372119904,0.25524369235475564,1.0,42.545332003066484,3.051101320721968,0,0,1,689.0180195838806,0.058156729572052555,0.15987160820721869,1.4611997167545496,-61.409664979636204,-0.6798233447766373,3.381045919214232,3.367122964091891,0.013922955122341207,0,2.7091938265590816,nan
GT+smooth-jitter_controlled_forward3x6_SoftMS_local_prior_3frame_causal_heading_continuous_waypoint_RNN_polynomial_Kalman,1,controlled_gt_jitter,8.0,-66.37869422885039,-2.522888190846916,-1.75413673373321,-4.871729381185051,0,0,6,-64.77655790009037,-0.5082447348644505,-64.62455749511719,2.3488411903381348,-1,-64.77655792236328,-0.5082447528839111,-64.77655790009037,-0.5082447348644505,0.0,0,0.0,0.0,13,/yh/study/uav-sat/v36_GvsK/v36_training_data/routes/route_C/vi/vi_000013.jpg,-64.62455749511719,2.3488411903381348,46.063393837491766,0.38059880592859824,0,3.3583620360007433,3.3583620360007433,1,3.3583620360007433,174.48956098622455,7.696478400713654e-06,45.91647002294119,3.022194433324798,-64.75871114812534,-0.29343375056892107,2.64567837538141,3.9934477995797906,1,0.0,0,0,0.7909009220040217,1.0,47.29078674316406,5.410931587219238,1,1,6,18,1,174.25443682491027,-75.14722442626953,0.017425041645765305,-74.55924987792969,-0.5773195624351501,1,-74.55924987792969,-0.5773195624351501,55.6315803527832,4.344222545623779,0.36687907576560974,0.5438863635063171,4.0,4.0,1,51.64720916748047,3.986114025115967,6.646708481286693,16.200439453125,7.261901378631592,0.7909009220040217,51.64720916748047,3.986114025115967,50.34144755845225,3.986114025115967,1.3057616090282185,0.0,0.0,1,3.371261953213329,3.371138019874707,-0.028906887397170067,2.172305107116699,-0.01627192460000515,0.42596694827079773,0.023437976837158203,0.09886162547021905,0.0,174.0088609217992,174.0088609217992,0.48070006442535645,2.3852927684783936,-0.0004372093826532364,0.27426283782997635,1.0,45.9114266435774,3.237686497805856,0,0,1,685.6519249433696,0.06275796422002801,0.1519671939143663,1.1860569288840441,-64.77655790009037,-0.5082447348644505,3.37126195321333,3.3583620360007433,0.012899917212586764,0,2.86112637034835,nan
GT+smooth-jitter_controlled_forward3x6_SoftMS_local_prior_3frame_causal_heading_continuous_waypoint_RNN_polynomial_Kalman,1,controlled_gt_jitter,8.0,-69.55184058670172,-2.2717350943544696,-1.5891864729321772,-4.950687788293679,0,0,6,-68.0942540985657,0.06349960850793757,-67.96265411376953,2.678952693939209,-1,-68.09425354003906,0.06349960714578629,-68.0942540985657,0.06349960850793757,0.0,0,0.0,0.0,14,/yh/study/uav-sat/v36_GvsK/v36_training_data/routes/route_C/vi/vi_000014.jpg,-67.96265411376953,2.678952693939209,49.417673528729765,0.4064907586608932,0,3.3543796207746035,3.3543796207746035,1,3.3543796207746035,174.35226120891338,-0.13729977731117612,49.277955645502225,3.2157288395745978,-68.12175830919652,-0.12925412485937038,2.8127103800692503,3.898918759293102,1,0.0,0,0,0.8228226559198275,1.0,50.47267150878906,5.497837066650391,1,1,6,18,1,174.16848524414715,-75.14722442626953,0.017425041645765305,-77.53230285644531,1.3930134773254395,1,-77.53230285644531,1.3930134773254395,58.79689025878906,2.7004218101501465,0.3088395595550537,0.666339635848999,4.0,4.0,1,54.80905532836914,2.330120325088501,5.724277108798708,16.50469970703125,7.326375961303711,0.8228226559198275,54.80905532836914,2.330120325088501,53.79071794928175,2.330120325088501,1.0183373790873897,0.0,0.0,1,3.366600608856946,3.3665290019248246,-0.021957658231258392,2.2043585777282715,-0.01865946687757969,0.41185227036476135,0.022452762350440025,0.0560481588031544,0.0,173.96604745513213,173.96604745513213,0.386213753781245,2.4102907180786133,-0.005075281485915184,0.31043620062561034,1.0,49.27105600271615,3.02114498038046,0,0,1,682.2922955842309,0.0673503612446341,0.146617526013614,1.150021043046332,-68.0942540985657,0.06349960850793757,3.3666006088569507,3.3543796207746035,0.012220988082347173,0,2.6187618062913454,nan
GT+smooth-jitter_controlled_forward3x6_SoftMS_local_prior_3frame_causal_heading_continuous_waypoint_RNN_polynomial_Kalman,1,controlled_gt_jitter,8.0,-72.72167642083015,-2.014801517293799,-1.4208036180957688,-5.023877397344458,0,0,6,-71.43273509159881,0.4952543122811015,-71.30087280273438,3.009075880050659,-1,-71.43273162841797,0.4952543079853058,-71.43273509159881,0.4952543122811015,0.0,0,0.0,0.0,15,/yh/study/uav-sat/v36_GvsK/v36_training_data/routes/route_C/vi/vi_000015.jpg,-71.30087280273438,3.009075880050659,52.77207584077711,0.43238404531839064,0,3.3545022482273783,3.3545022482273783,1,3.3545022482273783,174.35226782570203,6.616788657771396e-06,52.63727965813022,3.0010013261830055,-71.43934333305444,0.44065405748229747,2.5721517735958943,3.705949782883597,1,0.0,0,0,0.8225924240386859,1.0,53.65187454223633,5.578642845153809,1,1,6,18,1,174.09763200998776,-75.14722442626953,0.017425041645765305,-78.19568634033203,0.9990012645721436,1,-78.19568634033203,0.9990012645721436,59.414730072021484,3.1625893115997314,0.3092581629753113,0.7253183126449585,4.0,4.0,1,55.4245491027832,2.7881100177764893,3.547542707702161,16.937191009521484,7.420924186706543,0.8225924240386859,55.4245491027832,2.7881100177764893,55.4245491027832,2.7881100177764893,0.0,0.0,0.0,1,3.366283925202041,3.3662236554140654,-0.020143654197454453,2.2846131324768066,-0.0206478051841259,0.44657301902770996,0.022823592647910118,-0.036331216938325875,0.0,173.87366807939063,173.87366807939063,0.478599746311383,2.5078933238983154,-0.010826264508068562,0.13288566620929962,1.0,52.6365012808193,2.946008137441199,0,0,1,678.9268503061278,0.07195070825600727,0.13557455995780998,1.0698891157505717,-71.43273509159881,0.4952543122811015,3.3662839252020365,3.3545022482273783,0.01178167697465815,0,2.517277604438566,nan
GT+smooth-jitter_controlled_forward3x6_SoftMS_local_prior_3frame_causal_heading_continuous_waypoint_RNN_polynomial_Kalman,1,controlled_gt_jitter,8.0,-75.89219293237572,-1.751562239702852,-1.249195190676505,-5.091147067125948,0,0,6,-74.7801785491542,0.8786458273285316,-74.64299774169922,3.3395848274230957,-1,-74.78018188476562,0.8786458373069763,-74.7801785491542,0.8786458273285316,0.0,0,0.0,0.0,16,/yh/study/uav-sat/v36_GvsK/v36_training_data/routes/route_C/vi/vi_000016.jpg,-74.64299774169922,3.3395848274230957,56.13040328342148,0.4583081639295244,0,3.358427499879072,3.358427499879072,1,3.358427499879072,174.3522769203428,9.094640773354283e-06,56.00576674091622,2.925587198710959,-74.78081954700235,0.8730071876187742,2.4704250855267142,3.951681969704066,1,0.0,0,0,0.6833098070657626,1.0,56.832427978515625,5.6532511711120605,1,1,6,18,1,174.0192446369468,-84.5793228149414,4.835577011108398,-84.38565063476562,1.5745317935943604,1,-84.38565063476562,1.5745317935943604,65.63082122802734,3.2470033168792725,0.5624992847442627,0.24235057830810547,4.0,4.0,1,61.639408111572266,2.866285562515259,6.012278216174642,17.09722900390625,7.455837249755859,0.6833098070657626,61.639408111572266,2.866285562515259,60.13486871034707,2.866285562515259,1.5045394012251965,0.0,0.0,1,3.3693273446402827,3.369265460096921,-0.020420938730239868,2.314724922180176,-0.022316092625260353,0.4474851191043854,0.02248575910925865,-0.07007504616125984,0.0,173.8399242501677,173.8399242501677,0.5123526701750903,2.538451910018921,-0.014177851378917694,0.18353468641838633,1.0,56.00572756687192,2.9199123770034476,0,0,1,675.5576240200752,0.07655622366180762,0.12467571654956089,1.0437025776988964,-74.7801785491542,0.8786458273285316,3.36932734464028,3.358427499879072,0.010899844761207866,0,2.4647594884938435,nan
GT+smooth-jitter_controlled_forward3x6_SoftMS_local_prior_3frame_causal_heading_continuous_waypoint_RNN_polynomial_Kalman,1,controlled_gt_jitter,8.0,-79.04504930848647,-1.4897851898879475,-1.074575065322404,-5.152353282234139,0,0,6,-78.11734933790741,1.2055659479328646,-77.97047424316406,3.6625680923461914,-1,-78.11734771728516,1.2055659294128418,-78.11734933790741,1.2055659479328646,0.0,0,0.0,0.0,17,/yh/study/uav-sat/v36_GvsK/v36_training_data/routes/route_C/vi/vi_000017.jpg,-77.97047424316406,3.6625680923461914,59.473366553705844,0.49016143300360404,0,3.343115023031828,3.343115023031828,1,3.343115023031828,174.4559229287156,0.103646008372806,59.35880450700792,2.8984491039103433,-78.11205526311332,1.2557177058088067,2.4110109847084957,4.3511158234090495,1,0.0,0,0,0.6272508190906421,1.0,59.995262145996094,5.7274394035339355,1,1,6,18,1,173.95648250224113,-84.5793228149414,4.835577011108398,-89.48246765136719,1.734049916267395,1,-89.48246765136719,1.734049916267395,70.7157974243164,3.6291096210479736,0.6644247174263,0.13913577795028687,4.0,4.0,1,66.72381591796875,3.2510528564453125,7.758320529326832,17.299686431884766,7.499402046203613,0.6272508190906421,66.72381591796875,3.2510528564453125,63.333744259507185,3.2510528564453125,3.390071658461567,0.0,0.0,1,3.3531456333663234,3.353076940135996,-0.021463273093104362,2.3617959022521973,-0.021843530237674713,0.4741138815879822,0.023891055956482887,-0.15484884617937225,0.0,173.75515045014959,173.75515045014959,0.7007724785660089,2.5988166332244873,-0.016921674832701683,0.11351047151599349,1.0,59.35874807761904,2.9488794802890355,0,0,1,672.2046035093281,0.08113958681617225,0.11461847608680387,0.9813191207796308,-78.11734933790741,1.2055659479328646,3.3531456333663305,3.343115023031828,0.010030610334502477,0,2.461388191876193,nan
GT+smooth-jitter_controlled_forward3x6_SoftMS_local_prior_3frame_causal_heading_continuous_waypoint_RNN_polynomial_Kalman,1,controlled_gt_jitter,8.0,-82.19023924156076,-1.2222828543396256,-0.8971636800373276,-5.207360473892238,0,0,6,-81.4593049981855,1.3971809449160237,-81.29307556152344,3.9850776195526123,-1,-81.45930480957031,1.3971809148788452,-81.4593049981855,1.3971809449160237,0.0,0,0.0,0.0,18,/yh/study/uav-sat/v36_GvsK/v36_training_data/routes/route_C/vi/vi_000018.jpg,-81.29307556152344,3.9850776195526123,62.811431895017215,0.5219685554486524,0,3.3382168767026457,3.3382168767026457,1,3.3382168767026457,174.4559319058597,8.977144086200723e-06,62.70612230957733,2.927207065673285,-81.44353333913269,1.5822407842660344,2.407542813711343,4.920633612835852,1,0.0,0,0,0.35791583228472623,1.0,63.15108108520508,5.795121669769287,1,1,6,18,1,173.88601628100756,-94.07252502441406,0.1374056190252304,-89.4659423828125,-0.23170757293701172,1,-89.4659423828125,-0.23170757293701172,70.49081420898438,5.582019805908203,0.6583577990531921,0.010931283235549927,4.0,4.0,1,66.49738311767578,5.198699951171875,5.954666486341732,17.71908187866211,7.591553688049316,0.35791583228472623,66.49738311767578,5.198699951171875,65.94039084836032,4.867768188943083,0.5569922693154528,0.3309317622287915,0.0,1,3.3474443897298154,3.347374231958288,-0.021672414615750313,2.440683603286743,-0.02154691517353058,0.5143699645996094,0.025966964662075043,-0.22582910584907034,0.0,173.6841701904799,173.6841701904799,0.7717617153797931,2.6978137493133545,-0.019196882843971252,0.055628801796262936,1.0,62.70217186309178,3.1128957388391365,0,0,1,668.8611797238553,0.08570983186497083,0.10926003192543732,0.8975332734159025,-81.4593049981855,1.3971809449160237,3.3474443897298145,3.3382168767026457,0.009227513027168843,0,2.59322992120022,nan
GT+smooth-jitter_controlled_forward3x6_SoftMS_local_prior_3frame_causal_heading_continuous_waypoint_RNN_polynomial_Kalman,1,controlled_gt_jitter,8.0,-85.33777794085835,-0.947976868558337,-0.7171877308974134,-5.2560413293127315,0,0,6,-84.80501475584663,1.1927161305274643,-84.62059020996094,4.3080644607543945,-1,-84.80501556396484,1.192716121673584,-84.80501475584663,1.1927161305274643,0.0,0,0.0,0.0,19,/yh/study/uav-sat/v36_GvsK/v36_training_data/routes/route_C/vi/vi_000019.jpg,-84.62059020996094,4.3080644607543945,66.15443347640014,0.5538223154596866,0,3.343153337069008,3.343153337069008,1,3.343153337069008,174.45592508617608,-6.819683594344377e-06,66.05405386225993,3.0912923482646812,-84.78997864971801,1.7742653781918127,2.5394547120038027,4.6982604837746225,1,0.0,0,0,0.6767437564170733,1.0,66.3099594116211,5.856287956237793,1,1,6,18,1,173.81537014698833,-94.07252502441406,0.1374056190252304,-93.74943542480469,-0.04509073495864868,1,-93.74943542480469,-0.04509073495864868,74.76992797851562,5.850894451141357,0.5744375586509705,0.3738194704055786,4.0,4.0,1,70.77641296386719,5.476978778839111,6.752789345557916,17.821983337402344,7.611891746520996,0.6767437564170733,70.77641296386719,5.476978778839111,70.16509919240688,5.476978778839111,0.611313771460301,0.0,0.0,1,3.351951617018335,3.3518819991681568,-0.02160339057445526,2.47715163230896,-0.020722530782222748,0.5282459259033203,0.02744521014392376,-0.29752730911398667,0.0,173.61247198721497,173.61247198721497,0.8434530989611151,2.741201400756836,-0.021234743297100067,0.23375264077377836,1.0,66.00730823963167,3.671154796360414,0,0,1,665.5560433473154,0.09022774049088848,0.1471252367684741,0.8660017047600479,-84.80501475584663,1.1927161305274643,3.351951617018333,3.343153337069008,0.008798279949325138,0,3.1208024019109035,nan
GT+smooth-jitter_controlled_forward3x6_SoftMS_local_prior_3frame_causal_heading_continuous_waypoint_RNN_polynomial_Kalman,1,controlled_gt_jitter,8.0,-88.45408456371345,-0.6748091666309008,-0.534879851799391,-5.298277088841594,0,0,6,-88.12958289230993,1.270600200789453,-87.91920471191406,4.623467922210693,-1,-88.12958526611328,1.2706001996994019,-88.12958289230993,1.270600200789453,0.0,0,0.0,0.0,20,/yh/study/uav-sat/v36_GvsK/v36_training_data/routes/route_C/vi/vi_000020.jpg,-87.91920471191406,4.623467922210693,69.46789348518799,0.5901506261511676,0,3.313659152054429,3.313659152054429,1,3.313659152054429,174.5381570162115,0.08223193003539603,69.33272147916625,3.6500358779266286,-88.10942042278141,1.5665107408644867,3.0628694430623247,4.476722886511468,1,0.0,0,0,0.6935630755460636,1.0,69.43766021728516,5.915272235870361,1,1,6,18,1,173.74435578973365,-94.07252502441406,0.1374056190252304,-96.83643341064453,0.8900841474533081,1,-96.83643341064453,0.8900841474533081,77.938720703125,5.248498439788818,0.5438569784164429,0.26453065872192383,4.0,4.0,1,73.94428253173828,4.858974933624268,6.18554119411943,17.983993530273438,7.6471452713012695,0.6935630755460636,73.94428253173828,4.858974933624268,73.49001993691793,4.858974933624268,0.4542625948203538,0.0,0.0,1,3.32548029950377,3.3254132395345803,-0.02111891843378544,2.493288516998291,-0.023755261674523354,0.5264613032341003,0.025581354275345802,-0.3290013277375079,0.0,173.58099796859145,173.58099796859145,0.9571590476200323,2.756410598754883,-0.026792678982019424,0.21217410639333367,1.0,69.32137685311329,3.946415486477395,0,0,1,662.2419747338338,0.09475785890960446,0.14651663207469312,0.8203706350561379,-88.12958289230993,1.270600200789453,3.325480299503761,3.313659152054429,0.011821147449332159,0,3.3594614056623917,nan
GT+smooth-jitter_controlled_forward3x6_SoftMS_local_prior_3frame_causal_heading_continuous_waypoint_RNN_polynomial_Kalman,1,controlled_gt_jitter,8.0,-91.57134162203774,-0.39479509897543785,-0.3504782797525856,-5.333957830146092,0,0,6,-91.43937906079985,1.6229572917161246,-91.22086334228516,4.939162731170654,-1,-91.43937683105469,1.6229573488235474,-91.43937906079985,1.6229572917161246,0.0,0,0.0,0.0,21,/yh/study/uav-sat/v36_GvsK/v36_training_data/routes/route_C/vi/vi_000021.jpg,-91.22086334228516,4.939162731170654,72.78441135198993,0.6265121867853535,0,3.3167171908241126,3.3167171908241126,1,3.3167171908241126,174.53815224892415,-4.76728733216944e-06,72.6497994285816,3.9238465788886745,-91.43682708178524,1.646155879296185,3.3000809782899365,4.330025155235236,1,0.0,0,0,0.6590209858453646,1.0,72.56703186035156,5.967550277709961,1,1,6,18,1,173.68718055633593,-94.07252502441406,0.1374056190252304,-97.16352844238281,1.791059970855713,1,-97.16352844238281,1.791059970855713,78.35955810546875,4.3873090744018555,0.5990804433822632,0.11833232641220093,4.0,4.0,1,74.36476135253906,3.996342897415161,3.721997466756181,18.12628936767578,7.676517486572266,0.6590209858453646,74.36476135253906,3.996342897415161,74.36476135253906,3.996342897415161,0.0,0.0,0.0,1,3.3284990906528544,3.328422575468315,-0.02256890758872032,2.5263428688049316,-0.02408893033862114,0.5427629351615906,0.02607402577996254,-0.39974917421244044,0.0,173.51025012211653,173.51025012211653,1.0279021268076327,2.797579288482666,-0.030571039766073227,0.03451341133947243,1.0,72.64987585481784,3.9471849854673406,0,0,1,658.9134757321292,0.09930770273992234,0.13453549717209512,0.790374322019181,-91.43937906079985,1.6229572917161246,3.328499090652856,3.3167171908241126,0.011781899828743558,0,3.3233970024518293,nan
GT+smooth-jitter_controlled_forward3x6_SoftMS_local_prior_3frame_causal_heading_continuous_waypoint_RNN_polynomial_Kalman,1,controlled_gt_jitter,8.0,-94.68070599845352,-0.10870264839758281,-0.1642265062660167,-5.362982738729614,0,0,6,-94.75774086367981,1.7667680427442276,-94.5164794921875,5.254280090332031,-1,-94.75774383544922,1.7667680978775024,-94.75774086367981,1.7667680427442276,0.0,0,0.0,0.0,22,/yh/study/uav-sat/v36_GvsK/v36_training_data/routes/route_C/vi/vi_000022.jpg,-94.5164794921875,5.254280090332031,76.0948595772578,0.6628068883662477,0,3.3106471810723033,3.3106471810723033,1,3.3106471810723033,174.53814683473013,-5.4141940379396535e-06,75.97126995919955,3.923780064993646,-94.73954575148993,1.9985986107741827,3.2633143355146097,4.5032391380915415,1,0.0,0,0,0.6497918086088077,1.0,75.68920135498047,6.012946605682373,1,1,6,18,1,173.62525489969008,-108.23594665527344,4.985533714294434,-105.08885192871094,1.3963853120803833,1,-105.08885192871094,1.3963853120803833,86.19828033447266,5.620558261871338,0.6234411001205444,0.1828862726688385,4.0,4.0,1,82.20326232910156,5.237046241760254,7.631267905195755,18.33331871032715,7.7203874588012695,0.6497918086088077,82.20326232910156,5.237046241760254,80.00819743287377,5.237046241760254,2.1950648962277954,0.0,0.0,1,3.321476567270045,3.321394104381716,-0.0234049204736948,2.581113815307617,-0.022629769518971443,0.5721216201782227,0.028380203992128372,-0.48407364916878654,0.0,173.42592564716017,173.42592564716017,1.112221187569941,2.8670010566711426,-0.03266291320323944,0.15344795634762134,1.0,75.96476735729907,4.156232620473722,0,0,1,655.598584229648,0.10383894599491918,0.13009221995872622,0.7295333657646861,-94.75774086367981,1.7667680427442276,3.3214765672700484,3.3106471810723033,0.010829386197745094,0,3.4958471550461736,nan
GT+smooth-jitter_controlled_forward3x6_SoftMS_local_prior_3frame_causal_heading_continuous_waypoint_RNN_polynomial_Kalman,1,controlled_gt_jitter,8.0,-97.69194145789577,0.1857030186390718,0.02362708458470621,-5.3852603640818755,0,0,6,-97.98294687371714,1.7640963208234224,-97.71556854248047,5.570963382720947,-1,-97.98294830322266,1.7640963792800903,-97.98294687371714,1.7640963208234224,0.0,0,0.0,0.0,23,/yh/study/uav-sat/v36_GvsK/v36_training_data/routes/route_C/vi/vi_000023.jpg,-97.71556854248047,5.570963382720947,79.30949158678443,0.6873038822501643,0,3.214725347425912,3.214725347425912,1,3.214725347425912,174.3466113837684,-0.19153545096171554,79.18989261528974,4.133254031535009,-97.96222723343254,2.1317722226490545,3.448024991982924,4.771660148408928,1,0.0,0,0,0.6160823600328341,1.0,78.71467590332031,6.039665699005127,1,1,6,18,1,173.55548966664068,-108.23594665527344,4.985533714294434,-109.33079528808594,0.12233428657054901,1,-109.33079528808594,0.12233428657054901,90.28112030029297,7.337449073791504,0.6847310066223145,0.17200182378292084,4.0,4.0,1,86.28609466552734,6.96463680267334,9.384982637818439,18.421688079833984,7.738413333892822,0.6160823600328341,86.28609466552734,6.96463680267334,83.13411910538002,6.499789925589186,3.1519755601473136,0.4648468770841543,0.0,1,3.2252071166483227,3.225125257990668,-0.022978588938713074,2.609696865081787,-0.021634522825479507,0.5812205076217651,0.029790841042995453,-0.5341045713957183,0.0,173.37589472493323,173.37589472493323,0.9707166588351569,2.900118350982666,-0.03377474099397659,0.1443044496230697,1.0,79.1714883898034,4.501053102715272,0,0,1,652.3918631971437,0.10822232718200044,0.1380031969810318,0.605028482344125,-97.98294687371714,1.7640963208234224,3.2252071166483103,3.214725347425912,0.010481769222398185,0,3.8162452750020144,nan
GT+smooth-jitter_controlled_forward3x6_SoftMS_local_prior_3frame_causal_heading_continuous_waypoint_RNN_polynomial_Kalman,1,controlled_gt_jitter,8.0,-101.00972747708201,0.5174177223000553,0.21282959078908495,-5.40070886079931,0,0,6,-101.51659331374887,1.6582339928133472,-101.2225570678711,5.918126583099365,-1,-101.51659393310547,1.6582340002059937,-101.51659331374887,1.6582339928133472,0.0,0,0.0,0.0,24,/yh/study/uav-sat/v36_GvsK/v36_training_data/routes/route_C/vi/vi_000024.jpg,-101.2225570678711,5.918126583099365,82.83351906261018,0.7141582030127935,0,3.5241297939943266,3.5241297939943266,1,3.5241297939943266,174.34660470596194,-6.677806479780026e-06,82.70665025410273,4.478813749207514,-101.49579857609595,2.161257387312827,3.7667926776060803,4.627511258972588,1,0.0,0,0,0.6115241752899065,1.0,82.0489273071289,6.0618085861206055,1,1,6,18,1,173.49263143570906,-108.23594665527344,4.985533714294434,-109.44000244140625,0.5094960927963257,1,-109.44000244140625,0.5094960927963257,90.4307861328125,6.964057922363281,0.6930186152458191,0.2258211076259613,4.0,4.0,1,86.43505859375,6.585982799530029,6.888353292814428,18.749103546142578,7.810005187988281,0.6115241752899065,86.43505859375,6.585982799530029,86.43505859375,6.585982799530029,0.0,0.0,0.0,1,3.535231816393475,3.535161864299323,-0.022239353507757187,2.6757407188415527,-0.02162456326186657,0.614139974117279,0.03133457154035568,-0.6044042400672217,0.0,173.30559505626175,173.30559505626175,1.0410096497001806,2.982581853866577,-0.0374215692281723,0.1866125568130794,1.0,82.67396161396154,4.9812044431236675,0,0,1,648.8893899729856,0.11300998257310277,0.1595574486486413,0.8483890751527738,-101.51659331374887,1.6582339928133472,3.5352318163934653,3.5241297939943266,0.011102022399138711,0,4.27002835993669,nan
GT+smooth-jitter_controlled_forward3x6_SoftMS_local_prior_3frame_causal_heading_continuous_waypoint_RNN_polynomial_Kalman,1,controlled_gt_jitter,8.0,-104.00924479533505,0.8246352730834534,0.4031239790790157,-5.409256214038129,0,0,6,-104.73293705615117,1.7685297096127766,-104.41236877441406,6.233891487121582,-1,-104.73294067382812,1.7685296535491943,-104.73293705615117,1.7685297096127766,0.0,0,0.0,0.0,25,/yh/study/uav-sat/v36_GvsK/v36_training_data/routes/route_C/vi/vi_000025.jpg,-104.41236877441406,6.233891487121582,86.03882865299984,0.7385841639326067,0,3.2054026576720007,3.2054026576720007,1,3.2054026576720007,174.34661153058437,6.824622435987066e-06,85.89212142214284,4.959303223040431,-104.71426784202815,2.0214279157092996,4.223267974862805,5.046933666299687,1,0.0,0,0,0.45648552048567687,1.0,85.0641098022461,6.074545383453369,1,1,6,18,1,173.42716868822828,-108.23594665527344,4.985533714294434,-112.5684585571289,-0.7538155913352966,1,-112.5684585571289,-0.7538155913352966,93.40756225585938,8.552140235900879,0.8112327456474304,0.0839916467666626,4.0,4.0,1,89.41178131103516,8.183500289916992,8.173346056315596,18.880584716796875,7.836413383483887,0.45648552048567687,89.41178131103516,8.183500289916992,89.39745660347845,7.062504331841797,0.014324707556709004,1.1209959580751945,0.0,1,3.2182343318090845,3.2181598081813045,-0.021901220083236694,2.712979793548584,-0.020399512723088264,0.6297398209571838,0.03306201472878456,-0.6676571278668288,0.0,173.24234216846213,173.24234216846213,1.1042693621222237,3.0275990962982178,-0.0391504168510437,0.07830152805437726,1.0,85.88385516952857,5.212754818558249,0,0,1,645.6794964174185,0.1173977003949482,0.1549734834712666,0.49242286412341674,-104.73293705615117,1.7685297096127766,3.2182343318090965,3.2054026576720007,0.012831674137095739,0,4.476853786677926,nan
GT+smooth-jitter_controlled_forward3x6_SoftMS_local_prior_3frame_causal_heading_continuous_waypoint_RNN_polynomial_Kalman,1,controlled_gt_jitter,8.0,-107.15871072211448,1.123713555976237,0.59424948296365,-5.410840448692952,0,0,6,-108.09879757713449,1.701818482885927,-107.75296020507812,6.5345540046691895,-1,-108.09880065917969,1.7018184661865234,-108.09879757713449,1.701818482885927,0.0,0,0.0,0.0,26,/yh/study/uav-sat/v36_GvsK/v36_training_data/routes/route_C/vi/vi_000026.jpg,-107.75296020507812,6.5345540046691895,89.39246481796275,0.7940235825542844,0,3.3540943719705076,3.3540943719705076,1,3.3540943719705076,174.8570774066391,0.5104658760547297,89.25031076361617,5.191679536312375,-108.07815808344142,2.146635135467167,4.399952915974345,5.1638834596524905,1,0.0,0,0,0.6064129816329852,1.0,88.22753143310547,6.111283779144287,1,1,6,18,1,173.3624793796297,-117.7291488647461,0.28734686970710754,-116.01701354980469,-1.2797640562057495,1,-116.01701354980469,-1.2797640562057495,96.78085327148438,9.44097900390625,0.7023116946220398,0.20415903627872467,4.0,4.0,1,92.78468322753906,9.073882102966309,8.947804359523513,19.09656524658203,7.883537769317627,0.6064129816329852,92.78468322753906,9.073882102966309,92.78468322753906,7.5422609560068,0.0,1.5316211469595085,0.0,1,3.3665215630507177,3.366455594087601,-0.021075282245874405,2.759676694869995,-0.020575474947690964,0.6464607119560242,0.034041184931993484,-0.7142821335754516,0.0,173.1957171627535,173.1957171627535,1.6613602438855763,3.08262300491333,-0.04198690131306648,0.12243774974763132,1.0,89.22364294015837,5.636175509641166,0,0,1,642.3397086467887,0.12196297524556086,0.16882187780437619,0.5944176771005125,-108.09879757713449,1.701818482885927,3.366521563050725,3.3540943719705076,0.01242719108021717,0,4.845094025033631,nan
GT+smooth-jitter_controlled_forward3x6_SoftMS_local_prior_3frame_causal_heading_continuous_waypoint_RNN_polynomial_Kalman,1,controlled_gt_jitter,8.0,-110.30635840363337,1.429694166922677,0.785942011405693,-5.405409821724784,0,0,6,-111.46086220979342,1.5315883938279367,-111.09230041503906,6.835103988647461,-1,-111.46086120605469,1.5315884351730347,-111.46086220979342,1.5315883938279367,0.0,0,0.0,0.0,27,/yh/study/uav-sat/v36_GvsK/v36_training_data/routes/route_C/vi/vi_000027.jpg,-111.09230041503906,6.835103988647461,92.74484488477195,0.8494421569826306,0,3.3528381008827877,3.3528381008827877,1,3.3528381008827877,174.85707604890592,-1.3577331716404243e-06,92.58995014853963,5.615375120291706,-111.44390021967202,2.0796348248897374,4.768449369561191,5.176415887454002,1,0.0,0,0,0.5727038936651125,1.0,91.38987731933594,6.140965461730957,1,1,6,18,1,173.30411258504674,-117.7291488647461,0.28734686970710754,-116.89797973632812,-0.7878795266151428,1,-116.89797973632812,-0.7878795266151428,97.70903015136719,9.045332908630371,0.7636009454727173,0.17772257328033447,4.0,4.0,1,93.71266174316406,8.681406021118164,7.891535176409766,19.260345458984375,7.918072700500488,0.5727038936651125,93.71266174316406,8.681406021118164,93.71266174316406,7.910336544839142,0.0,0.7710694762790227,0.0,1,3.3663714705000487,3.366307208381251,-0.020800389349460602,2.7964515686035156,-0.020482495427131653,0.662774920463562,0.03492355719208717,-0.776416097650793,0.0,173.13358319867817,173.13358319867817,1.723492850227746,3.1275110244750977,-0.045404545962810516,0.04731996131072085,1.0,92.54867387294004,6.162128143860011,0,0,1,639.014677714007,0.1265080784489524,0.19617101183190755,0.556386532279272,-111.46086220979342,1.5315883938279367,3.3663714705000554,3.3528381008827877,0.013533369617267699,0,5.316306561988919,nan
GT+smooth-jitter_controlled_forward3x6_SoftMS_local_prior_3frame_causal_heading_continuous_waypoint_RNN_polynomial_Kalman,1,controlled_gt_jitter,8.0,-113.45287445360391,1.7426565889334,0.9779345673921784,-5.392922997095653,0,0,6,-114.82360969939408,1.34858532522178,-114.4308090209961,7.135579586029053,-1,-114.8236083984375,1.3485853672027588,-114.82360969939408,1.34858532522178,0.0,0,0.0,0.0,28,/yh/study/uav-sat/v36_GvsK/v36_training_data/routes/route_C/vi/vi_000028.jpg,-114.4308090209961,7.135579586029053,96.09639014904182,0.9048464728894502,0,3.3520031767095606,3.3520031767095606,1,3.3520031767095606,174.85706821614917,-7.83275674670557e-06,95.91633409760098,6.1415025972854185,-114.80732878199234,1.9093744220105577,5.239750714188057,5.061662565460667,1,0.0,0,0,0.6155909823215381,1.0,94.55183410644531,6.1635847091674805,1,1,6,18,1,173.24442729714968,-117.7291488647461,0.28734686970710754,-121.81660461425781,-0.8466231822967529,1,-121.81660461425781,-0.8466231822967529,102.59366607666016,9.625564575195312,0.6856244206428528,0.40221744775772095,4.0,4.0,1,98.59696197509766,9.252416610717773,8.714056843011022,19.351577758789062,7.939336776733398,0.6155909823215381,98.59696197509766,9.252416610717773,98.59696197509766,8.507227718115956,0.0,0.7451888926018171,0.0,1,3.367723385602633,3.367660224660938,-0.02062554657459259,2.8029062747955322,-0.02098824828863144,0.658251941204071,0.034776389598846436,-0.7587470385982048,0.0,173.15125225773076,173.15125225773076,1.7058159584184114,3.1317098140716553,-0.04507488012313843,0.10393853025448045,1.0,95.87302871668055,6.700854117648017,0,0,1,635.6903228702665,0.13105225748215457,0.2233614323612727,0.5490969019140284,-114.82360969939408,1.34858532522178,3.36772338560263,3.3520031767095606,0.015720208893069465,0,5.800309900993759,nan
GT+smooth-jitter_controlled_forward3x6_SoftMS_local_prior_3frame_causal_heading_continuous_waypoint_RNN_polynomial_Kalman,1,controlled_gt_jitter,8.0,-116.59184499771482,2.0926494467956607,1.1699576756250227,-5.373349202801507,0,0,6,-118.18293775621885,1.5484367208330774,-117.76180267333984,7.465998649597168,-1,-118.18293762207031,1.5484367609024048,-118.18293775621885,1.5484367208330774,0.0,0,0.0,0.0,29,/yh/study/uav-sat/v36_GvsK/v36_training_data/routes/route_C/vi/vi_000029.jpg,-117.76180267333984,7.465998649597168,99.44363958894651,0.9296790438657533,0,3.347341552564301,3.347341552564301,1,3.347341552564301,174.33505737306209,-0.5220108430870862,99.23823181482099,6.680029085503232,-118.16761184839794,1.7263090353000683,5.754017549072241,5.595615673548078,1,0.0,0,0,0.3952614674306289,1.0,97.71022033691406,6.1485819816589355,1,1,6,18,1,173.21181602534895,-127.1917953491211,0.3473126292228699,-128.0115966796875,-1.6413650512695312,1,-128.0115966796875,-1.6413650512695312,108.66938018798828,11.073051452636719,0.8944546580314636,0.0778108462691307,4.0,4.0,1,104.6723861694336,10.696574211120605,11.078448989416392,19.544761657714844,7.98128080368042,0.3952614674306289,104.6723861694336,10.696574211120605,102.57520085025521,8.68221050676377,2.0971853191783723,2.0143637043568354,0.0,1,3.3652675337479203,3.365203098140434,-0.020825032144784927,2.8420495986938477,-0.021789586171507835,0.6769336462020874,0.03508167341351509,-0.8087741188437284,0.0,173.10122517748525,173.10122517748525,1.2338321955768485,3.1801395416259766,-0.04914227873086929,0.042583186717419216,1.0,99.2346006610882,6.858523506780052,0,0,1,632.3287509258589,0.1356473098957501,0.20903892785831601,0.5052919538704534,-118.18293775621885,1.5484367208330774,3.3652675337479243,3.347341552564301,0.017925981183623207,0,5.93252846084953,nan
GT+smooth-jitter_controlled_forward3x6_SoftMS_local_prior_3frame_causal_heading_continuous_waypoint_RNN_polynomial_Kalman,1,controlled_gt_jitter,8.0,-119.72814970783507,2.449460857153868,1.3617398185321128,-5.346668369530702,0,0,6,-121.5417007928386,1.6765134236168446,-121.08988952636719,7.79612922668457,-1,-121.54170227050781,1.676513433456421,-121.5417007928386,1.6765134236168446,0.0,0,0.0,0.0,30,/yh/study/uav-sat/v36_GvsK/v36_training_data/routes/route_C/vi/vi_000030.jpg,-121.08988952636719,7.79612922668457,102.78796802844585,0.9544900893408245,0,3.344420472850492,3.344420472850492,1,3.344420472850492,174.33505985390795,2.4808458572045803e-06,102.59573688549926,6.837167970945024,-121.52283970157842,1.9262564838716214,5.885817859145307,6.043980500235417,1,0.0,0,0,0.41881932261947546,1.0,100.86668395996094,6.126516819000244,1,1,6,18,1,173.17310923660077,-127.1917953491211,0.3473126292228699,-128.11312866210938,-1.6791760921478271,1,-128.11312866210938,-1.6791760921478271,108.7663345336914,11.121420860290527,0.8875794410705566,0.0857214406132698,4.0,4.0,1,104.7694320678711,10.753371238708496,9.997213187632264,19.521326065063477,7.974795341491699,0.41881932261947546,104.7694320678711,10.753371238708496,104.7694320678711,8.878219853267158,0.0,1.8751513854413377,0.0,1,3.3612040666938197,3.361136224411065,-0.021355535835027695,2.843329429626465,-0.021323643624782562,0.6721575260162354,0.035439446568489075,-0.8301165390093143,0.0,173.07988275731964,173.07988275731964,1.2551770965882916,3.1790220737457275,-0.04966604337096214,0.028183688764161212,1.0,102.58799615827597,7.087502583116416,0,0,1,628.9753554286712,0.14023118563243567,0.1999718701698754,0.5010910432240272,-121.5417007928386,1.6765134236168446,3.3612040666938205,3.344420472850492,0.016783593843328504,0,6.136271750637087,nan
GT+smooth-jitter_controlled_forward3x6_SoftMS_local_prior_3frame_causal_heading_continuous_waypoint_RNN_polynomial_Kalman,1,controlled_gt_jitter,8.0,-122.86560173936792,2.813451495763525,1.553007879772704,-5.31287125051333,0,0,6,-124.8819813309016,2.0501705435707853,-124.41860961914062,8.126322746276855,-1,-124.8819808959961,2.050170660018921,-124.8819813309016,2.0501705435707853,0.0,0,0.0,0.0,31,/yh/study/uav-sat/v36_GvsK/v36_training_data/routes/route_C/vi/vi_000031.jpg,-124.41860961914062,8.126322746276855,106.1329328115906,0.979305728273508,0,3.345056833061935,3.345056833061935,1,3.345056833061935,174.33505767050366,-2.1834042763930427e-06,105.94904337695812,7.066164587810759,-124.88151609565955,2.054306302450847,6.089635957928571,6.2407321840376015,1,0.0,0,0,0.359221169534959,1.0,104.0250473022461,6.097434043884277,1,1,6,18,1,173.1404799821926,-127.1917953491211,0.3473126292228699,-131.557373046875,2.375340461730957,1,-131.557373046875,2.375340461730957,112.62128448486328,7.4551873207092285,0.9297674894332886,0.07116355001926422,4.0,4.0,1,108.62407684326172,7.073243618011475,6.583454836976897,19.64242172241211,8.001813888549805,0.359221169534959,108.62407684326172,7.073243618011475,108.62407684326172,7.073243618011475,0.0,0.0,0.0,1,3.3611149513598444,3.361047218682151,-0.021337995305657387,2.859610080718994,-0.02253703400492668,0.6823487281799316,0.03495221585035324,-0.8545489794440961,0.0,173.05545031688487,173.05545031688487,1.2796073536187973,3.200352907180786,-0.052797310054302216,0.029510549102729277,1.0,105.9490672217517,7.070326363485909,0,0,1,625.6142843651953,0.14482555337404643,0.1838655898389021,0.4854467523429409,-124.8819813309016,2.0501705435707853,3.3611149513598475,3.345056833061935,0.016058118297912483,0,6.093795117470731,nan
GT+smooth-jitter_controlled_forward3x6_SoftMS_local_prior_3frame_causal_heading_continuous_waypoint_RNN_polynomial_Kalman,1,controlled_gt_jitter,8.0,-126.00714564535505,3.207167408072479,1.7434875943910444,-5.271959522164337,0,0,6,-128.23105478560956,2.3815765356064214,-127.7506332397461,8.479126930236816,-1,-128.23104858398438,2.3815765380859375,-128.23105478560956,2.3815765356064214,0.0,0,0.0,0.0,32,/yh/study/uav-sat/v36_GvsK/v36_training_data/routes/route_C/vi/vi_000032.jpg,-127.7506332397461,8.479126930236816,109.48358125655275,0.9819887797471901,0,3.3506495191966037,3.3506495191966037,1,3.3506495191966037,173.9558792193726,-0.37917845113105497,109.31442590219666,7.048328896802521,-128.22601379996718,2.429076577333454,6.068698044037305,6.548002275744719,1,0.0,0,0,0.3733554350173846,1.0,107.19062805175781,6.039228439331055,1,1,6,18,1,173.11071962067922,-141.38577270507812,0.4372498095035553,-136.91819763183594,2.6652259826660156,1,-136.91819763183594,2.6652259826660156,117.98260498046875,7.735670566558838,0.9156420826911926,0.07370966672897339,4.0,4.0,1,113.98548126220703,7.360186576843262,7.8069527217596715,19.593326568603516,7.990325450897217,0.3733554350173846,113.98548126220703,7.360186576843262,112.59115334849447,7.360186576843262,1.394327913712563,0.0,0.0,1,3.3654305722428335,3.3653586804449596,-0.021997466683387756,2.8534533977508545,-0.02224312722682953,0.672956645488739,0.035031434148550034,-0.8507126009255175,0.0,173.05928669540344,173.05928669540344,0.8965925239691634,3.189509868621826,-0.052088413387537,0.035270272322325665,1.0,109.31439913396201,7.0960956716965615,0,0,1,622.2489524529851,0.14942574542154313,0.1691821225907404,0.4971961214457492,-128.23105478560956,2.3815765356064214,3.3654305722428224,3.3506495191966037,0.014781053046218684,0,6.116447144935296,nan
GT+smooth-jitter_controlled_forward3x6_SoftMS_local_prior_3frame_causal_heading_continuous_waypoint_RNN_polynomial_Kalman,1,controlled_gt_jitter,8.0,-129.14581608802402,3.607567539682254,1.9329040047494315,-5.223945865163937,0,0,6,-131.57515822372062,2.711083772158614,-131.07872009277344,8.831513404846191,-1,-131.57516479492188,2.7110838890075684,-131.57515822372062,2.711083772158614,0.0,0,0.0,0.0,33,/yh/study/uav-sat/v36_GvsK/v36_training_data/routes/route_C/vi/vi_000033.jpg,-131.07872009277344,8.831513404846191,112.8302708361765,0.9846695294307095,0,3.3466906532843863,3.3466906532843863,1,3.3466906532843863,173.9558940846839,1.4865311303659057e-05,112.67462427116081,7.073963092459339,-131.569968348549,2.7600722990509166,6.091282455275168,6.7262919826048355,1,0.0,0,0,0.32872992027167236,1.0,110.35406494140625,5.974071025848389,1,1,6,18,1,173.09271807015227,-141.38577270507812,0.4372498095035553,-136.8567657470703,2.670971393585205,1,-136.8567657470703,2.670971393585205,117.92213439941406,7.723440170288086,0.9273578524589539,0.05843693017959595,4.0,4.0,1,113.92481994628906,7.337455749511719,6.446388951381948,19.647052764892578,8.002311706542969,0.32872992027167236,113.92481994628906,7.337455749511719,113.92481994628906,7.337455749511719,0.0,0.0,0.0,1,3.360298026027803,3.3602251371987943,-0.02213257923722267,2.855363607406616,-0.022925451397895813,0.6758508682250977,0.03461034968495369,-0.8606811552974453,0.0,173.0493181410315,173.0493181410315,0.9065759436523949,3.1928443908691406,-0.053586531430482864,0.005676576631879694,1.0,112.67458763800266,7.123225747984459,0,0,1,618.8887639489444,0.15401890676122965,0.1556831981738327,0.4913270458777701,-131.57515822372062,2.711083772158614,3.360298026027824,3.3466906532843863,0.013607372743437818,0,6.140530083513843,nan
GT+smooth-jitter_controlled_forward3x6_SoftMS_local_prior_3frame_causal_heading_continuous_waypoint_RNN_polynomial_Kalman,1,controlled_gt_jitter,8.0,-132.28543592532455,4.015003892127134,2.1209819213551357,-5.1688540256585105,0,0,6,-134.92586804617153,2.944494527512094,-134.4064178466797,9.183857917785645,-1,-134.92587280273438,2.9444944858551025,-134.92586804617153,2.944494527512094,0.0,0,0.0,0.0,34,/yh/study/uav-sat/v36_GvsK/v36_training_data/routes/route_C/vi/vi_000034.jpg,-134.4064178466797,9.183857917785645,116.17656906083396,0.9873507242376038,0,3.3462992988002793,3.3462992988002793,1,3.3462992988002793,173.9559070736098,1.2988925894334374e-05,116.03334150672542,7.100657089990189,-134.9125625574959,3.0898570656754494,6.114983961860164,6.226539614646007,1,0.0,0,0,0.46950197312597186,1.0,113.5191879272461,5.902018070220947,1,1,6,18,1,173.07752810296415,-141.38577270507812,0.4372498095035553,-141.0300750732422,2.8626973628997803,1,-141.0300750732422,2.8626973628997803,122.09223175048828,7.9755449295043945,0.87970370054245,0.1042618378996849,4.0,4.0,1,118.09512329101562,7.605813026428223,6.8909283539785955,19.613948822021484,7.992865085601807,0.46950197312597186,118.09512329101562,7.605813026428223,118.09512329101562,7.605813026428223,0.0,0.0,0.0,1,3.3588296912739968,3.3587538687227605,-0.022568657994270325,2.862826347351074,-0.02191072143614292,0.6745531558990479,0.03547406941652298,-0.890834252688083,0.0,173.01916504364087,173.01916504364087,0.9367420299689271,3.1996512413024902,-0.05392634496092796,0.026153015005809976,1.0,116.03115031576777,7.246610857370059,0,0,1,615.5322012711792,0.15860711182984588,0.14541874506618058,0.4834729514492051,-134.92586804617153,2.944494527512094,3.358829691273984,3.3462992988002793,0.012530392473704577,0,6.260949131372811,nan
GT+smooth-jitter_controlled_forward3x6_SoftMS_local_prior_3frame_causal_heading_continuous_waypoint_RNN_polynomial_Kalman,1,controlled_gt_jitter,8.0,-135.60600576076126,4.385174912002373,2.30744638767625,-5.106718856308174,0,0,6,-138.44825995265617,3.2074100067540074,-137.9134521484375,9.491893768310547,-1,-138.44825744628906,3.2074100971221924,-138.44825995265617,3.2074100067540074,0.0,0,0.0,0.0,35,/yh/study/uav-sat/v36_GvsK/v36_training_data/routes/route_C/vi/vi_000035.jpg,-137.9134521484375,9.491893768310547,119.69649101312082,1.053116435087281,0,3.520536277176321,3.520536277176321,1,3.520536277176321,174.98038078413643,1.0244737105266184,119.56327094655823,7.2244040647621555,-138.4356991327244,3.341300570763152,6.172725378170736,5.995132073121423,1,0.0,0,0,0.4461473243272677,1.0,116.86029052734375,5.88621711730957,1,1,6,18,1,173.05710103486905,-141.38577270507812,0.4372498095035553,-145.87953186035156,3.169870376586914,1,-145.87953186035156,3.169870376586914,126.94690704345703,8.184586524963379,0.8984547853469849,0.09904521703720093,4.0,4.0,1,122.94955444335938,7.804498672485352,7.494236705402985,19.76683807373047,8.028667449951172,0.4461473243272677,122.94955444335938,7.804498672485352,122.94955444335938,7.804498672485352,0.0,0.0,0.0,1,3.5321904382540756,3.532120630790459,-0.02220679260790348,2.8817713260650635,-0.022182734683156013,0.6875189542770386,0.03570776805281639,-0.8972186652930467,0.0,173.01278063103592,173.01278063103592,1.9676001531005094,3.225067615509033,-0.054836198687553406,0.06708777378855024,1.0,119.56155635731496,7.358871598062102,0,0,1,612.0017952296321,0.16343294958386792,0.13493465580586417,0.6387649511112574,-138.44825995265617,3.2074100067540074,3.532190438254076,3.520536277176321,0.011654161077755187,0,6.307198707565906,nan
GT+smooth-jitter_controlled_forward3x6_SoftMS_local_prior_3frame_causal_heading_continuous_waypoint_RNN_polynomial_Kalman,1,controlled_gt_jitter,8.0,-138.61126359513466,4.734479779384339,2.492023148029402,-5.037586336948669,0,0,6,-141.65234142164942,3.445857595560324,-141.10328674316406,9.772066116333008,-1,-141.65234375,3.445857524871826,-141.65234142164942,3.445857595560324,0.0,0,0.0,0.0,36,/yh/study/uav-sat/v36_GvsK/v36_training_data/routes/route_C/vi/vi_000036.jpg,-141.10328674316406,9.772066116333008,122.89804732913693,1.1129365127207775,0,3.2021151269607393,3.2021151269607393,1,3.2021151269607393,174.9804284452309,4.7661094480931505e-05,122.77442155186459,7.336678035822693,-141.64063873285568,3.570332913561092,6.224969227168046,5.815283665866104,1,0.0,0,0,0.4521722795403377,1.0,119.88565063476562,5.857713222503662,1,1,6,18,1,173.04158887485116,-141.38577270507812,0.4372498095035553,-145.8697509765625,3.1806881427764893,1,-145.8697509765625,3.1806881427764893,126.9383316040039,8.172792434692383,0.8948944807052612,0.1006719321012497,4.0,4.0,1,122.94096374511719,7.796064376831055,6.683265658853292,19.791461944580078,8.033102035522461,0.4521722795403377,122.94096374511719,7.796064376831055,122.94096374511719,7.796064376831055,0.0,0.0,0.0,1,3.2129418470544033,3.2128651945496385,-0.022193562239408493,2.8903708457946777,-0.022142978385090828,0.6880910396575928,0.03592928498983383,-0.9105572776901412,0.0,172.99944201863883,172.99944201863883,1.9809864265920845,3.2339415550231934,-0.05557771399617195,0.001414620500100088,1.0,122.77285254287553,7.461692418703974,0,0,1,608.7904990440716,0.16782258471060635,0.12519478626140312,0.31174428116606157,-141.65234142164942,3.445857595560324,3.212941847054425,3.2021151269607393,0.010826720093685793,0,6.349990180170641,nan
GT+smooth-jitter_controlled_forward3x6_SoftMS_local_prior_3frame_causal_heading_continuous_waypoint_RNN_polynomial_Kalman,1,controlled_gt_jitter,8.0,-141.61764462262693,5.090636197964714,2.6744391176074576,-4.961513574679329,0,0,6,-144.84632057334258,3.7772127051424578,-144.29208374023438,10.052149772644043,-1,-144.8463134765625,3.777212619781494,-144.84632057334258,3.7772127051424578,0.0,0,0.0,0.0,37,/yh/study/uav-sat/v36_GvsK/v36_training_data/routes/route_C/vi/vi_000037.jpg,-144.29208374023438,10.052149772644043,126.09856249385457,1.17273470223897,0,3.201073748456477,3.201073748456477,1,3.201073748456477,174.98038487737972,-4.356785118674096e-05,125.98389718753381,7.439526676932514,-144.84291287776608,3.8085596957889756,6.267840919053146,6.368965632127912,1,0.0,0,0,0.1774661736524478,1.0,122.91284942626953,5.82251501083374,1,1,6,18,1,173.0268374805129,-155.5186767578125,10.043489456176758,-151.2888641357422,3.718252420425415,1,-151.2888641357422,3.718252420425415,132.38389587402344,8.213178634643555,0.9492405652999878,0.0027456283569335938,4.0,4.0,1,128.38648986816406,7.8373212814331055,7.046369699475685,19.83612060546875,8.042818069458008,0.1774661736524478,128.38648986816406,7.8373212814331055,128.38648986816406,7.8373212814331055,0.0,0.0,0.0,1,3.211121148461533,3.2110446446582825,-0.02216574177145958,2.9009125232696533,-0.022266224026679993,0.6918662786483765,0.03607114031910896,-0.9221853545869705,0.0,172.987813941742,172.987813941742,1.992570935637727,3.246356964111328,-0.05648638308048248,0.01089923739428282,1.0,125.98396003261468,7.47105828428499,0,0,1,605.5793915543325,0.1722119619023061,0.11460246123989748,0.30016122518682353,-144.84632057334258,3.7772127051424578,3.2111211484615034,3.201073748456477,0.010047400005026574,0,6.2993661322611825,nan
GT+smooth-jitter_controlled_forward3x6_SoftMS_local_prior_3frame_causal_heading_continuous_waypoint_RNN_polynomial_Kalman,1,controlled_gt_jitter,8.0,-144.6348654763712,5.450229510835105,2.854422853706933,-4.878568783232278,0,0,6,-148.04962074860063,4.0880373110644435,-147.48928833007812,10.328798294067383,-1,-148.04962158203125,4.088037490844727,-148.04962074860063,4.0880373110644435,0.0,0,0.0,0.0,38,/yh/study/uav-sat/v36_GvsK/v36_training_data/routes/route_C/vi/vi_000038.jpg,-147.48928833007812,10.328798294067383,129.3070733675738,1.2368406064067867,0,3.209151226371805,3.209151226371805,1,3.209151226371805,175.05461412245407,0.07422924507435878,129.20222822767346,7.448837277831953,-148.04406895050747,4.14073610850766,6.212881388627835,6.96276956794021,1,0.0,0,0,0.22645249385003002,1.0,125.95118713378906,5.785049915313721,1,1,6,18,1,173.01317923660702,-160.28053283691406,5.315302848815918,-155.50765991210938,3.888547897338867,1,-155.50765991210938,3.888547897338867,136.59693908691406,8.491418838500977,0.9477591514587402,0.02201424539089203,4.0,4.0,1,132.59942626953125,8.110437393188477,7.621411970119648,19.879329681396484,8.052369117736816,0.22645249385003002,132.59942626953125,8.110437393188477,132.07497258576103,8.110437393188477,0.5244536837702087,0.0,0.0,1,3.218344908249386,3.21826819505879,-0.022221006453037262,2.905972480773926,-0.02283495105803013,0.6936871409416199,0.03578570485115051,-0.9236069944296852,0.0,172.9863923018993,172.9863923018993,2.0682218205548004,3.2523136138916016,-0.05737452208995819,0.013806792163140333,1.0,129.2021578503196,7.501827661497829,0,0,1,602.3611937366275,0.17661103111582507,0.10491551725419868,0.3031787455978794,-148.04962074860063,4.0880373110644435,3.218344908249396,3.209151226371805,0.00919368187759062,0,6.265865468250902,nan
GT+smooth-jitter_controlled_forward3x6_SoftMS_local_prior_3frame_causal_heading_continuous_waypoint_RNN_polynomial_Kalman,1,controlled_gt_jitter,8.0,-147.65466582240578,5.816606037224129,3.031705027203603,-4.78883124152343,0,0,6,-151.25487712454188,4.367886120209369,-150.68637084960938,10.605437278747559,-1,-151.2548828125,4.367886066436768,-151.25487712454188,4.367886120209369,0.0,0,0.0,0.0,39,/yh/study/uav-sat/v36_GvsK/v36_training_data/routes/route_C/vi/vi_000039.jpg,-150.68637084960938,10.605437278747559,132.5154618481293,1.3009430429918758,0,3.209028788362168,3.209028788362168,1,3.209028788362168,175.0545958756563,-1.8246797781568405e-05,132.41952865543757,7.479268985418914,-151.2464409767159,4.451801273827389,6.179070692938136,7.394603281155091,1,0.0,0,0,0.24487439039710912,1.0,128.99281311035156,5.741113185882568,1,1,6,18,1,173.00380384147581,-160.28053283691406,5.315302848815918,-155.5214385986328,3.8739495277404785,1,-155.5214385986328,3.8739495277404785,136.60910034179688,8.507396697998047,0.9478557705879211,0.029404260218143463,4.0,4.0,1,132.611572265625,8.129948616027832,6.8296818614711015,19.9383602142334,8.064474105834961,0.24487439039710912,132.611572265625,8.129948616027832,132.611572265625,8.129948616027832,0.0,0.0,0.0,1,3.21744988950751,3.2173708051179704,-0.022558676078915596,2.922694206237793,-0.02265828102827072,0.7008959054946899,0.03627695515751839,-0.950841413249759,0.0,172.9591578830792,172.9591578830792,2.095437992577093,3.272616386413574,-0.058835506439208984,0.0009599682896603526,1.0,132.4190145899179,7.563605557162845,0,0,1,599.1443369970292,0.1810082671619175,0.09644725821138422,0.286334582124375,-151.25487712454188,4.367886120209369,3.2174498895075034,3.209028788362168,0.008421101145335452,0,6.263405131397676,nan
GT+smooth-jitter_controlled_forward3x6_SoftMS_local_prior_3frame_causal_heading_continuous_waypoint_RNN_polynomial_Kalman,1,controlled_gt_jitter,8.0,-150.99217751781148,6.216919109551215,3.206018893321315,-4.692391231330133,0,0,6,-154.78467743638998,4.51049108041613,-154.1981964111328,10.909310340881348,-1,-154.78468322753906,4.510490894317627,-154.78467743638998,4.51049108041613,0.0,0,0.0,0.0,40,/yh/study/uav-sat/v36_GvsK/v36_training_data/routes/route_C/vi/vi_000040.jpg,-154.1981964111328,10.909310340881348,136.03970638812723,1.3713563567517528,0,3.5249478879069933,3.5249478879069933,1,3.5249478879069933,175.05459892799126,3.0523349704791195e-06,135.95162199064907,7.540992098827445,-154.7651490905513,4.7651481758439385,6.170264504134079,7.668908645182729,1,0.0,0,0,0.2652521477973834,1.0,132.3539581298828,5.697137832641602,1,1,6,18,1,172.988177756037,-160.28053283691406,5.315302848815918,-160.10232543945312,3.311408519744873,1,-160.10232543945312,3.311408519744873,141.1044464111328,9.552751541137695,0.946156919002533,0.03718161582946777,4.0,4.0,1,137.10684204101562,9.17165470123291,7.872955783222774,19.962486267089844,8.069448471069336,0.2652521477973834,137.10684204101562,9.17165470123291,137.10684204101562,9.17165470123291,0.0,0.0,0.0,1,3.532679778326729,3.5326074007311794,-0.022613458335399628,2.926162004470825,-0.023109834641218185,0.7015026807785034,0.03604481741786003,-0.9556891400131755,0.0,172.95431015631578,172.95431015631578,2.10028877167548,3.2763726711273193,-0.059742845594882965,0.009385882040580378,1.0,135.94402341970448,7.796283803084603,0,0,1,595.6193281672427,0.18582672727496163,0.09568296842275004,0.5987858834361681,-154.78467743638998,4.51049108041613,3.532679778326725,3.5249478879069933,0.007731890419731879,0,6.425639884173975,nan
GT+smooth-jitter_controlled_forward3x6_SoftMS_local_prior_3frame_causal_heading_continuous_waypoint_RNN_polynomial_Kalman,1,controlled_gt_jitter,8.0,-154.1008960654391,6.672643454116805,3.377100760732786,-4.58934995408632,0,0,6,-158.08758614046448,4.663307361395254,-157.47799682617188,11.261993408203125,-1,-158.08758544921875,4.663307189941406,-158.08758614046448,4.663307361395254,0.0,0,0.0,0.0,41,/yh/study/uav-sat/v36_GvsK/v36_training_data/routes/route_C/vi/vi_000041.jpg,-157.47799682617188,11.261993408203125,139.33841350119832,1.3686194534048277,0,3.2987082484611916,3.2987082484611916,1,3.2987082484611916,173.86246158856764,-1.1921373394236348,139.2503862148083,7.773397336849681,-158.0699526504716,4.88402219146883,6.405382778524132,8.054308096376442,1,0.0,0,0,0.2609471397436038,1.0,135.4934844970703,5.573791027069092,1,1,6,18,1,172.97632406945417,-169.77371215820312,0.6170828342437744,-165.06048583984375,2.9693634510040283,1,-165.06048583984375,2.9693634510040283,145.9983367919922,10.418880462646484,0.8940005302429199,0.023985207080841064,4.0,4.0,1,142.00088500976562,10.05224609375,9.082627712443397,19.956401824951172,8.066489219665527,0.2609471397436038,142.00088500976562,10.05224609375,142.00088500976562,9.553960117426627,0.0,0.4982859763233731,0.0,1,3.306442003601962,3.3063627951038033,-0.02288646623492241,2.936335802078247,-0.022295450791716576,0.7030786275863647,0.03682240471243858,-0.98392332777301,0.0,172.92607596855595,172.92607596855595,0.9363856200116795,3.287323474884033,-0.06034259870648384,0.019697954214269627,1.0,139.2445044348515,7.994737303526008,0,0,1,592.3188471520956,0.19033827232159012,0.09390906634681073,0.3623724463829445,-158.08758614046448,4.663307361395254,3.306442003601963,3.2987082484611916,0.007733755140771237,0,6.626783282742587,nan
GT+smooth-jitter_controlled_forward3x6_SoftMS_local_prior_3frame_causal_heading_continuous_waypoint_RNN_polynomial_Kalman,1,controlled_gt_jitter,8.0,-157.21124521091394,7.134657730761962,3.5446904580313547,-4.479819426830812,0,0,6,-161.31935789677294,4.791185900433527,-160.7559356689453,11.614477157592773,-1,-161.31935119628906,4.7911858558654785,-161.31935789677294,4.791185900433527,0.0,0,0.0,0.0,42,/yh/study/uav-sat/v36_GvsK/v36_training_data/routes/route_C/vi/vi_000042.jpg,-160.7559356689453,11.614477157592773,142.6352484020883,1.3658832479324157,0,3.296836036345552,3.296836036345552,1,3.296836036345552,173.8624467211571,-1.4867410520637697e-05,142.54885310566837,7.972175894946658,-161.3708930825627,5.036301569735993,6.606857549942929,8.433589029179952,1,0.0,0,0,0.23983517456416042,1.0,138.6352996826172,5.444362640380859,1,1,6,18,1,172.958737186115,-169.77371215820312,0.6170828342437744,-165.0469207763672,2.954953193664551,1,-165.0469207763672,2.954953193664551,145.9833221435547,10.431770324707031,0.8992263674736023,0.016690105199813843,4.0,4.0,1,141.98568725585938,10.054900169372559,8.713262577459915,20.024093627929688,8.082408905029297,0.23983517456416042,141.98568725585938,10.054900169372559,141.98568725585938,9.717903932977523,0.0,0.33699623639503584,0.0,0,3.3044256922324915,3.304348670816852,-0.022561408579349518,2.942415714263916,-0.022661741822957993,0.7066813111305237,0.036750320345163345,-0.9807960616284962,0.0,172.92920323470048,172.92920323470048,0.933243486456645,3.2952001094818115,-0.06070035323500633,0.0056029587051409655,1.0,142.47160430698835,8.2104408521151,0,0,1,589.0917472799588,0.19474951007035984,0.16364409509995426,0.35442032208163576,-161.31935789677294,4.791185900433527,3.234300790838669,3.296836036345552,0.0,0,6.8465135789565235,nan
GT+smooth-jitter_controlled_forward3x6_SoftMS_local_prior_3frame_causal_heading_continuous_waypoint_RNN_polynomial_Kalman,1,controlled_gt_jitter,8.0,-160.32427459987383,7.602923154998502,3.708531796610531,-4.363922357391635,0,0,6,-164.62828495666685,4.786459052424572,-164.03280639648438,11.966845512390137,-1,-164.62828063964844,4.786458969116211,-164.62828495666685,4.786459052424572,0.0,0,0.0,0.0,43,/yh/study/uav-sat/v36_GvsK/v36_training_data/routes/route_C/vi/vi_000043.jpg,-164.03280639648438,11.966845512390137,145.93100897340545,1.3631484689009143,0,3.2957617059588795,3.2957617059588795,1,3.2957617059588795,173.86245601851726,9.297360143308848e-06,145.78045744978388,8.18782426081056,-164.60713803538135,5.164712861926441,6.826336164147086,8.374498979232403,1,0.0,0,0,0.32572312522295865,1.0,141.7804412841797,5.309002876281738,1,1,6,18,1,172.94840033513643,-174.50503540039062,0.647049605846405,-170.17269897460938,2.802745819091797,1,-170.17269897460938,2.802745819091797,151.06402587890625,11.126914978027344,0.9006748199462891,0.05136394500732422,4.0,4.0,1,147.0664520263672,10.757709503173828,9.462928085597925,20.049367904663086,8.086698532104492,0.32572312522295865,147.0664520263672,10.757709503173828,147.0664520263672,10.075267417428442,0.0,0.6824420857453863,0.0,1,3.3089304360760052,3.308853142795537,-0.022616591304540634,2.953517436981201,-0.022533416748046875,0.7100399732589722,0.037054017186164856,-1.0076956944575335,0.0,172.90230360187144,172.90230360187144,0.9601524166458257,3.307955265045166,-0.062192048877477646,0.012714631828167613,1.0,145.76135587801906,8.566186873443792,0,0,1,585.801995708928,0.1992463886576953,0.16965309538639417,0.34224426897767835,-164.62828495666685,4.786459052424572,3.308930436076016,3.2957617059588795,0.013168730117136374,0,7.205036046411829,nan
GT+smooth-jitter_controlled_forward3x6_SoftMS_local_prior_3frame_causal_heading_continuous_waypoint_RNN_polynomial_Kalman,1,controlled_gt_jitter,8.0,-163.51266945147557,8.062576020170619,3.8683730289931835,-4.241791998933385,0,0,6,-167.94544787427043,5.42914567060509,-167.38104248046875,12.304368019104004,-1,-167.94544982910156,5.429145812988281,-167.94544787427043,5.42914567060509,0.0,0,0.0,0.0,44,/yh/study/uav-sat/v36_GvsK/v36_training_data/routes/route_C/vi/vi_000044.jpg,-167.38104248046875,12.304368019104004,149.29615714494352,1.3827469440314122,0,3.3652052413832703,3.3652052413832703,1,3.3652052413832703,174.2436836267344,0.3812276082171344,149.14012880144563,8.543616028704117,-167.98559513510253,5.167358352614034,7.162568735572177,8.529297247767678,1,0.0,0,0,0.2687761107421294,1.0,144.99960327148438,5.190202713012695,1,1,6,18,1,172.9322664678215,-174.50503540039062,0.647049605846405,-174.83743286132812,7.703519821166992,1,-174.83743286132812,7.703519821166992,156.2223663330078,6.748682498931885,0.9292258024215698,0.03486635535955429,4.0,4.0,1,152.22462463378906,6.369801998138428,5.783307007752519,20.112485885620117,8.101982116699219,0.2687761107421294,152.22462463378906,6.369801998138428,152.1292631059865,6.750135445979603,0.09536152780257989,-0.3803334478411753,0.0,1,3.3788483113500023,3.3787729234265655,-0.022570844739675522,2.958487033843994,-0.023105377331376076,0.7124266624450684,0.036799147725105286,-0.9926034309910383,0.0,172.91739586533794,172.91739586533794,1.326287761396465,3.3141212463378906,-0.062126751989126205,0.023950631330133476,1.0,149.12798126991646,8.279046869709692,0,0,1,582.4353703170307,0.20384834880864375,0.16817587502706033,0.4067182075392761,-167.94544787427043,5.42914567060509,3.3788483113499814,3.3652052413832703,0.013643069966711163,0,6.898350222324998,nan
GT+smooth-jitter_controlled_forward3x6_SoftMS_local_prior_3frame_causal_heading_continuous_waypoint_RNN_polynomial_Kalman,1,controlled_gt_jitter,8.0,-166.70665403623528,8.52845300985463,4.023967301655339,-4.113571984041854,0,0,6,-171.2086154338451,6.196686565929506,-170.73062133789062,12.642024993896484,-1,-171.2086181640625,6.196686744689941,-171.2086154338451,6.196686565929506,0.0,0,0.0,0.0,45,/yh/study/uav-sat/v36_GvsK/v36_training_data/routes/route_C/vi/vi_000045.jpg,-170.73062133789062,12.642024993896484,152.6626547777333,1.4023541655127072,0,3.36655473068739,3.36655473068739,1,3.36655473068739,174.2436987249472,1.5098212788985524e-05,152.5079855027742,8.256182032510242,-171.30395122339286,5.810467934379352,6.8555728436833325,8.432154623540683,1,0.0,0,0,0.2823591748214141,1.0,148.22499084472656,5.0658063888549805,1,1,6,18,1,172.92706175695227,-174.50503540039062,0.647049605846405,-174.87203979492188,7.72056245803833,1,-174.87203979492188,7.72056245803833,156.25857543945312,6.735407829284668,0.9321497082710266,0.04094284027814865,4.0,4.0,1,152.26089477539062,6.365952014923096,4.979830791317499,20.149658203125,8.108325004577637,0.2823591748214141,152.26089477539062,6.365952014923096,152.26089477539062,6.4402893940549095,0.0,-0.07433737913181337,0.0,0,3.380081569269659,3.380004232857747,-0.02286483719944954,2.974716901779175,-0.0228319950401783,0.71871018409729,0.03731578215956688,-1.0324412563770782,0.0,172.87755803995188,172.87755803995188,1.3661406849952937,3.3334555625915527,-0.0642484799027443,0.008055811419972933,1.0,152.45416188531405,7.862028810617197,0,0,1,579.109189701633,0.20839502355414904,0.20849289241925817,0.39183782890821517,-171.2086154338451,6.196686565929506,3.3522203907046304,3.36655473068739,0.0,0,6.463038434575117,nan
GT+smooth-jitter_controlled_forward3x6_SoftMS_local_prior_3frame_causal_heading_continuous_waypoint_RNN_polynomial_Kalman,1,controlled_gt_jitter,8.0,-169.90682081950027,9.000436537827653,4.17507310139817,-3.9794161385639475,0,0,6,-174.54032964391092,6.794989461285842,-174.08189392089844,12.979852676391602,-1,-174.5403289794922,6.794989585876465,-174.54032964391092,6.794989461285842,0.0,0,0.0,0.0,46,/yh/study/uav-sat/v36_GvsK/v36_training_data/routes/route_C/vi/vi_000046.jpg,-174.08189392089844,12.979852676391602,156.03085468799702,1.4219713309419972,0,3.368257037204833,3.368257037204833,1,3.368257037204833,174.24369922692185,5.019746557120977e-07,155.83909378375714,7.839182037350405,-174.57202055555766,6.578513646404574,6.420075193861645,8.514643591080402,1,0.0,0,0,0.25018314141396436,1.0,151.45716857910156,4.935993671417236,1,1,6,18,1,172.90973548801864,-174.50503540039062,0.647049605846405,-179.37266540527344,8.006539344787598,1,-179.37266540527344,8.006539344787598,160.76414489746094,6.928518295288086,0.9471336603164673,0.03136889636516571,4.0,4.0,1,156.76646423339844,6.560697078704834,5.191110065680205,20.14668083190918,8.10794734954834,0.25018314141396436,156.76646423339844,6.560697078704834,156.76646423339844,6.560697078704834,0.0,0.0,0.0,1,3.3850090003050513,3.384931898443084,-0.022846773266792297,2.9750828742980957,-0.022611577063798904,0.7163288593292236,0.03750278800725937,-1.0241296632091133,0.0,172.88586963311985,172.88586963311985,1.3578295938019844,3.332645893096924,-0.06343629956245422,0.005114399119107068,1.0,155.8305477560819,7.620565803459865,0,0,1,575.7328038308651,0.21301032565128608,0.20030693191512228,0.3931741629067371,-174.54032964391092,6.794989461285842,3.3850090003050695,3.368257037204833,0.016751963100236633,0,6.201830076816225,nan
GT+smooth-jitter_controlled_forward3x6_SoftMS_local_prior_3frame_causal_heading_continuous_waypoint_RNN_polynomial_Kalman,1,controlled_gt_jitter,8.0,-175.02130348438186,9.647381536543422,4.321454694329087,-3.839488275468297,0,0,6,-179.78548312487777,7.478568140427691,-179.34275817871094,13.486869812011719,-1,-179.7854766845703,7.478568077087402,-179.78548312487777,7.478568140427691,0.0,0,0.0,0.0,47,/yh/study/uav-sat/v36_GvsK/v36_training_data/routes/route_C/vi/vi_000047.jpg,-179.34275817871094,13.486869812011719,161.31581884327895,1.4759434749312605,0,5.285239740536043,5.285239740536043,1,5.285239740536043,174.49510611509123,0.25140688816940826,161.13179000435082,7.597848387173396,-179.80924409222484,7.37999030930457,6.124670306889312,8.738443961075877,1,0.0,0,0,0.19788134339813146,1.0,156.61141967773438,4.83529806137085,1,1,6,18,1,172.90138248682882,-183.96768188476562,0.7069786190986633,-183.66790771484375,8.083552360534668,1,-183.66790771484375,8.083552360534668,165.04331970214844,7.307624816894531,0.9621936678886414,0.013761378824710846,4.0,4.0,1,161.04556274414062,6.937212944030762,5.46795231994938,20.20892333984375,8.121936798095703,0.19788134339813146,161.04556274414062,6.937212944030762,161.04556274414062,6.937212944030762,0.0,0.0,0.0,0,5.301290923523636,5.301242248268924,-0.022717416286468506,2.984959840774536,-0.02295389026403427,0.7205703258514404,0.03748125210404396,-1.0292752502533657,0.0,172.88072404607558,172.88072404607558,1.6143820690156452,3.3446295261383057,-0.06430414319038391,0.0007526340188887809,1.0,161.11862130769634,7.497306068786407,0,0,1,570.4447302792507,0.22023878172435654,0.19719753558260322,2.300279899761507,-179.78548312487777,7.478568140427691,5.289509887454221,5.285239740536043,0.004270146918178064,0,6.024590803923354,nan
GT+smooth-jitter_controlled_forward3x6_SoftMS_local_prior_3frame_causal_heading_continuous_waypoint_RNN_polynomial_Kalman,1,controlled_gt_jitter,8.0,-179.66808362999708,10.254369863851135,4.462882556526352,-3.693961969034608,0,0,6,-184.4798517332381,7.921359119594969,-184.13096618652344,13.948331832885742,-1,-184.4798583984375,7.921359062194824,-184.4798517332381,7.921359119594969,0.0,0,0.0,0.0,48,/yh/study/uav-sat/v36_GvsK/v36_training_data/routes/route_C/vi/vi_000048.jpg,-184.13096618652344,13.948331832885742,166.12596122967508,1.5250692867209716,0,4.810393239932561,4.810393239932561,1,4.810393239932561,174.49513869524634,3.258015510630995e-05,165.9447702821926,7.474458591439748,-184.58197170228848,8.0132954148592,5.952147785342012,8.503264548976889,1,0.0,0,0,0.286020746264495,1.0,161.29637145996094,4.724714756011963,1,1,6,18,1,172.89415198454043,-183.96768188476562,0.7069786190986633,-188.1651153564453,7.67854118347168,1,-188.1651153564453,7.67854118347168,169.47218322753906,8.187460899353027,0.9424620866775513,0.04467619210481644,4.0,4.0,1,165.47438049316406,7.8161091804504395,6.324692909595532,20.26087188720703,8.133182525634766,0.286020746264495,165.47438049316406,7.8161091804504395,165.47438049316406,7.8161091804504395,0.0,0.0,0.0,0,4.826203055327486,4.826148974496255,-0.022847477346658707,2.997328758239746,-0.0231068916618824,0.7270859479904175,0.0376567542552948,-1.0434521616493735,0.0,172.8665471346796,172.8665471346796,1.6285915605667594,3.360236644744873,-0.0654815286397934,0.0008446079990931341,1.0,165.833473058861,7.555042079478144,0,0,1,565.7298785280861,0.22668368050302956,0.29248817081409584,1.8130644816928152,-184.4798517332381,7.921359119594969,4.715205242870212,4.810393239932561,0.0,0,6.037062299782728,nan
GT+smooth-jitter_controlled_forward3x6_SoftMS_local_prior_3frame_causal_heading_continuous_waypoint_RNN_polynomial_Kalman,1,controlled_gt_jitter,8.0,-182.65062206390127,10.690641341885694,4.599133795473721,-3.5430203097256334,0,0,6,-187.62682988909933,8.149942688060793,-187.249755859375,14.233661651611328,-1,-187.6268310546875,8.149942398071289,-187.62682988909933,8.149942688060793,0.0,0,0.0,0.0,49,/yh/study/uav-sat/v36_GvsK/v36_training_data/routes/route_C/vi/vi_000049.jpg,-187.249755859375,14.233661651611328,169.25742072649876,1.5722238060414624,0,3.131814510621523,3.131814510621523,1,3.131814510621523,174.77271227799224,0.2775735827458893,168.98865822204382,7.5320519235130545,-187.61479148975593,8.278954819015933,5.965885053670234,8.716357114274935,1,0.0,0,0,0.20800325814250858,1.0,164.30836486816406,4.607324600219727,1,1,6,18,1,172.88449025507262,-188.6990203857422,0.736940860748291,-192.8225860595703,7.569399833679199,1,-192.8225860595703,7.569399833679199,174.09178161621094,8.79010009765625,0.9456837177276611,0.014177955687046051,4.0,4.0,1,170.093994140625,8.425376892089844,6.904025079476261,20.295530319213867,8.139612197875977,0.20800325814250858,170.093994140625,8.425376892089844,170.093994140625,8.425376892089844,0.0,0.0,0.0,1,3.155268920589863,3.1551851631828236,-0.022990155965089798,3.0095624923706055,-0.023008083924651146,0.7307738661766052,0.03797285631299019,-1.0691694247000583,0.0,172.8408298716289,172.8408298716289,1.9318824063633333,3.374286651611328,-0.06699563562870026,0.003426574170561491,1.0,168.98694171608972,7.661613131440611,0,0,1,562.5764098708573,0.2309942691217569,0.27047901040904776,0.1222520182509177,-187.62682988909933,8.149942688060793,3.155268920589867,3.131814510621523,0.023454409968343803,0,6.095393445164712,nan
GT+smooth-jitter_controlled_forward3x6_SoftMS_local_prior_3frame_causal_heading_continuous_waypoint_RNN_polynomial_Kalman,1,controlled_gt_jitter,8.0,-185.94922191616993,11.16055627850248,4.7299925613691185,-3.3868556401376577,0,0,6,-190.7155253689791,8.373619244893627,-190.67921447753906,14.547411918640137,-1,-190.7155303955078,8.373619079589844,-190.7155253689791,8.373619244893627,0.0,0,0.0,0.0,50,/yh/study/uav-sat/v36_GvsK/v36_training_data/routes/route_C/vi/vi_000050.jpg,-190.67921447753906,14.547411918640137,172.7008110410755,1.6240773038961172,0,3.4437807194652232,3.4437807194652232,1,3.4437807194652232,174.77274262873368,3.0350741434783604e-05,172.45232952399658,7.6386131146321015,-191.07022060759036,8.540457757901295,6.019666442831809,8.897080309504974,1,0.0,0,0,0.1829264225399867,1.0,167.63819885253906,4.490011692047119,1,1,6,18,1,172.86920909418689,-193.39981079101562,5.525059700012207,-192.84417724609375,7.544095516204834,1,-192.84417724609375,7.544095516204834,174.11056518554688,8.81755256652832,0.9506509304046631,0.005240008234977722,4.0,4.0,1,170.1127471923828,8.451521873474121,7.3015117500124775,20.305055618286133,8.142328262329102,0.1829264225399867,170.1127471923828,8.451521873474121,170.1127471923828,8.451521873474121,0.0,0.0,0.0,0,3.465464133411679,3.465387807906868,-0.023000016808509827,3.011356830596924,-0.02260586991906166,0.7298218607902527,0.03834589570760727,-1.0565931254473606,0.0,172.8534061708816,172.8534061708816,1.9193364578520704,3.3756301403045654,-0.06569065898656845,0.010327261148036383,1.0,172.0819360296185,7.7668802617841015,0,0,1,559.4814155573285,0.23522492707751008,0.6188750114569928,0.4324238888682994,-190.7155253689791,8.373619244893627,3.096783972043619,3.4437807194652232,0.0,0,6.173899453282605,nan
GT+smooth-jitter_controlled_forward3x6_SoftMS_local_prior_3frame_causal_heading_continuous_waypoint_RNN_polynomial_Kalman,1,controlled_gt_jitter,8.0,-189.25330057796344,11.635482422781198,4.85525044742717,-3.2256692724702662,0,0,6,-194.05443823999428,8.33908198926634,-194.10855102539062,14.861151695251465,-1,-194.054443359375,8.339081764221191,-194.05443823999428,8.33908198926634,0.0,0,0.0,0.0,51,/yh/study/uav-sat/v36_GvsK/v36_training_data/routes/route_C/vi/vi_000051.jpg,-194.10855102539062,14.861151695251465,176.1440788613126,1.675928282460282,0,3.443658201078992,3.443658201078992,1,3.443658201078992,174.77273140486489,-1.1223868778969586e-05,175.5750730011467,7.744097025205995,-194.18653164630354,8.766862681584549,6.0947879010954304,7.740043707082685,1,0.0,0,0,0.40226589161518966,1.0,170.97401428222656,4.368297100067139,1,1,6,18,1,172.86367802834135,-193.39981079101562,5.525059700012207,-197.86056518554688,7.719108581542969,1,-197.86056518554688,7.719108581542969,179.11721801757812,9.175718307495117,0.9484912753105164,0.09250067174434662,4.0,4.0,1,175.1193084716797,8.807509422302246,7.204831983163666,20.406503677368164,8.164558410644531,0.40226589161518966,175.1193084716797,8.807509422302246,175.1193084716797,8.807509422302246,0.0,0.0,0.0,0,3.493211270124695,3.493136971528201,-0.02278323657810688,3.0284972190856934,-0.02325969748198986,0.738373875617981,0.03823225945234299,-1.0774862472316065,0.0,172.83251304909737,172.83251304909737,1.9402183557675374,3.397005319595337,-0.06803484261035919,0.0053113913793852875,1.0,175.39834158391474,8.155449665739406,0,0,1,556.1650100030323,0.239758239943856,0.7457372773978648,0.41516098199329843,-194.05443823999428,8.33908198926634,3.3390914905490696,3.443658201078992,0.0,0,6.522294185581654,nan
GT+smooth-jitter_controlled_forward3x6_SoftMS_local_prior_3frame_causal_heading_continuous_waypoint_RNN_polynomial_Kalman,1,controlled_gt_jitter,8.0,-192.3087251285183,12.1033508533246,4.974706878317644,-3.0596711879962015,0,0,6,-197.2928959046383,8.599651532417099,-197.28343200683594,15.1630220413208,-1,-197.2928924560547,8.599651336669922,-197.2928959046383,8.599651532417099,0.0,0,0.0,0.0,52,/yh/study/uav-sat/v36_GvsK/v36_training_data/routes/route_C/vi/vi_000052.jpg,-197.28343200683594,15.1630220413208,179.33306790741827,1.7125863783908843,0,3.189199735384909,3.189199735384909,1,3.189199735384909,174.56859725489673,-0.2041341499681639,178.64718344634915,8.132404375477899,-197.28250029254406,8.706668601369815,6.45635350717868,8.041324869098673,1,0.0,0,0,0.16827673781279479,1.0,174.06182861328125,4.2272210121154785,1,1,6,18,1,172.85277032295855,-202.8624725341797,5.5849761962890625,-202.73684692382812,8.042466163635254,1,-202.73684692382812,8.042466163635254,184.0002899169922,9.371513366699219,0.966904878616333,0.002956002950668335,4.0,4.0,1,180.00234985351562,9.001876831054688,7.319951750296409,20.408035278320312,8.165348052978516,0.16827673781279479,180.00234985351562,9.001876831054688,180.00234985351562,9.001876831054688,0.0,0.0,0.0,1,3.2489235959790506,3.248841862434398,-0.023045290261507034,3.026542901992798,-0.023247763514518738,0.7352865934371948,0.03822248429059982,-1.0597393880555035,0.0,172.85025990827347,172.85025990827347,1.7183373466232705,3.393529176712036,-0.06691090762615204,0.004514972406868836,1.0,178.64616689220205,8.239920366919689,0,0,1,552.9171846947451,0.24419780802943866,0.6869010152162218,0.162656833392111,-197.2928959046383,8.599651532417099,3.2489235959790395,3.189199735384909,0.059723860594130596,0,6.563377332022627,nan
GT+smooth-jitter_controlled_forward3x6_SoftMS_local_prior_3frame_causal_heading_continuous_waypoint_RNN_polynomial_Kalman,1,controlled_gt_jitter,8.0,-195.68252143206615,12.605512947571826,5.088169485902599,-2.8890797190541506,0,0,6,-200.53953427916983,8.86332973611496,-200.77069091796875,15.494592666625977,-1,-200.53953552246094,8.863329887390137,-200.53953427916983,8.86332973611496,0.0,0,0.0,0.0,53,/yh/study/uav-sat/v36_GvsK/v36_training_data/routes/route_C/vi/vi_000053.jpg,-200.77069091796875,15.494592666625977,182.83582288890585,1.752852151752283,0,3.502986410598887,3.502986410598887,1,3.502986410598887,174.5686115230362,1.426813946577607e-05,182.20408686968932,8.21676371655529,-200.82827996769132,9.000139139428965,6.494708855335214,8.323426937739688,1,0.0,0,0,0.16966146025422962,1.0,177.46986389160156,4.08582067489624,1,1,6,18,1,172.85189168315486,-202.8624725341797,5.5849761962890625,-202.75888061523438,8.070025444030762,1,-202.75888061523438,8.070025444030762,184.02511596679688,9.346446990966797,0.9693771600723267,0.004053793847560883,4.0,4.0,1,180.0271759033203,8.980106353759766,7.753818490916182,20.44947052001953,8.173543930053711,0.16966146025422962,180.0271759033203,8.980106353759766,180.0271759033203,8.980106353759766,0.0,0.0,0.0,0,3.5579953339850223,3.5579199774872805,-0.023156650364398956,3.03898286819458,-0.023380324244499207,0.7406222820281982,0.03837820515036583,-1.0850667967149685,0.0,172.824932499614,172.824932499614,1.7436790234222015,3.4086034297943115,-0.06875177472829819,0.00916910300317247,1.0,181.90245654179753,8.322167847265478,0,0,1,549.6608950451496,0.248648946324614,0.9333663471083185,0.46400354240430675,-200.53953427916983,8.86332973611496,3.2573281888821173,3.502986410598887,0.0,0,6.635290607443684,nan
GT+smooth-jitter_controlled_forward3x6_SoftMS_local_prior_3frame_causal_heading_continuous_waypoint_RNN_polynomial_Kalman,1,controlled_gt_jitter,8.0,-198.74772179807178,13.082114824080476,5.195454471459477,-2.7141212141275317,0,0,6,-203.76288024406142,9.360935727714002,-203.94317626953125,15.796236038208008,-1,-203.76287841796875,9.360936164855957,-203.76288024406142,9.360935727714002,0.0,0,0.0,0.0,54,/yh/study/uav-sat/v36_GvsK/v36_training_data/routes/route_C/vi/vi_000054.jpg,-203.94317626953125,15.796236038208008,186.0224057450823,1.789481787572582,0,3.186793377283506,3.186793377283506,1,3.186793377283506,174.56858286438074,-2.8658655454697946e-05,185.16390238516115,8.298888176639553,-203.78010431621928,9.232486568959132,6.5657748634126865,8.914544330595104,1,0.0,0,0,0.18842450473073874,1.0,180.56832885742188,3.9370973110198975,1,1,6,18,1,172.8424559902599,-212.2030487060547,24.677518844604492,-207.5244903564453,12.645822525024414,1,-207.5244903564453,12.645822525024414,189.24928283691406,5.302059173583984,0.9784935116767883,0.013564608991146088,4.0,4.0,1,185.2513885498047,4.940392971038818,3.243872500809247,20.418577194213867,8.166278839111328,0.18842450473073874,185.2513885498047,4.940392971038818,185.2513885498047,6.6379877438338335,0.0,-1.6975947727950154,0.0,1,3.261528925559024,3.2614458433636067,-0.023279670625925064,3.035094738006592,-0.023060761392116547,0.7356739044189453,0.03851969167590141,-1.0771887071158879,0.0,172.83281058921307,172.83281058921307,1.7357722751676659,3.40225887298584,-0.0677732527256012,0.002521804628069605,1.0,185.16040275775563,8.169336612949433,0,0,1,546.4029488291915,0.25310234903934925,0.8620029873266617,0.15169863927691418,-203.76288024406142,9.360935727714002,3.2615289255590203,3.186793377283506,0.07473554827551432,0,6.437825466960444,nan
GT+smooth-jitter_controlled_forward3x6_SoftMS_local_prior_3frame_causal_heading_continuous_waypoint_RNN_polynomial_Kalman,1,controlled_gt_jitter,8.0,-202.0589902436615,13.594116889318165,5.296386953604132,-2.5350296866095694,0,0,6,-207.20820156412444,9.96240569047272,-207.35537719726562,16.129146575927734,-1,-207.2082061767578,9.962406158447266,-207.20820156412444,9.96240569047272,0.0,0,0.0,0.0,55,/yh/study/uav-sat/v36_GvsK/v36_training_data/routes/route_C/vi/vi_000055.jpg,-207.35537719726562,16.129146575927734,189.45066848686028,1.820452268568182,0,3.428402630578294,3.428402630578294,1,3.428402630578294,174.42758785775536,-0.14099500662538236,188.65775443621604,8.146177343705954,-207.23803754900356,9.755000215442937,6.375226303272367,9.266475217422057,1,0.0,0,0,0.21247820723418148,1.0,183.91522216796875,3.7792789936065674,1,1,6,18,1,172.83908006254092,-217.0869598388672,0.9166819453239441,-212.32627868652344,12.169690132141113,1,-212.32627868652344,12.169690132141113,193.97344970703125,6.284928798675537,0.9700530767440796,0.02132919430732727,4.0,4.0,1,189.9754180908203,5.911571025848389,4.124635115137588,20.49069595336914,8.183231353759766,0.21247820723418148,189.9754180908203,5.911571025848389,189.9754180908203,6.445588301769555,0.0,-0.5340172759211661,0.0,1,3.497428357319373,3.4973516784604026,-0.023159269243478775,3.0418190956115723,-0.023695005103945732,0.7417618632316589,0.0382477231323719,-1.0726701100931013,0.0,172.83732918623588,172.83732918623588,1.5902586715194968,3.4120163917541504,-0.06845790147781372,0.0061259914677663915,1.0,188.65009058975383,7.936777051147798,0,0,1,542.9132609971932,0.25787252762255486,0.8005778971064501,0.38658353496672193,-207.20820156412444,9.96240569047272,3.4974283573193796,3.428402630578294,0.06902572674108542,0,6.168496884601062,nan
GT+smooth-jitter_controlled_forward3x6_SoftMS_local_prior_3frame_causal_heading_continuous_waypoint_RNN_polynomial_Kalman,1,controlled_gt_jitter,8.0,-205.3652411793145,14.108885330059048,5.390801301154265,-2.3520464478950545,0,0,6,-210.6175450027106,10.664705742598443,-210.75604248046875,16.4609317779541,-1,-210.61753845214844,10.664705276489258,-210.6175450027106,10.664705742598443,0.0,0,0.0,0.0,56,/yh/study/uav-sat/v36_GvsK/v36_training_data/routes/route_C/vi/vi_000056.jpg,-210.75604248046875,16.4609317779541,192.86734129834554,1.8513179116706953,0,3.4168122261351543,3.4168122261351543,1,3.4168122261351543,174.42758557786527,-2.2798900920986684e-06,192.1309378944855,7.913323126342872,-210.6669163780289,10.355012212991483,6.106570002540658,8.462388027785945,1,0.0,0,0,0.337841765764989,1.0,187.25743103027344,3.6181774139404297,1,1,6,18,1,172.8384672665063,-217.0869598388672,0.9166819453239441,-215.58413696289062,11.588178634643555,1,-215.58413696289062,11.588178634643555,197.15122985839844,7.208786487579346,0.8522084355354309,0.04554879665374756,4.0,4.0,1,193.15330505371094,6.8480706214904785,5.00492886187946,20.450204849243164,8.172938346862793,0.337841765764989,193.15330505371094,6.8480706214904785,193.15330505371094,6.8480706214904785,0.0,0.0,0.0,1,3.48092632002554,3.480847304731679,-0.02345392480492592,3.0435078144073486,-0.023261161521077156,0.7383224368095398,0.03856472671031952,-1.0825145471212052,0.0,172.82748474920777,172.82748474920777,1.6001008286575091,3.411984920501709,-0.06845132261514664,0.006703806349512883,1.0,192.1147007007242,7.600139524409455,0,0,1,539.4486508862228,0.26260842657574157,0.7526405976213368,0.3733044117278057,-210.6175450027106,10.664705742598443,3.48092632002552,3.4168122261351543,0.06411409389036571,0,5.797880457915646,nan
GT+smooth-jitter_controlled_forward3x6_SoftMS_local_prior_3frame_causal_heading_continuous_waypoint_RNN_polynomial_Kalman,1,controlled_gt_jitter,8.0,-208.39116374999014,14.599295469229293,5.478541450205174,-2.165419725472854,0,0,6,-213.17799838368734,11.157296163363464,-213.8697052001953,16.76471519470215,-1,-213.17799377441406,11.157296180725098,-213.17799838368734,11.157296163363464,0.0,0,0.0,0.0,57,/yh/study/uav-sat/v36_GvsK/v36_training_data/routes/route_C/vi/vi_000057.jpg,-213.8697052001953,16.76471519470215,195.99566052826395,1.8795790551127376,0,3.1284468824811666,3.1284468824811666,1,3.1284468824811666,174.42759359420566,8.016340398474638e-06,195.30334861881005,7.576791619503778,-213.7857207124357,11.026207253639186,5.739122475067677,8.02088738244918,1,0.0,0,0,0.3266336457765475,1.0,190.3183135986328,3.45155668258667,1,1,6,18,1,172.83462336410747,-217.0869598388672,0.9166819453239441,-215.58676147460938,11.561592102050781,1,-215.58676147460938,11.561592102050781,197.15103149414062,7.235501766204834,0.8546484112739563,0.04160234332084656,4.0,4.0,1,193.1529998779297,6.865256309509277,5.739137326982711,20.517467498779297,8.188423156738281,0.3266336457765475,193.1529998779297,6.865256309509277,193.1529998779297,6.865256309509277,0.0,0.0,0.0,0,3.18873339590765,3.1886479180858536,-0.023347904905676842,3.050490617752075,-0.023609353229403496,0.7442048788070679,0.03849877789616585,-1.084128499477738,0.0,172.82587079685123,172.82587079685123,1.6017227973544403,3.4218978881835938,-0.06911630183458328,0.015884470272589296,1.0,194.71296327952018,7.381968925077229,0,0,1,536.8503883074269,0.26616008423212867,1.2826972487437729,0.07795626472909145,-213.17799838368734,11.157296163363464,2.6074061514816984,3.1284468824811666,0.0,0,5.6499209298027235,nan
GT+smooth-jitter_controlled_forward3x6_SoftMS_local_prior_3frame_causal_heading_continuous_waypoint_RNN_polynomial_Kalman,1,controlled_gt_jitter,8.0,-211.5347923353191,15.126795287713442,5.559461204719947,-1.9754042667299172,0,0,6,-215.58254957038716,10.999967840660783,-217.09425354003906,17.10219955444336,-1,-215.58255004882812,10.999967575073242,-215.58254957038716,10.999967840660783,0.0,0,0.0,0.0,58,/yh/study/uav-sat/v36_GvsK/v36_training_data/routes/route_C/vi/vi_000058.jpg,-217.09425354003906,17.10219955444336,199.2378149435958,1.8860933627089786,0,3.2421609597703536,3.2421609597703536,1,3.2421609597703536,174.02512084256966,-0.40247275163598906,198.05773949563496,7.358477222103386,-216.50140602175912,11.535504395957513,5.5981749854252,5.868116412018275,1,0.0,0,0,0.6426281647718326,1.0,193.50015258789062,3.26054310798645,1,1,6,18,1,172.83155991754302,-217.0869598388672,0.9166819453239441,-218.90020751953125,10.655219078063965,1,-218.90020751953125,10.655219078063965,200.349609375,8.488285064697266,0.6364659070968628,0.1806659996509552,4.0,4.0,1,196.3516082763672,8.124480247497559,6.873693319479504,20.51435089111328,8.187202453613281,0.6426281647718326,196.3516082763672,8.124480247497559,196.3516082763672,8.124480247497559,0.0,0.0,0.0,0,3.3448587109167525,3.3447762161147745,-0.02349170297384262,3.054642677307129,-0.023517275229096413,0.7436925768852234,0.038638751953840256,-1.0909927328718951,0.0,172.81900656345707,172.81900656345707,1.2061142791126083,3.425787925720215,-0.0694383904337883,0.02492083981778096,1.0,197.08725327344058,7.793509488513412,0,0,1,534.4760983135066,0.26940558578543905,2.150561670155213,0.18751828246322466,-215.58254957038716,10.999967840660783,2.40969263819765,3.2421609597703536,0.0,0,6.286690765462793,nan
GT+smooth-jitter_controlled_forward3x6_SoftMS_local_prior_3frame_causal_heading_continuous_waypoint_RNN_polynomial_Kalman,1,controlled_gt_jitter,8.0,-215.00971818022464,15.691369975942601,5.633424519970662,-1.7822609292087657,0,0,6,-219.28722391979923,11.515640118396476,-220.6431427001953,17.473630905151367,-1,-219.2872314453125,11.515640258789062,-219.28722391979923,11.515640118396476,0.0,0,0.0,0.0,59,/yh/study/uav-sat/v36_GvsK/v36_training_data/routes/route_C/vi/vi_000059.jpg,-220.6431427001953,17.473630905151367,202.80608120798234,1.8932617519251196,0,3.568273464767423,3.568273464767423,1,3.568273464767423,174.02510222448433,-1.8618085353751977e-05,200.82757109578995,7.770003722568693,-219.29926507351124,11.420153278359518,6.200854655091628,6.156677588289641,1,0.0,0,0,0.3265431733763591,1.0,197.01536560058594,3.0678114891052246,1,1,6,18,1,172.8271662916377,-231.12838745117188,24.797319412231445,-227.1925811767578,12.752494812011719,1,-227.1925811767578,12.752494812011719,208.81768798828125,7.28258752822876,0.8368918895721436,0.037659719586372375,4.0,4.0,1,204.81961059570312,6.911048412322998,5.406707275642159,20.52780532836914,8.190808296203613,0.3265431733763591,204.81961059570312,6.911048412322998,203.97556482257494,6.911048412322998,0.8440457731281881,0.0,0.0,1,3.7403916817917593,3.7403178223493705,-0.023505765944719315,3.0525894165039062,-0.023719973862171173,0.7435559034347534,0.03848743438720703,-1.0735735093325411,0.0,172.83642578699641,172.83642578699641,1.1886764374879006,3.423682451248169,-0.06863543391227722,0.031247873511318417,1.0,200.82572814679583,7.6737783125047985,0,0,1,530.7376234401513,0.27451584023605574,1.9803530611865199,0.5156840482635165,-219.28722391979923,11.515640118396476,3.740391681791746,3.568273464767423,0.17211821702432317,0,6.110333047722273,nan
GT+smooth-jitter_controlled_forward3x6_SoftMS_local_prior_3frame_causal_heading_continuous_waypoint_RNN_polynomial_Kalman,1,controlled_gt_jitter,8.0,-218.1674157894166,16.224862821495105,5.700305768200593,-1.5862562580947386,0,0,6,-222.4866859986503,11.754284972025406,-223.8677215576172,17.811119079589844,-1,-222.48667907714844,11.754284858703613,-222.4866859986503,11.754284972025406,0.0,0,0.0,0.0,60,/yh/study/uav-sat/v36_GvsK/v36_training_data/routes/route_C/vi/vi_000060.jpg,-223.8677215576172,17.811119079589844,206.04826637336885,1.8997755039786957,0,3.2421917086467884,3.2421917086467884,1,3.2421917086467884,174.02510993322792,7.70874361189844e-06,204.22634757687672,7.650154732391745,-222.66614562830543,11.8999039204475,6.032101571722385,5.454974282356674,1,0.0,0,0,0.570834239009656,1.0,200.2118377685547,2.872331142425537,1,1,6,18,1,172.83040710967717,-221.8182830810547,0.9466333985328674,-226.2172393798828,11.589070320129395,1,-226.2172393798828,11.589070320129395,207.72442626953125,8.33597183227539,0.7670003175735474,0.2688863277435303,4.0,4.0,1,203.72642517089844,7.975432395935059,6.504195049217566,20.556671142578125,8.195091247558594,0.570834239009656,203.72642517089844,7.975432395935059,203.72642517089844,7.975432395935059,0.0,0.0,0.0,0,3.4007014837796357,3.400619430080887,-0.023623580113053322,3.0677552223205566,-0.023588435724377632,0.7488278150558472,0.0388575941324234,-1.116088341986403,0.0,172.79391095434255,172.79391095434255,1.2311989788853739,3.4414350986480713,-0.07120605558156967,0.0028399786148304274,1.0,204.0324519397924,7.775912908011349,0,0,1,527.5308996471547,0.27889922519655214,2.015814433576452,0.17443648632623177,-222.4866859986503,11.754284972025406,3.208349881195875,3.2421917086467884,0.0,0,6.212286102690931,nan
GT+smooth-jitter_controlled_forward3x6_SoftMS_local_prior_3frame_causal_heading_continuous_waypoint_RNN_polynomial_Kalman,1,controlled_gt_jitter,8.0,-221.32808374455354,16.750414730490064,5.759989985915215,-1.3876620517364977,0,0,6,-225.8403338442875,12.303062678144169,-227.08807373046875,18.138076782226562,-1,-225.84033203125,12.303062438964844,-225.8403338442875,12.303062678144169,0.0,0,0.0,0.0,61,/yh/study/uav-sat/v36_GvsK/v36_training_data/routes/route_C/vi/vi_000061.jpg,-227.08807373046875,18.138076782226562,209.28513152417753,1.916311887608688,0,3.2369073907826373,3.2369073907826373,1,3.2369073907826373,174.20270742707044,0.17759749384248982,207.43062110606323,7.752308656567009,-225.86317332206215,12.138269604685611,6.12356654068416,5.7626352773802605,1,0.0,0,0,0.3298397863470499,1.0,203.41043090820312,2.6850621700286865,1,1,6,18,1,172.8176334819905,-231.12838745117188,24.797319412231445,-231.9286651611328,13.704529762268066,1,-231.9286651611328,13.704529762268066,213.6280517578125,6.83837890625,0.844305157661438,0.041578710079193115,4.0,6.741024971008301,1,209.6299591064453,6.4704694747924805,4.567193601151184,20.60683250427246,10.948526382446289,0.3298397863470499,209.6299591064453,6.4704694747924805,209.6299591064453,6.4704694747924805,0.0,0.0,0.0,1,3.398251144821419,3.3981691662708373,-0.023604251444339752,3.0720584392547607,-0.023728370666503906,0.7519230842590332,0.03889095410704613,-1.1052410410890707,0.0,172.8047582552399,172.8047582552399,1.3979491718305317,3.447295904159546,-0.0707906037569046,0.0241299046440176,1.0,207.42539350916266,7.586022544592556,0,0,1,524.1379580777844,0.28353715786774203,1.8597380150148695,0.1648489515278766,-225.8403338442875,12.303062678144169,3.3982511448214057,3.2369073907826373,0.16134375403876833,0,5.96692922854026,nan
GT+smooth-jitter_controlled_forward3x6_SoftMS_local_prior_3frame_causal_heading_continuous_waypoint_RNN_polynomial_Kalman,1,controlled_gt_jitter,8.0,-224.81403070634715,17.310561444440026,5.812373102246596,-1.1867549160336066,0,0,6,-229.51241556239907,12.798630981190295,-230.62640380859375,18.497316360473633,-1,-229.51242065429688,12.798630714416504,-229.51241556239907,12.798630981190295,0.0,0,0.0,0.0,62,/yh/study/uav-sat/v36_GvsK/v36_training_data/routes/route_C/vi/vi_000062.jpg,-230.62640380859375,18.497316360473633,212.841604865294,1.934483026018874,0,3.556519761837856,3.556519761837856,1,3.556519761837856,174.20273886739915,3.144032873311689e-05,211.130688598544,7.562350027203497,-229.52220657538805,12.719698345665662,5.882186791904241,6.2425698002802665,1,0.0,0,0,0.2665182684880212,1.0,206.93612670898438,2.4979026317596436,1,1,6,18,1,172.81312715796386,-231.12838745117188,24.797319412231445,-235.69622802734375,13.80150032043457,1,-235.69622802734375,13.80150032043457,217.38462829589844,7.141658306121826,0.8835818767547607,0.026023447513580322,4.0,10.003665924072266,1,213.3865509033203,6.776386260986328,4.872472998503824,20.60661506652832,14.210853576660156,0.2665182684880212,213.3865509033203,6.776386260986328,213.3865509033203,6.776386260986328,0.0,0.0,0.0,1,3.705370708508524,3.705295089381334,-0.023672517389059067,3.0741372108459473,-0.023808281868696213,0.7510406374931335,0.038877882063388824,-1.106752220442936,0.0,172.80324707588602,172.80324707588602,1.3994917915131302,3.44892954826355,-0.07099959254264832,0.014420022046732567,1.0,211.1293268470958,7.4828241162108595,0,0,1,520.4340247398513,0.2886001962633893,1.712278018198191,0.48238255099190885,-229.51241556239907,12.798630981190295,3.705370708508562,3.556519761837856,0.14885094667070575,0,5.806546724578868,nan
GT+smooth-jitter_controlled_forward3x6_SoftMS_local_prior_3frame_causal_heading_continuous_waypoint_RNN_polynomial_Kalman,1,controlled_gt_jitter,8.0,-227.98794424860867,17.840309481367914,5.857362147875699,-0.9838158085490796,0,0,6,-232.75022723284496,13.400549296052201,-233.84530639648438,18.824125289916992,-1,-232.75022888183594,13.400548934936523,-232.75022723284496,13.400549296052201,0.0,0,0.0,0.0,63,/yh/study/uav-sat/v36_GvsK/v36_training_data/routes/route_C/vi/vi_000063.jpg,-233.84530639648438,18.824125289916992,216.07701282848376,1.9510135559896222,0,3.235450192275084,3.235450192275084,1,3.235450192275084,174.20273559725103,-3.270148133396662e-06,214.50175590249992,7.459076929103058,-232.86329287580097,13.1800269606629,5.728891385346197,6.766455833637394,1,0.0,0,0,0.45028234800678046,1.0,210.14833068847656,2.3078665733337402,1,1,6,18,1,172.80966916125314,-235.82920837402344,29.585424423217773,-235.33969116210938,20.10721206665039,1,-235.33969116210938,20.10721206665039,217.69908142089844,0.8337079882621765,0.8378378748893738,0.0890851765871048,4.0,8.900808334350586,1,213.7010040283203,0.4692690074443817,2.800175838335485,20.605854034423828,13.107736587524414,0.45028234800678046,213.7010040283203,0.4692690074443817,213.7010040283203,5.366111054891871,0.0,-4.896842047447489,0.0,0,3.3725126630791795,3.3724290554041145,-0.023747187107801437,3.0731139183044434,-0.02369503490626812,0.7492859363555908,0.0389406755566597,-1.0991084917097513,0.0,172.81089080461922,172.81089080461922,1.391844792631812,3.4470412731170654,-0.07035839557647705,0.010846296843117694,1.0,214.41272368144033,7.227803922386318,0,0,1,517.1506279055068,0.2930883883348237,1.6642891470434336,0.16233627397064065,-232.75022723284496,13.400549296052201,3.2932856042320147,3.235450192275084,0.05783541195693065,0,5.533025839074281,nan
GT+smooth-jitter_controlled_forward3x6_SoftMS_local_prior_3frame_causal_heading_continuous_waypoint_RNN_polynomial_Kalman,1,controlled_gt_jitter,8.0,-231.11170109404907,18.339641026133044,5.894875444036878,-0.7791295732321896,0,0,6,-236.00392689944152,13.998440915825174,-237.00657653808594,19.118770599365234,-1,-236.00392150878906,13.998440742492676,-236.00392689944152,13.998440915825174,0.0,0,0.0,0.0,64,/yh/study/uav-sat/v36_GvsK/v36_training_data/routes/route_C/vi/vi_000064.jpg,-237.00657653808594,19.118770599365234,219.251701339854,1.993411932550163,0,3.1749716166544566,3.1749716166544566,1,3.1749716166544566,174.67514636993994,0.4724107726889251,217.72081578143553,7.204085420013815,-236.03713372128053,13.775091210510077,5.430904969333476,7.292839762321638,1,0.0,0,0,0.43774018255720687,1.0,213.30743408203125,2.142754077911377,1,1,6,18,1,172.8100966884065,-245.2918701171875,29.645313262939453,-240.9159698486328,21.19115447998047,1,-240.9159698486328,21.19115447998047,223.35888671875,0.34747323393821716,0.7554910182952881,0.06567837297916412,4.0,8.111808776855469,1,219.3607635498047,-0.020896881818771362,2.017259171570105,20.628860473632812,12.32397174835205,0.43774018255720687,219.3607635498047,-0.020896881818771362,219.3607635498047,5.1318141187944235,0.0,-5.152711000613195,0.0,1,3.3081771278765313,3.308092099995195,-0.02371850237250328,3.0768370628356934,-0.02401210553944111,0.7520002126693726,0.03879973292350769,-1.100811449968906,0.0,172.80918784636006,172.80918784636006,1.8659585235798917,3.4521114826202393,-0.07094591856002808,0.013564574583926351,1.0,217.71149165337513,6.978473264940336,0,0,1,513.851859933572,0.2975975917616752,1.5402096864788746,0.09813455381876324,-236.00392689944152,13.998440915825174,3.308177127876516,3.1749716166544566,0.1332055112220596,0,5.217574375705173,nan
GT+smooth-jitter_controlled_forward3x6_SoftMS_local_prior_3frame_causal_heading_continuous_waypoint_RNN_polynomial_Kalman,1,controlled_gt_jitter,8.0,-234.5545273460164,18.869465103045844,5.924842771171095,-0.5729844666563046,0,0,6,-239.5668834046099,14.58623274261779,-240.4793701171875,19.44244956970215,-1,-239.56687927246094,14.586233139038086,-239.5668834046099,14.58623274261779,0.0,0,0.0,0.0,65,/yh/study/uav-sat/v36_GvsK/v36_training_data/routes/route_C/vi/vi_000065.jpg,-240.4793701171875,19.44244956970215,222.73923539486879,2.039990189275646,0,3.487845082409396,3.487845082409396,1,3.487845082409396,174.6751757290943,2.935915432873976e-05,221.32252862851126,6.954593282409265,-239.592051454302,14.40528298367613,5.1147220476661195,7.88709577998172,1,0.0,0,0,0.3303628692569947,1.0,216.78704833984375,1.9811712503433228,1,1,6,18,1,172.80977855100156,-245.2918701171875,29.645313262939453,-245.08241271972656,19.616666793823242,1,-245.08241271972656,19.616666793823242,227.33477783203125,2.355095386505127,0.8270056247711182,0.038986966013908386,4.0,9.632862091064453,1,223.33705139160156,1.9794586896896362,0.6008727222895421,20.227819442749023,13.767559051513672,0.3303628692569947,223.33705139160156,1.9794586896896362,223.33705139160156,5.059494548135223,0.0,-3.080035858445587,0.0,1,3.6111159340799377,3.611036975136136,-0.02387998253107071,2.9315474033355713,-0.019732041284441948,0.7007669806480408,0.0384284108877182,-1.0283540284890602,0.0,172.8816452678399,172.8816452678399,1.7935304612543748,3.281393051147461,-0.05941922590136528,0.011408583553779212,1.0,221.31669967249138,6.771994626176349,0,0,1,510.2466519144557,0.3025256790029177,1.422535722377404,0.5562976790738245,-239.5668834046099,14.58623274261779,3.611115934079925,3.487845082409396,0.12327085167052898,0,4.941201662782842,nan
GT+smooth-jitter_controlled_forward3x6_SoftMS_local_prior_3frame_causal_heading_continuous_waypoint_RNN_polynomial_Kalman,1,controlled_gt_jitter,8.0,-237.69186308667886,19.37127442925772,5.947205516836749,-0.3656716766993096,0,0,6,-242.635596166206,15.205013703052071,-243.63906860351562,19.73694610595703,-1,-242.63558959960938,15.205013275146484,-242.635596166206,15.205013703052071,0.0,0,0.0,0.0,66,/yh/study/uav-sat/v36_GvsK/v36_training_data/routes/route_C/vi/vi_000066.jpg,-243.63906860351562,19.73694610595703,225.91234533721462,2.0823697616719143,0,3.173392937278705,3.173392937278705,1,3.173392937278705,174.67518749260935,1.1763515069328625e-05,224.60387282796566,6.750396011424057,-242.83321390514277,14.956447431033478,4.8479448610556055,8.31469908890318,1,0.0,0,0,0.35295871681183333,1.0,219.9599151611328,1.8150355815887451,1,1,6,18,1,172.83493189655889,-245.2918701171875,29.645313262939453,-245.12820434570312,19.633071899414062,1,-245.12820434570312,19.633071899414062,227.38204956054688,2.3436410427093506,0.8226178288459778,0.047031402587890625,4.0,9.549870491027832,1,223.3843994140625,1.9786171913146973,2.5300741463912377,20.226266860961914,13.682381629943848,0.35295871681183333,223.3843994140625,1.9786171913146973,223.3843994140625,4.818014128684531,0.0,-2.839396937369834,0.0,0,3.2872441123576253,3.287173155474268,-0.021598614752292633,2.9440274238586426,-0.019581452012062073,0.7021027207374573,0.038791488856077194,-1.0276400602773823,0.0,172.88235923605157,172.88235923605157,1.7928282565577662,3.2945454120635986,-0.05928206071257591,0.009072139418213523,1.0,224.4337408791577,6.48226715747038,0,0,1,507.12961070778937,0.3067864736421033,1.4786044580569069,0.2293655134200625,-242.635596166206,15.205013703052071,3.130477262364106,3.173392937278705,0.0,0,4.641698852461246,nan
GT+smooth-jitter_controlled_forward3x6_SoftMS_local_prior_3frame_causal_heading_continuous_waypoint_RNN_polynomial_Kalman,1,controlled_gt_jitter,8.0,-240.8854953068441,19.842110807479678,5.961916802530902,-0.15748483461016474,0,0,6,-245.90640278844833,15.868132773391743,-246.847412109375,19.999595642089844,-1,-245.90640258789062,15.868132591247559,-245.90640278844833,15.868132773391743,0.0,0,0.0,0.0,67,/yh/study/uav-sat/v36_GvsK/v36_training_data/routes/route_C/vi/vi_000067.jpg,-246.847412109375,19.999595642089844,229.13044710432024,2.161577381080656,0,3.2190763940019824,3.2190763940019824,1,3.2190763940019824,175.3199442022172,0.6447567096078428,227.77102765965253,6.461777982597743,-245.95187517529976,15.579441794141125,4.509960802471429,8.600801413949796,1,0.0,0,0,0.2813898027745584,1.0,223.1854705810547,1.6856704950332642,1,1,6,18,1,172.85153149739784,-245.2918701171875,29.645313262939453,-249.77320861816406,18.244041442871094,1,-249.77320861816406,18.244041442871094,231.85348510742188,4.217623233795166,0.8821895718574524,0.03272397816181183,4.0,13.113741874694824,1,227.85581970214844,3.8561456203460693,2.1204331000751973,20.265893936157227,17.25381851196289,0.2813898027745584,227.85581970214844,3.8561456203460693,227.85581970214844,4.647484808019722,0.0,-0.7913391876736524,0.0,1,3.337349676247978,3.3372867804948263,-0.020489174872636795,2.9605469703674316,-0.01989695057272911,0.7076405882835388,0.03893157094717026,-1.0292581747804408,0.0,172.8807411215485,172.8807411215485,2.4392030806686673,3.3138248920440674,-0.05996700003743172,0.006093869154957764,1.0,227.75643927846602,6.16989204836829,0,0,1,503.80691230848106,0.31132838842241667,1.3740078258542212,0.2585294236345508,-245.90640278844833,15.868132773391743,3.3373496762479724,3.2190763940019824,0.11827328224598999,0,4.237273177115444,nan
GT+smooth-jitter_controlled_forward3x6_SoftMS_local_prior_3frame_causal_heading_continuous_waypoint_RNN_polynomial_Kalman,1,controlled_gt_jitter,8.0,-244.09334478783512,20.314061621764022,5.968941589118006,0.05128047857554688,0,0,6,-249.20448285123686,16.366575682272593,-250.06228637695312,20.262781143188477,-1,-249.20448303222656,16.366575241088867,-249.20448285123686,16.366575682272593,0.0,0,0.0,0.0,68,/yh/study/uav-sat/v36_GvsK/v36_training_data/routes/route_C/vi/vi_000068.jpg,-250.06228637695312,20.262781143188477,232.35509963743394,2.2409449122748515,0,3.2256291114020725,3.2256291114020725,1,3.2256291114020725,175.31992070583047,-2.3496386715634345e-05,231.09191088967336,6.149728596115544,-249.22091142829694,16.24204440780003,4.107826152544474,8.884194674244277,1,0.0,0,0,0.22278945415741117,1.0,226.42527770996094,1.5567055940628052,1,1,6,18,1,172.86175490320318,-250.17572021484375,5.884467601776123,-255.09878540039062,17.390146255493164,1,-255.09878540039062,17.390146255493164,237.05841064453125,5.631692886352539,0.923940122127533,0.017973005771636963,4.0,11.648624420166016,1,233.06060791015625,5.2634806632995605,3.1037822554267622,20.351144790649414,15.807977676391602,0.22278945415741117,233.06060791015625,5.2634806632995605,233.06060791015625,5.2634806632995605,0.0,0.0,0.0,1,3.3355325562759597,3.3354716112073404,-0.02016345225274563,2.9771316051483154,-0.020462872460484505,0.7155856490135193,0.03895924985408783,-1.0176451456441264,0.0,172.89235415068484,172.89235415068484,2.4275665551456376,3.334381103515625,-0.06021243706345558,0.007851858744390925,1.0,231.0887866175203,6.02415720052924,0,0,1,500.47456496942675,0.3158834926821169,1.266313019913639,0.2484975062537571,-249.20448285123686,16.366575682272593,3.3355325562759526,3.2256291114020725,0.10990344487388004,0,3.9895167479786324,nan
GT+smooth-jitter_controlled_forward3x6_SoftMS_local_prior_3frame_causal_heading_continuous_waypoint_RNN_polynomial_Kalman,1,controlled_gt_jitter,8.0,-247.59734077357083,20.809904943309885,5.968256760608861,0.26032723029718796,0,0,6,-252.55490287290726,16.79308397277217,-253.5655975341797,20.549577713012695,-1,-252.55490112304688,16.79308319091797,-252.55490287290726,16.79308397277217,0.0,0,0.0,0.0,69,/yh/study/uav-sat/v36_GvsK/v36_training_data/routes/route_C/vi/vi_000069.jpg,-253.5655975341797,20.549577713012695,235.86906617015185,2.327435048994516,0,3.515030773238131,3.515030773238131,1,3.515030773238131,175.3199499650173,2.9259186797990984e-05,234.7050372931099,6.0038290662309155,-252.7981685003853,16.770439071119732,3.856272318776152,9.098379728942867,1,0.0,0,0,0.2200876728314816,1.0,229.9621124267578,1.435401439666748,1,1,6,18,1,172.87246463982177,-259.63836669921875,5.944347858428955,-255.34278869628906,16.968841552734375,1,-255.34278869628906,16.968841552734375,237.25634765625,6.076506614685059,0.9207659363746643,0.015373319387435913,4.0,9.25338363647461,1,233.2584991455078,5.710806369781494,4.2734367533032245,20.424091339111328,13.427223205566406,0.2200876728314816,233.2584991455078,5.710806369781494,233.2584991455078,5.710806369781494,0.0,0.0,0.0,0,3.6163078107022812,3.616250675589605,-0.020328134298324585,2.9983932971954346,-0.021065903827548027,0.7237453460693359,0.03898397833108902,-1.0362001015764066,0.0,172.87379919475256,172.87379919475256,2.446150770264716,3.3596880435943604,-0.062341101467609406,0.0036354851841891014,1.0,234.46554695124266,5.955503780557256,0,0,1,497.0978046357044,0.320499306646003,1.4035192189091958,0.5166374760426966,-252.55490287290726,16.79308397277217,3.377458163097623,3.515030773238131,0.0,0,3.8900834076907445,nan
GT+smooth-jitter_controlled_forward3x6_SoftMS_local_prior_3frame_causal_heading_continuous_waypoint_RNN_polynomial_Kalman,1,controlled_gt_jitter,8.0,-252.61329944868731,21.497939057682302,5.95985118607832,0.4693574384196066,0,0,6,-257.6902144767228,16.517326658843253,-258.5731506347656,21.028581619262695,-1,-257.6902160644531,16.51732635498047,-257.6902144767228,16.517326658843253,0.0,0,0.0,0.0,70,/yh/study/uav-sat/v36_GvsK/v36_training_data/routes/route_C/vi/vi_000070.jpg,-258.5731506347656,21.028581619262695,240.89917679768888,2.382388412218865,0,5.030410798075103,5.030410798075103,1,5.030410798075103,174.53592400456765,-0.7840259604496174,239.60821527318745,5.934769872738462,-257.66634874241015,17.35928931327139,3.779681957359172,6.9411044142134894,1,0.0,0,0,0.5262690113819019,1.0,235.0227508544922,1.2833960056304932,1,1,6,18,1,172.87293176072797,-264.36968994140625,5.97428560256958,-264.1127014160156,15.716468811035156,1,-264.1127014160156,15.716468811035156,245.84390258789062,8.252216339111328,0.8480280041694641,0.12081874907016754,4.0,4.0,1,241.84628295898438,7.892817497253418,5.591228736329661,20.32075309753418,8.152324676513672,0.5262690113819019,241.84628295898438,7.892817497253418,241.84628295898438,7.892817497253418,0.0,0.0,0.0,1,5.142710118650273,5.142668321944792,-0.02073390781879425,2.981576442718506,-0.021026205271482468,0.7245720624923706,0.038656532764434814,-1.060733820909975,0.0,172.849265475419,172.849265475419,1.6866585291486669,3.3432581424713135,-0.06360003352165222,0.04572165945325364,1.0,239.54262205028633,6.774512817832615,0,0,1,492.0207295366607,0.32743934141951947,1.356554747402555,2.048834355356597,-257.6902144767228,16.517326658843253,5.142710118650277,5.030410798075103,0.11229932057517455,0,4.596846481783835,nan
GT+smooth-jitter_controlled_forward3x6_SoftMS_local_prior_3frame_causal_heading_continuous_waypoint_RNN_polynomial_Kalman,1,controlled_gt_jitter,8.0,-257.63009626192746,22.18499825876296,5.943725759556905,0.6780726758772172,0,0,6,-262.8176475858539,16.299912637630584,-263.5738220214844,21.506925582885742,-1,-262.8176574707031,16.29991340637207,-262.8176475858539,16.299912637630584,0.0,0,0.0,0.0,71,/yh/study/uav-sat/v36_GvsK/v36_training_data/routes/route_C/vi/vi_000071.jpg,-263.5738220214844,21.506925582885742,245.9223745348202,2.437267908945793,0,5.023497513235399,5.023497513235399,1,5.023497513235399,174.5359428911777,1.8886610043843896e-05,244.6746199612256,6.75361814511099,-262.79103309832436,17.082559827328495,4.493080328368241,6.146247259795573,1,0.0,0,0,0.5660730974710361,1.0,240.08413696289062,1.1324489116668701,1,1,6,18,1,172.86464855553373,-264.36968994140625,5.97428560256958,-268.216064453125,14.331674575805664,1,-268.216064453125,14.331674575805664,249.77719116210938,10.064522743225098,0.7756569385528564,0.12447664141654968,4.0,4.0,1,245.77960205078125,9.71442699432373,7.278559495950912,20.324071884155273,8.150975227355957,0.5660730974710361,245.77960205078125,9.71442699432373,245.77960205078125,9.0376387559382,0.0,0.6767882383855301,0.0,1,5.132040446570276,5.131997910939276,-0.020894672721624374,2.991001844406128,-0.02051255851984024,0.7198036313056946,0.039182327687740326,-1.0527302265848952,0.0,172.85726906974406,172.85726906974406,1.6786738214336308,3.3503212928771973,-0.062485966831445694,0.03991845942222834,1.0,244.6180527884005,7.534671990532079,0,0,1,486.94529879854656,0.33437712845751727,1.3043217464197028,2.032495668829271,-262.8176475858539,16.299912637630584,5.13204044657028,5.023497513235399,0.1085429333348813,0,5.261633167482878,nan
GT+smooth-jitter_controlled_forward3x6_SoftMS_local_prior_3frame_causal_heading_continuous_waypoint_RNN_polynomial_Kalman,1,controlled_gt_jitter,8.0,-261.00781043964344,22.749404328592654,5.9198934177784395,0.8861745770057401,0,0,6,-265.5187156463736,17.41314561006412,-266.9277038574219,21.863229751586914,-1,-265.5187072753906,17.413145065307617,-265.5187156463736,17.41314561006412,0.0,0,0.0,0.0,72,/yh/study/uav-sat/v36_GvsK/v36_training_data/routes/route_C/vi/vi_000072.jpg,-266.9277038574219,21.863229751586914,249.29512915297508,2.438789677739488,0,3.372754961461821,3.372754961461821,1,3.372754961461821,173.9358508429808,-0.6000920481968745,248.09515346211134,7.513987480062642,-266.27293072160074,16.689367892977167,5.215129374365486,5.5860870439328005,1,0.0,0,0,0.579667760614194,1.0,243.50265502929688,0.9295715689659119,1,1,6,18,1,172.86206578353213,-269.0705261230469,10.762378692626953,-268.0633850097656,19.335521697998047,1,-268.0633850097656,19.335521697998047,250.15623474121094,5.072717666625977,0.7509393692016602,0.13058193027973175,4.0,4.0,1,246.15875244140625,4.731412410736084,3.8849681945576067,20.387306213378906,8.162879943847656,0.579667760614194,246.15875244140625,4.731412410736084,246.15875244140625,5.207535675049222,0.0,-0.4761232643131379,0.0,0,3.477162196978127,3.4771006737108423,-0.020684510469436646,3.0220770835876465,-0.020688194781541824,0.7336426377296448,0.03980926051735878,-1.0869813841166878,0.0,172.82301791221226,172.82301791221226,1.112832930768549,3.3882737159729004,-0.0650717243552208,0.06596846623795088,1.0,247.42198078590528,6.714279338637902,0,0,1,484.14137080104183,0.33820991749953583,1.8731483670698026,0.35067787787417437,-265.5187156463736,17.41314561006412,2.9214818702968235,3.372754961461821,0.0,0,4.667814975500385,nan
GT+smooth-jitter_controlled_forward3x6_SoftMS_local_prior_3frame_causal_heading_continuous_waypoint_RNN_polynomial_Kalman,1,controlled_gt_jitter,8.0,-264.39293189944306,23.312872561960877,5.888379135713186,1.093365344553649,0,0,6,-268.3475962913159,18.32234780654455,-270.28131103515625,22.219507217407227,-1,-268.34759521484375,18.32234764099121,-268.3475962913159,18.32234780654455,0.0,0,0.0,0.0,73,/yh/study/uav-sat/v36_GvsK/v36_training_data/routes/route_C/vi/vi_000073.jpg,-270.28131103515625,22.219507217407227,252.6676078300445,2.44030886007932,0,3.3724790192383503,3.3724790192383503,1,3.3724790192383503,173.93580901636886,-4.182661194771935e-05,250.9443116471357,6.693592801610543,-269.01897349691416,17.807401375424234,4.589136522409805,4.704566898306562,1,0.0,0,0,0.7122639821803942,1.0,246.92845153808594,0.7284126281738281,1,1,6,18,1,172.84839900188976,-269.0705261230469,10.762378692626953,-271.53472900390625,19.0436954498291,1,-271.53472900390625,19.0436954498291,253.5770263671875,5.731173515319824,0.509855329990387,0.4853143095970154,4.0,4.0,1,249.57957458496094,5.391358852386475,4.271375115795568,20.4011173248291,8.163658142089844,0.7122639821803942,249.57957458496094,5.391358852386475,249.57957458496094,5.391358852386475,0.0,0.0,0.0,0,3.522391606393362,3.522330861230419,-0.02068653702735901,3.038606882095337,-0.01960490271449089,0.7352995872497559,0.0409901887178421,-1.0848879311360788,0.0,172.8251113651929,172.8251113651929,1.1106976511759923,3.405663013458252,-0.06360313296318054,0.03981943818915672,1.0,250.33135431959266,6.1103257155069,0,0,1,481.2319972673544,0.34218684380041764,2.336253510451826,0.33387213714301334,-268.3475962913159,18.32234780654455,2.9713993904242915,3.3724790192383503,0.0,0,4.350529184389084,nan
GT+smooth-jitter_controlled_forward3x6_SoftMS_local_prior_3frame_causal_heading_continuous_waypoint_RNN_polynomial_Kalman,1,controlled_gt_jitter,8.0,-267.78389777591775,23.874940297375797,5.8492198998634946,1.299348256360173,0,0,6,-271.7173481096094,19.159542282012858,-273.63311767578125,22.575592041015625,-1,-271.71734619140625,19.159542083740234,-271.7173481096094,19.159542282012858,0.0,0,0.0,0.0,74,/yh/study/uav-sat/v36_GvsK/v36_training_data/routes/route_C/vi/vi_000074.jpg,-273.63311767578125,22.575592041015625,256.0382756938663,2.441828577500571,0,3.370668206415765,3.370668206415765,1,3.370668206415765,173.93583197753867,2.2961169792946897e-05,253.88892277943705,6.090234077537883,-271.88295598933644,18.71975040594179,4.2344516343286065,4.380020859225191,1,0.0,0,0,0.6698159830606356,1.0,250.3599090576172,0.529266357421875,1,1,6,18,1,172.8402483450541,-273.8018493652344,10.792313575744629,-275.4119873046875,20.092823028564453,1,-275.4119873046875,20.092823028564453,257.543701171875,5.099307060241699,0.5870335102081299,0.26148849725723267,4.0,4.0,1,253.546142578125,4.76361608505249,3.4060864194554306,20.528152465820312,8.190671920776367,0.6698159830606356,253.546142578125,4.76361608505249,253.546142578125,4.76361608505249,0.0,0.0,0.0,0,3.5576251939174113,3.557568459844395,-0.02009163796901703,3.0720486640930176,-0.021177278831601143,0.7482019066810608,0.040622711181640625,-1.1241482853721354,0.0,172.78585101095683,172.78585101095683,1.1499809665818417,3.445469379425049,-0.06847517937421799,0.022136724276958446,1.0,253.77090726843886,5.635354749309362,0,0,1,477.7924443185082,0.34688849122628296,2.267368425427435,0.29861954232274757,-271.7173481096094,19.159542282012858,3.4721926655425177,3.370668206415765,0.10152445912675256,0,3.916576181648083,nan
GT+smooth-jitter_controlled_forward3x6_SoftMS_local_prior_3frame_causal_heading_continuous_waypoint_RNN_polynomial_Kalman,1,controlled_gt_jitter,8.0,-271.1419628308879,24.442962768466845,5.80246465934645,1.5038281706885253,0,0,6,-274.87046834265914,19.70975821788116,-276.9444274902344,22.93913459777832,-1,-274.8704833984375,19.709758758544922,-274.87046834265914,19.70975821788116,0.0,0,0.0,0.0,75,/yh/study/uav-sat/v36_GvsK/v36_training_data/routes/route_C/vi/vi_000075.jpg,-276.9444274902344,22.93913459777832,259.3694664713137,2.431636319632192,0,3.331206369751227,3.331206369751227,1,3.331206369751227,173.73469515546228,-0.20113682207639205,257.28350186484,5.614666008772791,-275.2079244084103,19.55276731288036,3.8056440113877867,4.848410347897535,1,0.0,0,0,0.35857485849026594,1.0,253.75929260253906,0.3207084536552429,1,1,6,18,1,172.82120929946439,-273.8018493652344,10.792313575744629,-275.7830505371094,21.641796112060547,1,-275.7830505371094,21.641796112060547,258.0769958496094,3.5984420776367188,0.6932938694953918,0.018880829215049744,4.0,4.0,1,254.0793914794922,3.25610613822937,5.353937233557519,20.481176376342773,8.178777694702148,0.35857485849026594,254.0793914794922,3.25610613822937,254.0793914794922,3.673017492263852,0.0,-0.416911354034482,0.0,0,3.5126555229130125,3.5125945964011134,-0.02068874053657055,3.0613644123077393,-0.019630219787359238,0.7402795553207397,0.04154546931385994,-1.099832278318361,0.0,172.81016701801062,172.81016701801062,0.9245281374516753,3.430893898010254,-0.06472375988960266,0.05352500749554052,1.0,256.9646054905307,5.422760190680653,0,0,1,474.5987460964164,0.35125407107000245,2.404860980782985,0.2698419574434876,-274.87046834265914,19.70975821788116,3.200766280150887,3.331206369751227,0.0,0,3.8379914472089043,nan
GT+smooth-jitter_controlled_forward3x6_SoftMS_local_prior_3frame_causal_heading_continuous_waypoint_RNN_polynomial_Kalman,1,controlled_gt_jitter,8.0,-274.50878375297646,25.009320790798462,5.748174254836032,1.7065120292017826,0,0,6,-278.331247577602,20.21449381323946,-280.2569580078125,23.30280876159668,-1,-278.33123779296875,20.214494705200195,-278.331247577602,20.21449381323946,0.0,0,0.0,0.0,76,/yh/study/uav-sat/v36_GvsK/v36_training_data/routes/route_C/vi/vi_000076.jpg,-280.2569580078125,23.30280876159668,262.70188502507983,2.4214427024862784,0,3.3324341444828858,3.3324341444828858,1,3.3324341444828858,173.73473637261145,4.121714917432532e-05,260.48942726621885,5.402653636649281,-278.37326458082526,20.103701535847247,3.71249080385624,5.500960052546763,1,0.0,0,0,0.2430493162906543,1.0,257.1672058105469,0.11473452299833298,1,1,6,18,1,172.81734447961122,-278.5331726074219,10.822246551513672,-281.7308044433594,22.03023338317871,1,-281.7308044433594,22.03023338317871,264.03240966796875,3.8431973457336426,0.8320851922035217,0.0032047033309936523,4.0,4.0,1,260.03466796875,3.506359338760376,2.87942545193328,20.664384841918945,8.219560623168945,0.2430493162906543,260.03466796875,3.506359338760376,260.03466796875,3.651622264769701,0.0,-0.145262926009325,0.0,0,3.5248791218821447,3.5248217756881868,-0.02010655403137207,3.1007468700408936,-0.022046416997909546,0.7585738897323608,0.04067140817642212,-1.1504472884410348,0.0,172.75955200788792,172.75955200788792,0.9751843647235233,3.4792981147766113,-0.07158160209655762,0.006673485439181053,1.0,260.45940139926313,5.288029011881443,0,0,1,471.10395018768395,0.35603123206522086,2.2424836258167034,0.23168727444199222,-278.331247577602,20.21449381323946,3.4973920189526364,3.3324341444828858,0.16495787446975063,0,3.6395123136579786,nan
GT+smooth-jitter_controlled_forward3x6_SoftMS_local_prior_3frame_causal_heading_continuous_waypoint_RNN_polynomial_Kalman,1,controlled_gt_jitter,8.0,-277.88343341084374,25.573632336312166,5.686421325484375,1.9071093565758372,0,0,6,-281.80454701143304,20.736210281287853,-283.5698547363281,23.666522979736328,-1,-281.8045349121094,20.736209869384766,-281.80454701143304,20.736210281287853,0.0,0,0.0,0.0,77,/yh/study/uav-sat/v36_GvsK/v36_training_data/routes/route_C/vi/vi_000077.jpg,-283.5698547363281,23.666522979736328,266.0346719724471,2.411248108581769,0,3.3328025393482985,3.3328025393482985,1,3.3328025393482985,173.73473895354903,2.5809375822525504e-06,263.9716013813183,5.266855534708592,-281.82138006310305,20.60815898027161,3.52289001192648,6.127972530202239,1,0.0,0,0,0.252843745235242,1.0,260.5826721191406,-0.08837392181158066,1,1,6,18,1,172.79711708782764,-283.2644958496094,10.852178573608398,-288.2362060546875,22.423192977905273,1,-288.2362060546875,22.423192977905273,270.54278564453125,4.142617225646973,0.9767000675201416,0.03893774747848511,4.0,4.0,1,266.544921875,3.7978315353393555,1.4774872461087398,20.6600399017334,8.218124389648438,0.252843745235242,266.544921875,3.7978315353393555,266.544921875,3.7978315353393555,0.0,0.0,0.0,1,3.512263804170153,3.5121999820551513,-0.021173477172851562,3.0965988636016846,-0.021246781572699547,0.75374436378479,0.04116325080394745,-1.1339307170891804,0.0,172.7760685792398,172.7760685792398,0.9586703743092512,3.472777843475342,-0.06940339505672455,0.020300821445541548,1.0,263.96844835872525,5.137741067010337,0,0,1,467.5949032282218,0.3608278733292346,2.0662236137218315,0.23620367574661394,-281.80454701143304,20.736210281287853,3.5122638041701464,3.3328025393482985,0.17946126482184788,0,3.420971188750737,nan
GT+smooth-jitter_controlled_forward3x6_SoftMS_local_prior_3frame_causal_heading_continuous_waypoint_RNN_polynomial_Kalman,1,controlled_gt_jitter,8.0,-281.1400340247608,26.080537223521983,5.61729019398924,2.1053327557485453,0,0,6,-285.1370952804572,21.221754454589213,-286.75732421875,23.975204467773438,-1,-285.1370849609375,21.22175407409668,-285.1370952804572,21.221754454589213,0.0,0,0.0,0.0,78,/yh/study/uav-sat/v36_GvsK/v36_training_data/routes/route_C/vi/vi_000078.jpg,-286.75732421875,23.975204467773438,269.2369010737105,2.442469022230981,0,3.2023812956029425,3.2023812956029425,1,3.2023812956029425,174.46860077387615,0.7338618203271166,267.3361153678788,5.11652727288323,-285.1509579223373,21.114581957003253,3.28078859839762,6.874744913848775,1,0.0,0,0,0.16378249320749197,1.0,263.8746643066406,-0.246923565864563,1,1,6,18,1,172.78975008847755,-292.7271728515625,10.912036895751953,-292.50799560546875,23.276098251342773,1,-292.50799560546875,23.276098251342773,274.8809509277344,3.7477216720581055,0.9731494784355164,0.0025321170687675476,4.0,4.0,1,270.8829345703125,3.4014534950256348,1.9050137771147237,20.776710510253906,8.244831085205078,0.16378249320749197,270.8829345703125,3.4014534950256348,270.0365172241994,3.4962861590908685,0.8464173461131073,-0.09483266406523372,0.0,1,3.3677338240428574,3.367667009153527,-0.021213794127106667,3.116921901702881,-0.022175375372171402,0.7621690630912781,0.04094647988677025,-1.1457591106277614,0.0,172.7642401857012,172.7642401857012,1.704360588174949,3.4972729682922363,-0.07164770364761353,0.014017017790079793,1.0,267.33370094801904,5.0084889109211455,0,0,1,464.22965063892804,0.3654279569474116,1.9032001256914555,0.08545939390006163,-285.1370952804572,21.221754454589213,3.367733824042902,3.2023812956029425,0.1653525284399593,0,3.1947814929327643,nan
GT+smooth-jitter_controlled_forward3x6_SoftMS_local_prior_3frame_causal_heading_continuous_waypoint_RNN_polynomial_Kalman,1,controlled_gt_jitter,8.0,-284.72450412935314,26.615830267319673,5.5408767300218456,2.300898397812838,0,0,6,-288.75995731984267,21.809499917059075,-290.265380859375,24.314931869506836,-1,-288.75994873046875,21.809499740600586,-288.75995731984267,21.809499917059075,0.0,0,0.0,0.0,79,/yh/study/uav-sat/v36_GvsK/v36_training_data/routes/route_C/vi/vi_000079.jpg,-290.265380859375,24.314931869506836,272.76120176896194,2.4768304944366446,0,3.5244682012073376,3.5244682012073376,1,3.5244682012073376,174.46860797515274,7.201276596251325e-06,271.0104117588052,4.986746246643592,-288.7907497882278,21.633438638702675,3.0602193945600176,7.494139630401201,1,0.0,0,0,0.1717027300930396,1.0,267.4956970214844,-0.3989173173904419,1,1,6,18,1,172.78082164385017,-292.7271728515625,10.912036895751953,-292.5191650390625,23.351564407348633,1,-292.5191650390625,23.351564407348633,274.9000549316406,3.6738662719726562,0.9733880162239075,0.005752690136432648,4.0,4.0,1,270.90191650390625,3.319732427597046,2.0414272864295104,20.87421989440918,8.267243385314941,0.1717027300930396,270.90191650390625,3.319732427597046,270.90191650390625,3.3534367419900764,0.0,-0.033704314393030455,0.0,0,3.6767750991326453,3.676710810786182,-0.02174266427755356,3.129216194152832,-0.023031074553728104,0.7686200141906738,0.040622733533382416,-1.1445032095941254,0.0,172.76549608673483,172.76549608673483,1.703111888417909,3.512770891189575,-0.07289841026067734,0.004677282149851796,1.0,270.9984715041125,4.808411785129253,0,0,1,460.5648800828346,0.3704374623417751,1.7627302648494378,0.3952520070545056,-288.75995731984267,21.809499917059075,3.670228069898973,3.5244682012073376,0.14575986869163549,0,2.9229247855058214,nan
GT+smooth-jitter_controlled_forward3x6_SoftMS_local_prior_3frame_causal_heading_continuous_waypoint_RNN_polynomial_Kalman,1,controlled_gt_jitter,8.0,-287.9982476963968,27.117397355183464,5.457288192275074,2.4935265055740903,0,0,6,-292.07588694752405,22.258278488478023,-293.4555358886719,24.623870849609375,-1,-292.0758972167969,22.258277893066406,-292.07588694752405,22.258278488478023,0.0,0,0.0,0.0,80,/yh/study/uav-sat/v36_GvsK/v36_training_data/routes/route_C/vi/vi_000080.jpg,-293.4555358886719,24.623870849609375,275.966128578619,2.508080280294231,0,3.2050791572713058,3.2050791572713058,1,3.2050791572713058,174.46864671877688,3.8743624139775465e-05,274.3445568947626,4.785960496131126,-292.0847771221672,22.186812498310225,2.796110334658896,8.019885673493876,1,0.0,0,0,0.19991180020932112,1.0,270.8041687011719,-0.5503405928611755,1,1,6,18,1,172.7754577041959,-292.7271728515625,10.912036895751953,-296.60601806640625,22.89930534362793,1,-296.60601806640625,22.89930534362793,278.9158630371094,4.557149410247803,0.9425073266029358,0.010242566466331482,4.0,4.0,1,274.9176940917969,4.205709457397461,1.9952843647235599,20.894960403442383,8.27155590057373,0.19991180020932112,274.9176940917969,4.205709457397461,274.9176940917969,4.205709457397461,0.0,0.0,0.0,1,3.3461607107100915,3.346085390650123,-0.022451288998126984,3.1346395015716553,-0.023329852148890495,0.7691314220428467,0.04050992801785469,-1.1510169689064962,0.0,172.75898232742247,172.75898232742247,1.7096643913544196,3.5184333324432373,-0.07376695424318314,0.0011598236257364036,1.0,274.34329875733874,4.713954662714153,0,0,1,457.22005282960833,0.37500962584063063,1.622829821280277,0.0704396556996505,-292.07588694752405,22.258278488478023,3.3461607107101177,3.2050791572713058,0.1410815534388119,0,2.738513907186397,nan
GT+smooth-jitter_controlled_forward3x6_SoftMS_local_prior_3frame_causal_heading_continuous_waypoint_RNN_polynomial_Kalman,1,controlled_gt_jitter,8.0,-291.6349743822016,27.618725216032814,5.366643049438987,2.682941829802347,0,0,6,-295.7325198234522,22.75056270664185,-297.0016174316406,24.93578338623047,-1,-295.7325134277344,22.75056266784668,-295.7325198234522,22.75056270664185,0.0,0,0.0,0.0,81,/yh/study/uav-sat/v36_GvsK/v36_training_data/routes/route_C/vi/vi_000081.jpg,-297.0016174316406,24.93578338623047,279.52528868771674,2.574133726022527,0,3.5597729899370036,3.5597729899370036,1,3.5597729899370036,174.97321340677144,0.5045666879945442,278.032849102511,4.6910201644487675,-295.74218208713006,22.672509933534222,2.5900934555884336,8.893406640664741,1,0.0,0,0,0.17495110872749242,1.0,274.47357177734375,-0.6630169153213501,1,1,6,18,1,172.7696913169891,-306.73822021484375,39.55075454711914,-302.31378173828125,28.1616268157959,1,-302.31378173828125,28.1616268157959,285.14971923828125,-0.06993421167135239,0.9505475163459778,0.0020271316170692444,4.0,4.0,1,281.1515197753906,-0.42425596714019775,3.4110069338219167,20.886180877685547,8.27005386352539,0.17495110872749242,281.1515197753906,-0.42425596714019775,280.7639646515116,3.0523508350484048,0.38755512387899804,-3.4766068021886025,0.0,1,3.6896216256916636,3.689550345172283,-0.022934498265385628,3.131476402282715,-0.023058034479618073,0.7667983770370483,0.04066282510757446,-1.1319194398220231,0.0,172.77807985650693,172.77807985650693,2.1951335502644906,3.5141358375549316,-0.07216047495603561,0.00617059974479615,1.0,278.03152202869745,4.612382809430529,0,0,1,453.5318295582496,0.3800511895867615,1.4937666590192862,0.4282965876542888,-295.7325198234522,22.75056270664185,3.689621625691687,3.5597729899370036,0.12984863575468353,0,2.5270136837008423,nan
GT+smooth-jitter_controlled_forward3x6_SoftMS_local_prior_3frame_causal_heading_continuous_waypoint_RNN_polynomial_Kalman,1,controlled_gt_jitter,8.0,-294.9580715535297,28.088375612589562,5.26907078045471,2.868874117228233,0,0,6,-299.0396791843975,23.229827394357756,-300.2271423339844,25.219501495361328,-1,-299.0396728515625,23.229827880859375,-299.0396791843975,23.229827394357756,0.0,0,0.0,0.0,82,/yh/study/uav-sat/v36_GvsK/v36_training_data/routes/route_C/vi/vi_000082.jpg,-300.2271423339844,25.219501495361328,282.76271006388134,2.634214457050367,0,3.2379788234465723,3.2379788234465723,1,3.2379788234465723,174.97318409907945,-2.930769198710505e-05,281.388957589083,4.589380367458035,-299.06856726842204,23.129627476026148,2.389533343403047,9.730887339567133,1,0.0,0,0,0.17794901150826367,1.0,277.8277282714844,-0.777467668056488,1,1,6,18,1,172.77262733783687,-306.73822021484375,39.55075454711914,-302.2705383300781,28.092845916748047,1,-302.2705383300781,28.092845916748047,285.0993957519531,-0.006129192188382149,0.9526340961456299,0.0036853402853012085,4.0,4.0,1,281.1011657714844,-0.36124542355537415,3.4254210444725848,20.923965454101562,8.278093338012695,0.17794901150826367,281.1011657714844,-0.36124542355537415,281.1011657714844,2.9457644984694,0.0,-3.307009922024774,0.0,0,3.357514356555782,3.357435560385558,-0.023002441972494125,3.1378631591796875,-0.023595508188009262,0.7696254253387451,0.04040282964706421,-1.1389183560088763,0.0,172.77108094032008,172.77108094032008,2.202103158759357,3.5219125747680664,-0.07341212779283524,0.001733242240071309,1.0,281.3708627988694,4.486681177590762,0,0,1,450.1924887880777,0.38461585341652826,1.391847265011961,0.10011566426688479,-299.0396791843975,23.229827394357756,3.3417058038642007,3.2379788234465723,0.1037269804176284,0,2.317082596678653,nan
GT+smooth-jitter_controlled_forward3x6_SoftMS_local_prior_3frame_causal_heading_continuous_waypoint_RNN_polynomial_Kalman,1,controlled_gt_jitter,8.0,-298.2888405916506,28.55435446778419,5.1647116544431295,3.051058569346689,0,0,6,-302.35079365662483,23.740421280494523,-303.45355224609375,25.5032958984375,-1,-302.3507995605469,23.740421295166016,-302.35079365662483,23.740421280494523,0.0,0,0.0,0.0,83,/yh/study/uav-sat/v36_GvsK/v36_training_data/routes/route_C/vi/vi_000083.jpg,-303.45355224609375,25.5032958984375,286.0010195493019,2.6943132158612153,0,3.2388671143125007,3.2388671143125007,1,3.2388671143125007,174.97321144443626,2.734535682017919e-05,284.7210330840715,4.463352549199734,-302.368467750659,23.608445732371877,2.1835442551209625,10.452023898352325,1,0.0,0,0,0.17350334617856894,1.0,281.18914794921875,-0.8874536752700806,1,1,6,18,1,172.77208615206683,-306.73822021484375,39.55075454711914,-307.19781494140625,27.9949951171875,1,-307.19781494140625,27.9949951171875,289.9884948730469,0.6139068007469177,0.9525258541107178,0.0018832609057426453,4.0,4.0,1,285.9902648925781,0.2578071057796478,2.4365298453140443,20.94274139404297,8.282052993774414,0.17350334617856894,285.9902648925781,0.2578071057796478,285.9902648925781,2.8270720280050954,0.0,-2.5692649222254476,0.0,1,3.3502515076862105,3.3501702852021,-0.02332862839102745,3.141781806945801,-0.0236839447170496,0.7710769176483154,0.04042850062251091,-1.1408896126363655,0.0,172.7691096836926,172.7691096836926,2.2041017607436664,3.5265519618988037,-0.07370135933160782,0.003054326193499598,1.0,284.7174600910422,4.330246754348369,0,0,1,446.8458914959049,0.38919043644466,1.283559458259674,0.09708530736669996,-302.35079365662483,23.740421280494523,3.350251507686152,3.2388671143125007,0.11138439337365114,0,2.079375729692707,nan
GT+smooth-jitter_controlled_forward3x6_SoftMS_local_prior_3frame_causal_heading_continuous_waypoint_RNN_polynomial_Kalman,1,controlled_gt_jitter,8.0,-301.728571106909,29.047885583106595,5.053716490747235,3.229236291114407,0,0,6,-305.7328359535301,24.403268757120827,-306.78228759765625,25.818649291992188,-1,-305.73284912109375,24.403268814086914,-305.7328359535301,24.403268757120827,0.0,0,0.0,0.0,84,/yh/study/uav-sat/v36_GvsK/v36_training_data/routes/route_C/vi/vi_000084.jpg,-306.78228759765625,25.818649291992188,289.34442510817854,2.733886849011418,0,3.343639753856324,3.343639753856324,1,3.343639753856324,174.58813906785022,-0.3850723765860518,288.1637658659609,4.306722700953575,-305.775154436749,24.129433006376374,1.9666644002952574,10.622044855302322,1,0.0,0,0,0.2819854604041949,1.0,284.6618347167969,-1.0132766962051392,1,1,6,18,1,172.771044334775,-316.2618713378906,30.094284057617188,-311.459716796875,28.20904541015625,1,-311.459716796875,28.20904541015625,294.2490539550781,0.8532119989395142,0.9529242515563965,0.04536375403404236,4.0,4.0,1,290.2508239746094,0.4992920756340027,2.4114254511124043,20.928489685058594,8.278970718383789,0.2819854604041949,290.2508239746094,0.4992920756340027,290.2508239746094,2.491446691286653,0.0,-1.9921546156526504,0.0,1,3.4463860601108345,3.446305774918726,-0.023524053394794464,3.1405842304229736,-0.02353270724415779,0.7689053416252136,0.04051997885107994,-1.1295016595775444,0.0,172.78049763675142,172.78049763675142,1.8076414310987934,3.524287223815918,-0.07275847345590591,0.00962114492301581,1.0,288.15073759009783,4.029942758696622,0,0,1,443.41261399684925,0.39388350573470576,1.1936875180807078,0.20305552343335043,-305.7328359535301,24.403268757120827,3.44638606011084,3.343639753856324,0.10274630625451575,0,1.762001932987521,nan
GT+smooth-jitter_controlled_forward3x6_SoftMS_local_prior_3frame_causal_heading_continuous_waypoint_RNN_polynomial_Kalman,1,controlled_gt_jitter,8.0,-305.17535638363216,29.537214634651733,4.936246399570985,3.4031547286458714,0,0,6,-309.04889924212915,25.31749234837055,-310.1116027832031,26.13405990600586,-1,-309.04888916015625,25.31749153137207,-309.04889924212915,25.31749234837055,0.0,0,0.0,0.0,85,/yh/study/uav-sat/v36_GvsK/v36_training_data/routes/route_C/vi/vi_000085.jpg,-310.1116027832031,26.13405990600586,292.68841329928085,2.7734650995266725,0,3.344222399922814,3.344222399922814,1,3.344222399922814,174.5881000274264,-3.904042380831897e-05,291.59043625476147,4.006413944380826,-309.1506264057073,24.791584265178862,1.6509743923873563,9.322113313314324,1,0.0,0,0,0.3885326148903743,1.0,288.14105224609375,-1.1341729164123535,1,1,6,18,1,172.77435302781936,-316.2618713378906,30.094284057617188,-316.4021301269531,27.998886108398438,1,-316.4021301269531,27.998886108398438,299.1412658691406,1.5865285396575928,0.9603238701820374,0.08961053192615509,4.0,4.0,1,295.1429443359375,1.225430965423584,2.9019187256466856,20.9776611328125,8.290253639221191,0.3885326148903743,295.1429443359375,1.225430965423584,294.90890094571,2.0153351298117084,0.23404339022749987,-0.7899041643881246,0.0,1,3.4397791366295407,3.4396986646636303,-0.0235288143157959,3.145139455795288,-0.023977486416697502,0.7730689644813538,0.04032011702656746,-1.128632197840543,0.0,172.78136709848843,172.78136709848843,1.8067329289379837,3.5309135913848877,-0.07338032871484756,0.04044058464873658,1.0,291.5450770621234,3.4726815475570625,0,0,1,440.01827452482365,0.39852334924882166,1.1433362371574276,0.1990829441275257,-309.04889924212915,25.31749234837055,3.4397791366295194,3.344222399922814,0.09555673670670561,0,1.340194535279731,nan
GT+smooth-jitter_controlled_forward3x6_SoftMS_local_prior_3frame_causal_heading_continuous_waypoint_RNN_polynomial_Kalman,1,controlled_gt_jitter,8.0,-308.6288727111063,30.022078669380154,4.812472503737484,3.5725680950393346,0,0,6,-312.30650870387603,26.41080240285864,-313.44134521484375,26.44951057434082,-1,-312.3065185546875,26.410802841186523,-312.30650870387603,26.41080240285864,0.0,0,0.0,0.0,86,/yh/study/uav-sat/v36_GvsK/v36_training_data/routes/route_C/vi/vi_000086.jpg,-313.44134521484375,26.44951057434082,296.03283057468707,2.813048848535841,0,3.3446515192499495,3.3446515192499495,1,3.3446515192499495,174.5881072218512,7.194424790912143e-06,294.98117674083846,3.448905962561316,-312.4630848392935,25.70567141609912,1.2289385890700195,8.16786574278758,1,0.0,0,0,0.396176023218669,1.0,291.62652587890625,-1.2499151229858398,1,1,6,18,1,172.77680794721743,-316.2618713378906,30.094284057617188,-316.39654541015625,28.025421142578125,1,-316.39654541015625,28.025421142578125,299.1385498046875,1.5595507621765137,0.957450270652771,0.0920357033610344,4.0,4.0,1,295.14031982421875,1.2079546451568604,1.8365464441234547,20.954469680786133,8.283411979675293,0.396176023218669,295.14031982421875,1.2079546451568604,295.14031982421875,1.4452155242505116,0.0,-0.23726087909365123,0.0,1,3.4361819335575823,3.436099678715045,-0.023775584995746613,3.1478140354156494,-0.023773733526468277,0.7710658311843872,0.040486086159944534,-1.1442972367019673,0.0,172.765702059627,172.765702059627,1.8224051622241988,3.53257155418396,-0.07409243285655975,0.014203480405991026,1.0,294.90029197206695,2.7311431543499127,0,0,1,436.6630596148801,0.40310971200560164,1.1325386026201159,0.1968374838343001,-312.30650870387603,26.41080240285864,3.4361819335575867,3.3446515192499495,0.0915304143076372,0,1.135496468142844,nan
GT+smooth-jitter_controlled_forward3x6_SoftMS_local_prior_3frame_causal_heading_continuous_waypoint_RNN_polynomial_Kalman,1,controlled_gt_jitter,8.0,-312.0561633715411,30.494617315348044,4.682575642130741,3.737237783487691,0,0,6,-315.66077691408464,26.981063779058,-316.7387390136719,26.75737953186035,-1,-315.6607666015625,26.981063842773438,-315.66077691408464,26.981063779058,0.0,0,0.0,0.0,87,/yh/study/uav-sat/v36_GvsK/v36_training_data/routes/route_C/vi/vi_000087.jpg,-316.7387390136719,26.75737953186035,299.34427742984906,2.856739636946903,0,3.311735067838962,3.311735067838962,1,3.311735067838962,174.66590831367125,0.07780109182004594,298.30260707110136,2.7073685863584176,-315.6871004933992,26.795396235114353,1.0523254473059058,7.769588802956866,1,0.0,0,0,0.33025873843196785,1.0,295.0846252441406,-1.3561838865280151,1,1,6,18,1,172.77292092924947,-316.2618713378906,30.094284057617188,-321.1457214355469,27.837318420410156,1,-321.1457214355469,27.837318420410156,303.8409729003906,2.250434637069702,0.9580196738243103,0.06579405814409256,4.0,4.0,1,299.84271240234375,1.8966845273971558,1.0817315910974783,20.978363037109375,8.289215087890625,0.33025873843196785,299.84271240234375,1.8966845273971558,299.84271240234375,1.8966845273971558,0.0,0.0,0.0,1,3.4023981635312373,3.4023150990344138,-0.023774567991495132,3.1538984775543213,-0.023801447823643684,0.7742515802383423,0.0406225323677063,-1.1459850404789007,0.0,172.76401425585007,172.76401425585007,1.9018940578211787,3.54024600982666,-0.07430954277515411,0.009736679768480342,1.0,298.2961296190655,2.5199561793061585,0,0,1,433.2672219678816,0.40775160342844574,1.0481478107835756,0.1578365902846408,-315.66077691408464,26.981063779058,3.402398163531248,3.311735067838962,0.09066309569228581,0,1.1009254882102186,nan
GT+smooth-jitter_controlled_forward3x6_SoftMS_local_prior_3frame_causal_heading_continuous_waypoint_RNN_polynomial_Kalman,1,controlled_gt_jitter,8.0,-315.4917671281709,30.962402508680128,4.54674605542284,3.896932766858841,0,0,6,-319.0367264645479,27.36787769523566,-320.03851318359375,27.06546974182129,-1,-319.0367126464844,27.367877960205078,-319.0367264645479,27.36787769523566,0.0,0,0.0,0.0,88,/yh/study/uav-sat/v36_GvsK/v36_training_data/routes/route_C/vi/vi_000088.jpg,-320.03851318359375,27.06546974182129,302.65811469520963,2.9004629564085307,0,3.3141256991788004,3.3141256991788004,1,3.3141256991788004,174.66592546736092,1.7153689685536054e-05,301.69408406840154,2.496166827500114,-319.0370310949254,27.365209688026294,1.0453757263656487,8.074909479256371,1,0.0,0,0,0.19599500540260228,1.0,298.5504455566406,-1.4568440914154053,1,1,6,18,1,172.7698035882236,-325.7854919433594,20.637807846069336,-325.95050048828125,27.785907745361328,1,-325.95050048828125,27.785907745361328,308.6131591796875,2.8112967014312744,0.983767569065094,0.017753101885318756,4.0,4.0,1,304.6148376464844,2.452746629714966,2.0072903669457287,21.0084285736084,8.29619312286377,0.19599500540260228,304.6148376464844,2.452746629714966,304.4830703332587,2.452746629714966,0.1317673132256818,0.0,0.0,1,3.398037723896229,3.3979544493360287,-0.02378935180604458,3.153822183609009,-0.024110043421387672,0.7749244570732117,0.040411412715911865,-1.1379602085343705,0.0,172.77203908779458,172.77203908779458,1.8938863795663334,3.540508270263672,-0.07423292845487595,0.013008379976077835,1.0,301.69406420753154,2.4934815588576935,0,0,1,429.86928737941554,0.41239636123526463,0.9640504876780938,0.1603035155697916,-319.0367264645479,27.36787769523566,3.398037723896204,3.3141256991788004,0.08391202471740344,0,1.0464354737607817,nan
GT+smooth-jitter_controlled_forward3x6_SoftMS_local_prior_3frame_causal_heading_continuous_waypoint_RNN_polynomial_Kalman,1,controlled_gt_jitter,8.0,-318.9320667011317,31.424892659959,4.405183054727697,4.051429982957047,0,0,6,-322.4106891562715,27.699993956328676,-323.3372497558594,27.373462677001953,-1,-322.4106750488281,27.699993133544922,-322.4106891562715,27.699993956328676,0.0,0,0.0,0.0,89,/yh/study/uav-sat/v36_GvsK/v36_training_data/routes/route_C/vi/vi_000089.jpg,-323.3372497558594,27.373462677001953,305.9709098986894,2.944172922384927,0,3.313083551817546,3.313083551817546,1,3.313083551817546,174.66593230909538,6.841734456284277e-06,305.0842487304963,2.469515827594533,-322.40523585660543,27.751374672596175,1.0057173483720714,8.507244590462838,1,0.0,0,0,0.19462810325983915,1.0,302.0204162597656,-1.5517410039901733,1,1,6,18,1,172.77058596504867,-325.7854919433594,20.637807846069336,-330.3478088378906,27.71544647216797,1,-330.3478088378906,27.71544647216797,312.9781799316406,3.3478732109069824,0.9777370691299438,0.01587963104248047,4.0,4.0,1,308.9798889160156,2.9933571815490723,3.0093809692457527,21.003421783447266,8.294295310974121,0.19462810325983915,308.9798889160156,2.9933571815490723,307.8694760144609,2.9933571815490723,1.1104129015547546,0.0,0.0,1,3.3902692306105795,3.390184522964771,-0.023965731263160706,3.156959056854248,-0.024181416258215904,0.7750237584114075,0.04041310027241707,-1.1461308223289983,0.0,172.76386847399996,172.76386847399996,1.9020638350954175,3.543682336807251,-0.07487208396196365,0.010296560350447313,1.0,305.0842202465337,2.521185118958662,0,0,1,426.4791313404134,0.4170304862657873,0.8866896521557237,0.15612449496329805,-322.4106891562715,27.699993956328676,3.390269230610617,3.313083551817546,0.0771856787930707,0,0.9824139764312382,nan
GT+smooth-jitter_controlled_forward3x6_SoftMS_local_prior_3frame_causal_heading_continuous_waypoint_RNN_polynomial_Kalman,1,controlled_gt_jitter,8.0,-322.39220439840875,31.900593668943937,4.258094673856861,4.200514704710538,0,0,6,-325.79636367007146,28.013103547961997,-326.6502990722656,27.7000789642334,-1,-325.7963562011719,28.013103485107422,-325.79636367007146,28.013103547961997,0.0,0,0.0,0.0,90,/yh/study/uav-sat/v36_GvsK/v36_training_data/routes/route_C/vi/vi_000090.jpg,-326.6502990722656,27.7000789642334,309.29991283339376,2.970883084392101,0,3.3291100870990697,3.3291100870990697,1,3.3291100870990697,174.36970051752013,-0.2962317915752678,308.4842569336136,2.4971007614138823,-325.7889825263765,28.0846541118841,0.9432731504781137,8.720342707286422,1,0.0,0,0,0.1844726065135375,1.0,305.511474609375,-1.6576694250106812,1,1,6,18,1,172.7682348858703,-325.7854919433594,20.637807846069336,-330.3182678222656,27.72552490234375,1,-330.3182678222656,27.72552490234375,312.94989013671875,3.3347175121307373,0.9770058989524841,0.01165657490491867,4.0,4.0,1,308.9515686035156,2.9783730506896973,0.3484247437892585,21.010852813720703,8.29631233215332,0.1844726065135375,308.9515686035156,2.9783730506896973,308.9515686035156,2.9783730506896973,0.0,0.0,0.0,1,3.400121987483384,3.400036687079951,-0.024084357544779778,3.1584625244140625,-0.024090493097901344,0.7758181691169739,0.040530722588300705,-1.1407336922242188,0.0,172.76926560410473,172.76926560410473,1.6004349134153704,3.545592784881592,-0.07442640513181686,0.0007633782530495806,1.0,308.48400558386925,2.5690305973870218,0,0,1,423.07934600307783,0.42167777392715056,0.8159072495245141,0.17064756268500725,-325.79636367007146,28.013103547961997,3.400121987483323,3.3291100870990697,0.07101190038425331,0,0.9094998961731535,nan
GT+smooth-jitter_controlled_forward3x6_SoftMS_local_prior_3frame_causal_heading_continuous_waypoint_RNN_polynomial_Kalman,1,controlled_gt_jitter,8.0,-325.85807832887684,32.37072001504505,4.1056973058888095,4.343980894561656,0,0,6,-329.1829716332212,28.250080540549032,-329.9637756347656,28.0267391204834,-1,-329.1829833984375,28.250080108642578,-329.1829716332212,28.250080540549032,0.0,0,0.0,0.0,91,/yh/study/uav-sat/v36_GvsK/v36_training_data/routes/route_C/vi/vi_000091.jpg,-329.9637756347656,28.0267391204834,312.6293452571053,2.9975949517242655,0,3.329539575965135,3.329539575965135,1,3.329539575965135,174.3696705645129,-2.995300721964598e-05,311.87880916761605,2.5449428647292316,-329.1694531119292,28.397211876838952,0.8764692427500695,8.902423049980179,1,0.0,0,0,0.16994492429856214,1.0,309.0076599121094,-1.7574461698532104,1,1,6,18,1,172.76859560523584,-340.00994873046875,15.969393730163574,-335.1517333984375,27.670928955078125,1,-335.1517333984375,27.670928955078125,317.7502746582031,3.9017903804779053,0.980266273021698,0.006562784314155579,4.0,4.0,1,313.7519836425781,3.549396276473999,1.250920319817567,21.020206451416016,8.29787826538086,0.16994492429856214,313.7519836425781,3.549396276473999,313.7519836425781,3.549396276473999,0.0,0.0,0.0,1,3.3948890395835853,3.3948035837468074,-0.024087732657790184,3.1621501445770264,-0.024270666763186455,0.776238203048706,0.04046245291829109,-1.1478008035810663,0.0,172.7621984927479,172.7621984927479,1.6074720717649982,3.549475908279419,-0.0751560777425766,0.007604406918400057,1.0,311.8766421542762,2.6926780487226316,0,0,1,419.68670943267085,0.42631528968439497,0.7527031028290594,0.1673894313881088,-329.1829716332212,28.250080540549032,3.3948890395835982,3.329539575965135,0.06534946361846306,0,0.8121183896112191,nan
GT+smooth-jitter_controlled_forward3x6_SoftMS_local_prior_3frame_causal_heading_continuous_waypoint_RNN_polynomial_Kalman,1,controlled_gt_jitter,8.0,-329.3257714916119,32.83470656983794,3.9482153247943863,4.481631542372118,0,0,6,-332.53035099471765,28.763682754007604,-333.27398681640625,28.35307502746582,-1,-332.5303649902344,28.763683319091797,-332.53035099471765,28.763682754007604,0.0,0,0.0,0.0,92,/yh/study/uav-sat/v36_GvsK/v36_training_data/routes/route_C/vi/vi_000092.jpg,-333.27398681640625,28.35307502746582,315.9554963284394,3.024282812405325,0,3.3262581365920267,3.3262581365920267,1,3.3262581365920267,174.36971051682565,3.995231275326577e-05,315.26310797387396,2.6684897015618154,-332.54775969106976,28.633404358230674,0.7784538337381203,9.480914230643892,1,0.0,0,0,0.22479099873069677,1.0,312.5050354003906,-1.8509248495101929,1,1,6,18,1,172.76635658384856,-335.09576416015625,44.48842239379883,-339.9953918457031,32.85450744628906,1,-339.9953918457031,32.85450744628906,323.11651611328125,-0.7386682033538818,0.9772207736968994,0.02783120423555374,4.0,4.0,1,319.11822509765625,-1.0920931100845337,5.191088903388758,21.02621078491211,8.298919677734375,0.22479099873069677,319.11822509765625,-1.0920931100845337,318.13128322038335,0.9475845536561658,0.9869418772728764,-2.0396776637406995,0.0,1,3.386552202970155,3.386465819597717,-0.024188347160816193,3.1636149883270264,-0.02425290457904339,0.7768386602401733,0.0405111201107502,-1.1500407854637131,0.0,172.75995851086526,172.75995851086526,1.6097520059603982,3.551238536834717,-0.07528817653656006,0.009488836194478299,1.0,315.259618828944,2.5370996373159005,0,0,1,416.3037327580031,0.43093960098611506,0.6958774994953956,0.16264314826500037,-332.53035099471765,28.763682754007604,3.3865522029701434,3.3262581365920267,0.06029406637811663,0,0.8494662679555266,nan
GT+smooth-jitter_controlled_forward3x6_SoftMS_local_prior_3frame_causal_heading_continuous_waypoint_RNN_polynomial_Kalman,1,controlled_gt_jitter,8.0,-332.79206120163684,33.30387270567228,3.7858806928944055,4.61327898618986,0,0,6,-335.86401923252765,29.302329376292484,-336.57794189453125,28.690593719482422,-1,-335.864013671875,29.302330017089844,-335.86401923252765,29.302329376292484,0.0,0,0.0,0.0,93,/yh/study/uav-sat/v36_GvsK/v36_training_data/routes/route_C/vi/vi_000093.jpg,-336.57794189453125,28.690593719482422,319.27661299041097,3.039187285004458,0,3.3211501058712436,3.3211501058712436,1,3.3211501058712436,174.16712896980073,-0.20258154702491238,318.6364364592629,2.5128757844132497,-335.88554154626866,29.14601829546972,0.8287519452088017,10.019360376656742,1,0.0,0,0,0.2108457440472022,1.0,316.00152587890625,-1.9497026205062866,1,1,6,18,1,172.76411724229615,-335.09576416015625,44.48842239379883,-339.98175048828125,32.839595794677734,1,-339.98175048828125,32.839595794677734,323.10137939453125,-0.725287914276123,0.9781113266944885,0.02244902402162552,4.0,4.0,1,319.10302734375,-1.0820425748825073,4.1248839419734855,21.05157470703125,8.304754257202148,0.2108457440472022,319.10302734375,-1.0820425748825073,319.10302734375,0.8149803067353658,0.0,-1.8970228816178731,0.0,1,3.376904515008089,3.376817630318903,-0.024223852902650833,3.1668591499328613,-0.024478700011968613,0.7793260812759399,0.04043714702129364,-1.1518199430207958,0.0,172.75817935330818,172.75817935330818,1.4089496164925683,3.555717945098877,-0.075751394033432,0.002652119144883391,1.0,318.6316187337914,2.355163535370804,0,0,1,412.93173285315567,0.4355489077502288,0.6449942566195546,0.15429095593838227,-335.86401923252765,29.302329376292484,3.3769045150081096,3.3211501058712436,0.05575440913686602,0,0.9401627950175118,nan
GT+smooth-jitter_controlled_forward3x6_SoftMS_local_prior_3frame_causal_heading_continuous_waypoint_RNN_polynomial_Kalman,1,controlled_gt_jitter,8.0,-336.26540582395364,33.767105582084945,3.6189325549526026,4.738745215263654,0,0,6,-339.1844868064382,29.908192427516248,-339.88433837890625,29.02836036682129,-1,-339.1844787597656,29.908191680908203,-339.1844868064382,29.908192427516248,0.0,0,0.0,0.0,94,/yh/study/uav-sat/v36_GvsK/v36_training_data/routes/route_C/vi/vi_000094.jpg,-339.88433837890625,29.02836036682129,322.60018358620687,3.054104211724194,0,3.323604070875756,3.323604070875756,1,3.323604070875756,174.1671538176094,2.4847808674453682e-05,322.00681966719037,2.330799516558028,-339.21758734075263,29.68463277639004,0.935548193542216,10.233115077528343,1,0.0,0,0,0.1726940931713954,1.0,319.5044250488281,-2.041832208633423,1,1,6,18,1,172.76203894379776,-349.442138671875,20.787372589111328,-344.7420959472656,32.207462310791016,1,-344.7420959472656,32.207462310791016,327.7677917480469,0.40830573439598083,0.9836421012878418,0.008405134081840515,4.0,4.0,1,323.76959228515625,0.06643727421760559,3.208375045821223,21.010231018066406,8.293073654174805,0.1726940931713954,323.76959228515625,0.06643727421760559,323.76959228515625,0.6958542628252258,0.0,-0.6294169886076202,0.0,1,3.375288868560694,3.375200933398932,-0.024364018812775612,3.1755142211914062,-0.02399432472884655,0.7789987921714783,0.04093523696064949,-1.191505689976097,0.0,172.71849360635287,172.71849360635287,1.448660211256544,3.564169406890869,-0.0776575431227684,0.0070872328193571955,1.0,321.99762350008206,2.1049898766086024,0,0,1,409.565728086865,0.4401500195459317,0.6025600861248108,0.14808984968434968,-339.1844868064382,29.908192427516248,3.375288868560671,3.323604070875756,0.05168479768491485,0,1.124231594696012,nan
GT+smooth-jitter_controlled_forward3x6_SoftMS_local_prior_3frame_causal_heading_continuous_waypoint_RNN_polynomial_Kalman,1,controlled_gt_jitter,8.0,-339.7426907974512,34.22394339252182,3.447616819736316,4.857862154728847,0,0,6,-342.4909168937969,30.56719425586785,-343.1903076171875,29.36608123779297,-1,-342.49090576171875,30.56719398498535,-342.4909168937969,30.56719425586785,0.0,0,0.0,0.0,95,/yh/study/uav-sat/v36_GvsK/v36_training_data/routes/route_C/vi/vi_000095.jpg,-343.1903076171875,29.36608123779297,325.92332449064395,3.0690213297034097,0,3.323174384703845,3.323174384703845,1,3.323174384703845,174.16719036548224,3.654787282288679e-05,325.36900001325455,2.0808291897282523,-342.53427364924465,30.289887908393993,1.1330486890428784,10.10042626368501,1,0.0,0,0,0.20054190102580938,1.0,323.0105285644531,-2.1271848678588867,1,1,6,18,1,172.74679812371681,-349.442138671875,20.787372589111328,-348.8937072753906,32.24452209472656,1,-348.8937072753906,32.24452209472656,331.89990234375,0.8119017481803894,0.9576139450073242,0.013818062841892242,4.0,4.0,1,327.9016418457031,0.4657728970050812,3.269654715665609,21.031211853027344,8.299030303955078,0.20054190102580938,327.9016418457031,0.4657728970050812,327.9016418457031,0.4657728970050812,0.0,0.0,0.0,1,3.3714630848285467,3.371376513172489,-0.024160686880350113,3.1717710494995117,-0.02411152422428131,0.7776007652282715,0.04079187288880348,-1.1685171942205381,0.0,172.74148210210842,172.74148210210842,1.4257082633738083,3.5597550868988037,-0.07632575929164886,0.014366943250270508,1.0,325.35530752215016,1.8004880862853128,0,0,1,406.2080440647969,0.4447397574200125,0.5680169684937937,0.15140333520433336,-342.4909168937969,30.56719425586785,3.3714630848285516,3.323174384703845,0.04828870012470654,0,1.3898992287765928,nan
GT+smooth-jitter_controlled_forward3x6_SoftMS_local_prior_3frame_causal_heading_continuous_waypoint_RNN_polynomial_Kalman,1,controlled_gt_jitter,8.0,-343.24685723884886,34.655620170565115,3.2721857299011132,4.970471931429369,0,0,6,-345.8467989586353,31.043421498653736,-346.51904296875,29.685148239135742,-1,-345.8468017578125,31.043420791625977,-345.8467989586353,31.043421498653736,0.0,0,0.0,0.0,96,/yh/study/uav-sat/v36_GvsK/v36_training_data/routes/route_C/vi/vi_000096.jpg,-346.51904296875,29.685148239135742,329.26712402816594,3.1049023129066438,0,3.343992044262036,3.343992044262036,1,3.343992044262036,174.524793926809,0.35760356132674825,328.7447255233525,1.7763544375619489,-345.85864627552377,30.95077688233649,1.4275642384545473,10.311979560904945,1,0.0,0,0,0.19227600413922225,1.0,326.54071044921875,-2.184666633605957,1,1,6,18,1,172.74493753749823,-349.442138671875,20.787372589111328,-353.8248291015625,32.19035339355469,1,-353.8248291015625,32.19035339355469,336.7974548339844,1.388910174369812,0.9610737562179565,0.011272862553596497,4.0,4.0,1,332.7991027832031,1.0365067720413208,4.093059251892798,21.094236373901367,8.313566207885742,0.19227600413922225,332.7991027832031,1.0365067720413208,331.52348453473536,1.0365067720413208,1.275618248467778,0.0,0.0,1,3.3895039194364625,3.3894180012023356,-0.024133648723363876,3.1801061630249023,-0.02454613894224167,0.7833521962165833,0.040674395859241486,-1.1759708515957261,0.0,172.73402844473324,172.73402844473324,1.7907654820757444,3.570943593978882,-0.07751217484474182,0.00968274134917166,1.0,328.74277378421743,1.6829757753077974,0,0,1,402.82057780272964,0.4493702056986462,0.5243502439485042,0.16388588123713355,-345.8467989586353,31.043421498653736,3.389503919436511,3.343992044262036,0.04551187517447497,0,1.5155257360588508,nan
GT+smooth-jitter_controlled_forward3x6_SoftMS_local_prior_3frame_causal_heading_continuous_waypoint_RNN_polynomial_Kalman,1,controlled_gt_jitter,8.0,-346.75646781329357,35.08079113405222,3.0928974210814357,5.076427120380348,0,0,6,-349.19648216653206,31.548889182536904,-349.849365234375,30.004364013671875,-1,-349.19647216796875,31.54888916015625,-349.19648216653206,31.548889182536904,0.0,0,0.0,0.0,97,/yh/study/uav-sat/v36_GvsK/v36_training_data/routes/route_C/vi/vi_000097.jpg,-349.849365234375,30.004364013671875,332.61251730738803,3.140803719087287,0,3.345585913353644,3.345585913353644,1,3.345585913353644,174.5248508011546,5.6874345619022176e-05,332.1302923063564,1.6586152564052572,-349.2126155122786,31.427028198199583,1.5586608324224123,10.139193619630458,1,0.0,0,0,0.18082854467991744,1.0,330.07562255859375,-2.2351016998291016,1,1,6,18,1,172.74111935503046,-349.442138671875,20.787372589111328,-353.845458984375,32.20338439941406,1,-353.845458984375,32.20338439941406,336.8193664550781,1.3781412839889526,0.9657053351402283,0.007712826132774353,4.0,4.0,1,332.821044921875,1.0284287929534912,2.1226425969913847,21.091259002685547,8.3123779296875,0.18082854467991744,332.821044921875,1.0284287929534912,332.821044921875,1.0284287929534912,0.0,0.0,0.0,1,3.3876061123920533,3.3875185221390005,-0.024360518902540207,3.1806554794311523,-0.024565070867538452,0.7821149826049805,0.04065960273146629,-1.179104414320881,0.0,172.73089488200807,172.73089488200807,1.7939559191465184,3.5708694458007812,-0.0777323767542839,0.001389503128492079,1.0,332.12717830685636,1.5357304023517513,0,0,1,399.4361732800907,0.4539964687766111,0.4853390005316669,0.16493043392249174,-349.19648216653206,31.548889182536904,3.387606112392015,3.345585913353644,0.042020199038371064,0,1.6768465336856408,nan
GT+smooth-jitter_controlled_forward3x6_SoftMS_local_prior_3frame_causal_heading_continuous_waypoint_RNN_polynomial_Kalman,1,controlled_gt_jitter,8.0,-350.2680851148489,35.4990200790862,2.910015471088625,5.175590971420185,0,0,6,-352.5515170236356,31.98213287645037,-353.1781005859375,30.323429107666016,-1,-352.551513671875,31.982131958007812,-352.5515170236356,31.98213287645037,0.0,0,0.0,0.0,98,/yh/study/uav-sat/v36_GvsK/v36_training_data/routes/route_C/vi/vi_000098.jpg,-353.1781005859375,30.323429107666016,335.95631664255836,3.1766865988749857,0,3.343991862272905,3.343991862272905,1,3.343991862272905,174.52482645811776,-2.4343036835399206e-05,335.5099818870036,1.5112573796821975,-352.557598451495,31.932107540202995,1.7242010318281784,9.996178018443224,1,0.0,0,0,0.15485594216350468,1.0,333.61181640625,-2.278420925140381,1,1,6,18,1,172.7375407627922,-363.54473876953125,35.15156173706055,-359.0566711425781,32.58977127075195,1,-359.0566711425781,32.58977127075195,342.0421447753906,1.5467952489852905,0.9844031929969788,0.0014373138546943665,4.0,4.0,1,338.0438537597656,1.2021291255950928,2.8734453937743782,21.07485008239746,8.30833625793457,0.15485594216350468,338.0438537597656,1.2021291255950928,338.0438537597656,1.2021291255950928,0.0,0.0,0.0,1,3.3828921045010465,3.3828035801472325,-0.024473022669553757,3.1824777126312256,-0.024410557001829147,0.7813853025436401,0.0408032089471817,-1.1852643911785863,0.0,172.72473490515037,172.72473490515037,1.8000915529673882,3.5723228454589844,-0.07792016118764877,0.010427801123745046,1.0,335.50924199463594,1.4608691807586784,0,0,1,396.05410959231114,0.4586195320840376,0.44707464792242035,0.16151414964167943,-352.5515170236356,31.98213287645037,3.3828921045010447,3.343991862272905,0.0389002422281397,0,1.7731060749786962,nan
GT+smooth-jitter_controlled_forward3x6_SoftMS_local_prior_3frame_causal_heading_continuous_waypoint_RNN_polynomial_Kalman,1,controlled_gt_jitter,8.0,-353.7771376047829,35.89186486783988,2.7238084401389453,5.26783761564261,0,0,6,-355.9072629112256,32.315201779144076,-356.5009460449219,30.624027252197266,-1,-355.9072570800781,32.31520080566406,-355.9072629112256,32.315201779144076,0.0,0,0.0,0.0,99,/yh/study/uav-sat/v36_GvsK/v36_training_data/routes/route_C/vi/vi_000099.jpg,-356.5009460449219,30.624027252197266,339.2923001563216,3.2303073475532487,0,3.3364144210197737,3.3364144210197737,1,3.3364144210197737,174.83086057902267,0.30603412090489157,338.881387914909,1.4364305145789023,-355.9020394404006,32.36418639465684,1.8403377304247348,10.048317944527552,1,0.0,0,0,0.16286191064480696,1.0,337.1427307128906,-2.296771287918091,1,1,6,18,1,172.7330586645928,-363.54473876953125,35.15156173706055,-363.1827697753906,32.474266052246094,1,-363.1827697753906,32.474266052246094,346.1327209472656,2.099388599395752,0.9695711135864258,0.0013766437768936157,4.0,4.0,1,342.1343994140625,1.75127375125885,3.203914569681691,21.103126525878906,8.314722061157227,0.16286191064480696,342.1343994140625,1.75127375125885,341.5792581691822,1.75127375125885,0.5551412448802822,0.0,0.0,1,3.3722344752431987,3.3721459202730424,-0.02443866617977619,3.184481143951416,-0.024576568976044655,0.7828420996665955,0.04073089361190796,-1.1850162632126444,0.0,172.72498303311633,172.72498303311633,2.105877545906338,3.5750503540039062,-0.07816331088542938,0.010187844300167623,1.0,338.88138510276667,1.4856928449793736,0,0,1,392.6819664841804,0.46322903459781944,0.410915053554902,0.15193327706835769,-355.9072629112256,32.315201779144076,3.3722344752431908,3.3364144210197737,0.03582005422341705,0,1.7923534650925335,nan
GT+smooth-jitter_controlled_forward3x6_SoftMS_local_prior_3frame_causal_heading_continuous_waypoint_RNN_polynomial_Kalman,1,controlled_gt_jitter,8.0,-357.2880213977316,36.27756702175269,2.534549403049644,5.3530522512448755,0,0,6,-359.26399879867273,32.59184977100756,-359.82257080078125,30.924514770507812,-1,-359.2640075683594,32.59185028076172,-359.26399879867273,32.59184977100756,0.0,0,0.0,0.0,100,/yh/study/uav-sat/v36_GvsK/v36_training_data/routes/route_C/vi/vi_000100.jpg,-359.82257080078125,30.924514770507812,342.6270581196341,3.283908593079971,0,3.3351887154100117,3.3351887154100117,1,3.3351887154100117,174.83086393997945,3.360956786218063e-06,342.2494125622933,1.4611783318891207,-359.2536820632439,32.69689378650393,1.8614407785476814,10.27083236533185,1,0.0,0,0,0.22377258706454192,1.0,340.6747131347656,-2.3078253269195557,1,1,6,18,1,172.73023224693688,-363.54473876953125,35.15156173706055,-367.6923828125,32.40989685058594,1,-367.6923828125,32.40989685058594,350.61004638671875,2.64182186126709,0.9502023458480835,0.021479785442352295,4.0,4.0,1,346.6116943359375,2.2930476665496826,4.1059872323231,21.117128372192383,8.318185806274414,0.22377258706454192,346.6116943359375,2.2930476665496826,345.11478717672077,2.2930476665496826,1.4969071592167227,0.0,0.0,1,3.3681166739703805,3.3680274595266066,-0.024514513090252876,3.1868410110473633,-0.024700665846467018,0.7841214537620544,0.040701285004615784,-1.1835059376324253,0.0,172.72649335869653,172.72649335869653,2.104370581282905,3.5780484676361084,-0.07826989889144897,0.010087239798380367,1.0,342.24852689892435,1.566724036784706,0,0,1,389.3148246880227,0.46783170064014307,0.3785312207097604,0.14834770436264844,-359.26399879867273,32.59184977100756,3.3681166739704347,3.3351887154100117,0.032927958560422965,0,1.758410840910341,nan
GT+smooth-jitter_controlled_forward3x6_SoftMS_local_prior_3frame_causal_heading_continuous_waypoint_RNN_polynomial_Kalman,1,controlled_gt_jitter,8.0,-360.80296182056304,36.656248038207856,2.342515474358814,5.431131308471528,0,0,6,-362.622100991473,32.83388959703509,-363.1454772949219,31.225116729736328,-1,-362.6221008300781,32.83388900756836,-362.622100991473,32.83388959703509,0.0,0,0.0,0.0,101,/yh/study/uav-sat/v36_GvsK/v36_training_data/routes/route_C/vi/vi_000101.jpg,-363.1454772949219,31.225116729736328,345.9631027288034,3.3375320238418285,0,3.3364755516403775,3.3364755516403775,1,3.3364755516403775,174.83088976978084,2.582980139557874e-05,345.61525047282385,1.5421071396785353,-362.60911056160074,32.973505254649844,1.8288115558096303,10.091206954008225,1,0.0,0,0,0.21747280452016743,1.0,344.2099914550781,-2.311467170715332,1,1,6,18,1,172.7289236253806,-363.54473876953125,35.15156173706055,-367.68670654296875,32.43480682373047,1,-367.68670654296875,32.43480682373047,350.6070251464844,2.616450309753418,0.9531006217002869,0.01959749311208725,4.0,4.0,1,346.6086730957031,2.2668309211730957,1.2502647519125767,21.13086700439453,8.321083068847656,0.21747280452016743,346.6086730957031,2.2668309211730957,346.6086730957031,2.2668309211730957,0.0,0.0,0.0,1,3.366813569931302,3.3667235738994705,-0.024616897106170654,3.189812183380127,-0.02480638213455677,0.7855706810951233,0.04069295898079872,-1.187957086537158,0.0,172.7220422097918,172.7220422097918,2.1088475599890333,3.5817348957061768,-0.07873434573411942,0.002408847467335904,1.0,345.61335569075004,1.6823130344203803,0,0,1,385.94999589619704,0.47243120495446733,0.3497470380533514,0.1466633682602505,-362.622100991473,32.83388959703509,3.3668135699312995,3.3364755516403775,0.030338018290922086,0,1.69176620535122,nan
GT+smooth-jitter_controlled_forward3x6_SoftMS_local_prior_3frame_causal_heading_continuous_waypoint_RNN_polynomial_Kalman,1,controlled_gt_jitter,8.0,-364.29222873711785,37.020195865475024,2.147987327335274,5.5019825933803,0,0,6,-365.95453030139174,32.98337477033077,-366.4402160644531,31.518213272094727,-1,-365.95452880859375,32.983375549316406,-365.95453030139174,32.98337477033077,0.0,0,0.0,0.0,102,/yh/study/uav-sat/v36_GvsK/v36_training_data/routes/route_C/vi/vi_000102.jpg,-366.4402160644531,31.518213272094727,349.2703423249342,3.3956301854244466,0,3.3077498609469766,3.3077498609469766,1,3.3077498609469766,174.916408721557,0.08551895177616131,348.949044493556,1.657591920455465,-365.93634207241433,33.21235621384776,1.767486720443675,10.0241504171335,1,0.0,0,0,0.16106189433101567,1.0,347.71820068359375,-2.30318284034729,1,1,6,18,1,172.7265151299245,-377.7996520996094,25.724956512451172,-372.99578857421875,32.20751190185547,1,-372.99578857421875,32.20751190185547,355.862060546875,3.4057059288024902,0.9821678996086121,0.003427930176258087,4.0,4.0,1,351.8638000488281,3.0656232833862305,2.6143694308604157,21.10155487060547,8.31292724609375,0.16106189433101567,351.8638000488281,3.0656232833862305,351.64196470296633,3.0656232833862305,0.2218353458618152,0.0,0.0,1,3.335780406837455,3.3356888028059495,-0.024721113964915276,3.19413161277771,-0.024566102772951126,0.7848954796791077,0.04093286395072937,-1.2138764804985929,0.0,172.69612281583036,172.69612281583036,2.2202859057266293,3.5856876373291016,-0.0800788402557373,0.01389670353580108,1.0,348.9428373124388,1.8872107002863827,0,0,1,382.62051427450825,0.4769823919630378,0.3275050124953509,0.11361824816926669,-365.95453030139174,32.98337477033077,3.335780406837449,3.3077498609469766,0.02803054589047216,0,1.5435636936497967,nan
GT+smooth-jitter_controlled_forward3x6_SoftMS_local_prior_3frame_causal_heading_continuous_waypoint_RNN_polynomial_Kalman,1,controlled_gt_jitter,8.0,-367.7834009503463,37.37681233647149,1.9512487078568725,5.5655254102019605,0,0,6,-369.28460537933216,33.13867719435393,-369.7346496582031,31.81128692626953,-1,-369.28460693359375,33.138675689697266,-369.28460537933216,33.13867719435393,0.0,0,0.0,0.0,103,/yh/study/uav-sat/v36_GvsK/v36_training_data/routes/route_C/vi/vi_000103.jpg,-369.7346496582031,31.81128692626953,352.5772760393314,3.4537187297580276,0,3.3074438574826805,3.3074438574826805,1,3.3074438574826805,174.9163352157448,-7.350581221996644e-05,352.2764407594743,1.8625748414525929,-369.2667068400842,33.36153537663786,1.6193334242516157,10.139594322807989,1,0.0,0,0,0.20458642113570127,1.0,351.22747802734375,-2.2874064445495605,1,1,6,18,1,172.71587785734417,-377.7996520996094,25.724956512451172,-377.14208984375,32.23851776123047,1,-377.14208984375,32.23851776123047,359.9882507324219,3.81475830078125,0.9347167015075684,0.01039847731590271,4.0,4.0,1,355.98992919921875,3.47216796875,3.4127030289944624,21.12735366821289,8.319313049316406,0.20458642113570127,355.98992919921875,3.47216796875,355.0890534175975,3.47216796875,0.9008757816212452,0.0,0.0,1,3.3336944772470187,3.333603447035474,-0.024635858833789825,3.1952435970306396,-0.02470272034406662,0.7856258749961853,0.040868137031793594,-1.2079562005920728,0.0,172.70204309573688,172.70204309573688,2.2142921200078893,3.5871694087982178,-0.07990842312574387,0.013431989231184605,1.0,352.27059514357285,2.0860741834937615,0,0,1,379.29275644337423,0.481531222660906,0.30668089575857493,0.1122002604520409,-369.28460537933216,33.13867719435393,3.3336944772470334,3.3074438574826805,0.026250619764352834,0,1.4016079254733331,nan
GT+smooth-jitter_controlled_forward3x6_SoftMS_local_prior_3frame_causal_heading_continuous_waypoint_RNN_polynomial_Kalman,1,controlled_gt_jitter,8.0,-371.27857250312155,37.72623244067691,1.7525859441440979,5.621690662112459,0,0,6,-372.575493188034,33.67380275647257,-373.0311584472656,32.10454177856445,-1,-372.57550048828125,33.67380142211914,-372.575493188034,33.67380275647257,0.0,0,0.0,0.0,104,/yh/study/uav-sat/v36_GvsK/v36_training_data/routes/route_C/vi/vi_000104.jpg,-373.0311584472656,32.10454177856445,355.8862924610289,3.5118472571532817,0,3.30952694576745,3.30952694576745,1,3.30952694576745,174.9163940495111,5.883376632919345e-05,355.6046157190754,2.0614015504567904,-372.5971927910214,33.51691862071121,1.477543412232581,10.56680041266529,1,0.0,0,0,0.2033224122560397,1.0,354.739990234375,-2.264050006866455,1,1,6,18,1,172.71103568010946,-377.7996520996094,25.724956512451172,-382.29730224609375,37.205379486083984,1,-382.29730224609375,37.205379486083984,365.64129638671875,-0.5771535634994507,0.9381407499313354,0.010646164417266846,4.0,4.0,1,361.6429748535156,-0.9213218092918396,7.265836506531905,21.145620346069336,8.323568344116211,0.2033224122560397,361.6429748535156,-0.9213218092918396,358.4137523527795,0.375919570234325,3.229222500736104,-1.2972413795261646,0.0,1,3.33411186625393,3.3340205755025396,-0.024672633036971092,3.1968963146209717,-0.02486412599682808,0.7864675521850586,0.04078869894146919,-1.2076495891313626,0.0,172.7023497071976,172.7023497071976,2.2140443423135086,3.589238405227661,-0.08013401180505753,0.008948857897298998,1.0,355.5996825006002,1.9031006718146346,0,0,1,375.9636690863469,0.4860818707350689,0.2866099604287342,0.11263063114647842,-372.575493188034,33.67380275647257,3.3341118662539038,3.30952694576745,0.024584920486453665,0,1.6340779801636667,nan
GT+smooth-jitter_controlled_forward3x6_SoftMS_local_prior_3frame_causal_heading_continuous_waypoint_RNN_polynomial_Kalman,1,controlled_gt_jitter,8.0,-374.80537856228443,38.101561829941495,1.5522874533405908,5.670420930283291,0,0,6,-375.890658193859,34.25376438881861,-376.357666015625,32.4311408996582,-1,-375.8906555175781,34.25376510620117,-375.890658193859,34.25376438881861,0.0,0,0.0,0.0,105,/yh/study/uav-sat/v36_GvsK/v36_training_data/routes/route_C/vi/vi_000105.jpg,-376.357666015625,32.4311408996582,359.2286758745304,3.540002281600365,0,3.3425019952501764,3.3425019952501764,1,3.3425019952501764,174.3926267269717,-0.5237673225393915,358.9651038061448,1.8783227173703454,-375.9192929453326,34.05548023017237,1.6824533305303935,10.803043456288552,1,0.0,0,0,0.18336800802115355,1.0,358.2867126464844,-2.2631003856658936,1,1,6,18,1,172.70799560559857,-377.7996520996094,25.724956512451172,-382.31719970703125,37.22374725341797,1,-382.31719970703125,37.22374725341797,365.66302490234375,-0.5933067202568054,0.9430069923400879,0.003734976053237915,4.0,4.0,1,361.6646423339844,-0.9411730170249939,5.100476904035013,21.173751831054688,8.330179214477539,0.18336800802115355,361.6646423339844,-0.9411730170249939,361.6646423339844,0.22576550413544183,0.0,-1.1669385211604355,0.0,1,3.365512518300863,3.3654213055445785,-0.024777954444289207,3.200465440750122,-0.02498072013258934,0.7888475656509399,0.04079625383019447,-1.209303348684152,0.0,172.70069594764482,172.70069594764482,1.6919307793269063,3.59399151802063,-0.08045084029436111,0.010138567391869186,1.0,358.95766672854114,1.6781197043092928,0,0,1,372.60568485840594,0.4906720189712492,0.27100914598923964,0.14203655450005437,-375.890658193859,34.25376438881861,3.365512518300922,3.3425019952501764,0.02301052305074558,0,1.8815027740691432,nan
GT+smooth-jitter_controlled_forward3x6_SoftMS_local_prior_3frame_causal_heading_continuous_waypoint_RNN_polynomial_Kalman,1,controlled_gt_jitter,8.0,-378.3328284337487,38.46934570202028,1.3506432459387698,5.711670531121836,0,0,6,-379.1880191474211,34.91780479189484,-379.6834716796875,32.75767517089844,-1,-379.1880187988281,34.91780471801758,-379.1880191474211,34.91780479189484,0.0,0,0.0,0.0,106,/yh/study/uav-sat/v36_GvsK/v36_training_data/routes/route_C/vi/vi_000106.jpg,-379.6834716796875,32.75767517089844,362.5703544649942,3.568147324515224,0,3.3417971131420585,3.3417971131420585,1,3.3417971131420585,174.39255738809086,-6.933888084258269e-05,362.32113509154806,1.6532302277119837,-379.2325041986562,34.63534556657031,1.9310664886870832,10.67505251429749,1,0.0,0,0,0.2543975764847175,1.0,361.8332824707031,-2.254579782485962,1,1,6,18,1,172.70544068796215,-387.1709289550781,40.05922317504883,-387.52203369140625,37.271358489990234,1,-387.52203369140625,37.271358489990234,370.8435363769531,-0.08846565335988998,0.9587684273719788,0.035614319145679474,4.0,4.0,1,366.84521484375,-0.4298653304576874,5.853079227823519,21.146799087524414,8.323553085327148,0.2543975764847175,366.84521484375,-0.4298653304576874,365.270728426881,-0.11652577348780024,1.5744864168689685,-0.31333955696988713,0.0,1,3.36356045210932,3.363468363006937,-0.024889476597309113,3.1993513107299805,-0.02478989027440548,0.7862505316734314,0.04089311137795448,-1.2124480104667081,0.0,172.69755128586226,172.69755128586226,1.6950061022286198,3.591580629348755,-0.08035784214735031,0.016131837074435305,1.0,362.306867343802,1.3676456253109106,0,0,1,369.25648424314505,0.49525016057442767,0.26348712119215634,0.14244580241207805,-379.1880191474211,34.91780479189484,3.36356045210926,3.3417971131420585,0.021763338967201395,0,2.2162204744192913,nan
GT+smooth-jitter_controlled_forward3x6_SoftMS_local_prior_3frame_causal_heading_continuous_waypoint_RNN_polynomial_Kalman,1,controlled_gt_jitter,8.0,-381.86081411587423,38.82955777334141,1.147944429047655,5.745405551661726,0,0,6,-382.49764238161646,35.51141462235419,-383.0087585449219,33.08415222167969,-1,-382.4976501464844,35.51141357421875,-382.49764238161646,35.51141462235419,0.0,0,0.0,0.0,107,/yh/study/uav-sat/v36_GvsK/v36_training_data/routes/route_C/vi/vi_000107.jpg,-383.0087585449219,33.08415222167969,365.9115111139351,3.596294225317547,0,3.341275205784025,3.341275205784025,1,3.341275205784025,174.39266462543014,0.00010723733926562978,365.66921203473396,1.3428109216568598,-382.5287536325066,35.29921229484169,2.266472114026386,10.690284304717206,1,0.0,0,0,0.2562416652179137,1.0,365.37957763671875,-2.2384729385375977,1,1,6,18,1,172.70267937054675,-387.1709289550781,40.05922317504883,-391.5872802734375,37.409080505371094,1,-391.5872802734375,37.409080505371094,374.90045166015625,0.2058737576007843,0.9671741127967834,0.03820120543241501,4.0,4.0,1,370.902099609375,-0.13969925045967102,6.234069359725357,21.171016693115234,8.329598426818848,0.2562416652179137,370.902099609375,-0.13969925045967102,368.6238766140832,-0.13969925045967102,2.278222995291778,0.0,0.0,1,3.3624364058140706,3.3623446909319483,-0.024834703654050827,3.2003870010375977,-0.02497180923819542,0.7877498269081116,0.04080074653029442,-1.2041040806218912,0.0,172.70589521570707,172.70589521570707,1.6867694097230688,3.593372106552124,-0.08010036498308182,0.013460473005090717,1.0,365.66078901991415,1.1285055541202156,0,0,1,365.90256256703293,0.49983475556382484,0.2507220940209436,0.14088820474642727,-382.49764238161646,35.51141462235419,3.3624364058140785,3.341275205784025,0.021161200030053617,0,2.480492389450165,nan
GT+smooth-jitter_controlled_forward3x6_SoftMS_local_prior_3frame_causal_heading_continuous_waypoint_RNN_polynomial_Kalman,1,controlled_gt_jitter,8.0,-385.38126191940466,39.241822521556905,0.9444827095015572,5.771603863109639,0,0,6,-385.8151759923233,36.04086351031447,-386.32574462890625,33.470218658447266,-1,-385.815185546875,36.040863037109375,-385.8151759923233,36.04086351031447,0.0,0,0.0,0.0,108,/yh/study/uav-sat/v36_GvsK/v36_training_data/routes/route_C/vi/vi_000108.jpg,-386.32574462890625,33.470218658447266,369.2507356972706,3.5643074000247332,0,3.339377782603282,3.339377782603282,1,3.339377782603282,173.36117306722545,-1.0314915582047042,369.0202123140977,1.1035954431399433,-385.8354639569276,35.8925871745136,2.471486266388157,10.199214615971938,1,0.0,0,0,0.3598766582048312,1.0,368.92388916015625,-2.2749249935150146,1,1,6,18,1,172.70380496437764,-401.36492919921875,40.14890670776367,-396.8345947265625,37.504798889160156,1,-396.8345947265625,37.504798889160156,380.1282958984375,0.667385995388031,0.9567875862121582,0.07737016677856445,4.0,4.0,1,376.12994384765625,0.3231852352619171,7.604497199897439,21.170108795166016,8.328910827636719,0.3598766582048312,376.12994384765625,0.3231852352619171,372.259873124161,0.3231852352619171,3.8700707234952585,0.0,0.0,1,3.3595156471033167,3.3594232941835367,-0.024910110980272293,3.2024993896484375,-0.02489929273724556,0.7879436016082764,0.040888987481594086,-1.210446017987954,0.0,172.699553278341,172.699553278341,0.661619788884427,3.5955746173858643,-0.08042817562818527,0.019776802521139256,1.0,369.01576956126604,0.954003547592115,0,0,1,362.54758202568104,0.5044207979538299,0.23496613600457295,0.1368783929548445,-385.8151759923233,36.04086351031447,3.359515647103312,3.339377782603282,0.020137864500029856,0,2.6208577388125334,nan
GT+smooth-jitter_controlled_forward3x6_SoftMS_local_prior_3frame_causal_heading_continuous_waypoint_RNN_polynomial_Kalman,1,controlled_gt_jitter,8.0,-388.90083804165005,39.64637999053201,0.7405498978031027,5.790255112602321,0,0,6,-389.1281079535091,36.582415901775335,-389.6413879394531,33.85612487792969,-1,-389.12811279296875,36.58241653442383,-389.1281079535091,36.582415901775335,0.0,0,0.0,0.0,109,/yh/study/uav-sat/v36_GvsK/v36_training_data/routes/route_C/vi/vi_000109.jpg,-389.6413879394531,33.85612487792969,372.58860808760716,3.532337432271354,0,3.338025490167721,3.338025490167721,1,3.338025490167721,173.36124008705997,6.701983453468953e-05,372.37258009432765,0.9290993859004494,-389.1504001828604,36.42175295752919,2.612186138075429,8.884062041953037,1,0.0,0,0,0.3683774897790328,1.0,372.4665222167969,-2.3038055896759033,1,1,6,18,1,172.70231683691222,-401.36492919921875,40.14890670776367,-396.8404235839844,37.51769256591797,1,-396.8404235839844,37.51769256591797,380.1354675292969,0.6551834344863892,0.9562158584594727,0.08064471930265427,4.0,4.0,1,376.1370849609375,0.3085809648036957,4.794193767683901,21.19956398010254,8.335734367370605,0.3683774897790328,376.1370849609375,0.3085809648036957,375.63561819122,0.3085809648036957,0.5014667697175144,0.0,0.0,1,3.3569029137201483,3.356810533061593,-0.02490416169166565,3.206251859664917,-0.02512224204838276,0.7902699112892151,0.04081933572888374,-1.212903712150395,0.0,172.69709558417856,172.69709558417856,0.6641445028814027,3.600480318069458,-0.08094416558742523,0.03263303640983472,1.0,372.3674584898129,0.7669781525271373,0,0,1,359.19589309713416,0.5090023409210606,0.2211495977942377,0.1317736305028041,-389.1281079535091,36.582415901775335,3.3569029137201984,3.338025490167721,0.018877423552477346,0,2.77418800564635,nan
GT+smooth-jitter_controlled_forward3x6_SoftMS_local_prior_3frame_causal_heading_continuous_waypoint_RNN_polynomial_Kalman,1,controlled_gt_jitter,8.0,-392.41925106267064,40.04323538809811,0.5364374138918812,5.801360693273893,0,0,6,-392.4565039241916,36.99966038202561,-392.9556884765625,34.24187469482422,-1,-392.4565124511719,36.99966049194336,-392.4565039241916,36.99966038202561,0.0,0,0.0,0.0,110,/yh/study/uav-sat/v36_GvsK/v36_training_data/routes/route_C/vi/vi_000110.jpg,-392.9556884765625,34.24187469482422,375.92512868964815,3.500380528888489,0,3.3366736387482754,3.3366736387482754,1,3.3366736387482754,173.3612420962542,2.0091942281589944e-06,375.7218118534482,0.7419540476637321,-392.4608761168831,36.96316393283493,2.7659093239302677,8.43375234440855,1,0.0,0,0,0.3728121878540889,1.0,376.0072021484375,-2.325150966644287,1,1,6,18,1,172.70048944114413,-401.36492919921875,40.14890670776367,-401.4710998535156,37.78548049926758,1,-401.4710998535156,37.78548049926758,384.7684326171875,0.8801777362823486,0.9547359347343445,0.0820930153131485,4.0,4.0,1,380.77008056640625,0.537928581237793,5.678880191573049,21.168548583984375,8.328533172607422,0.3728121878540889,380.77008056640625,0.537928581237793,378.9970453700469,0.537928581237793,1.7730351963593325,0.0,0.0,1,3.3544467045930553,3.354353363635232,-0.025024104863405228,3.202766180038452,-0.024876344949007034,0.787190318107605,0.04091451317071915,-1.2069160908475267,0.0,172.70308320548145,172.70308320548145,0.6581588907727627,3.595470666885376,-0.08016863465309143,0.028877268579031192,1.0,375.72133626323995,0.7051997188518302,0,0,1,355.84201532370713,0.5135868758983139,0.2037924264081994,0.13390745870982323,-392.4565039241916,36.99966038202561,3.3544467045930477,3.3366736387482754,0.01777306584477234,0,2.802600063130407,nan
GT+smooth-jitter_controlled_forward3x6_SoftMS_local_prior_3frame_causal_heading_continuous_waypoint_RNN_polynomial_Kalman,1,controlled_gt_jitter,8.0,-395.867667964046,40.395429756012646,0.3324357957195933,5.804933692780226,0,0,6,-395.71914124569975,37.33170179331005,-396.2001037597656,34.59049606323242,-1,-395.7191467285156,37.331703186035156,-395.71914124569975,37.33170179331005,0.0,0,0.0,0.0,111,/yh/study/uav-sat/v36_GvsK/v36_training_data/routes/route_C/vi/vi_000111.jpg,-396.2001037597656,34.59049606323242,379.1882194599657,3.4979283745066923,0,3.2630916916925305,3.2630916916925305,1,3.2630916916925305,173.8669425503684,0.505700454114217,379.0007312753351,0.6802568811962859,-395.71474538709333,37.37237523272687,2.8239023466809545,8.604232403464007,1,0.0,0,0,0.32049694675568496,1.0,379.4735107421875,-2.3095133304595947,1,1,6,18,1,172.70139721597351,-401.36492919921875,40.14890670776367,-406.1854248046875,37.846473693847656,1,-406.1854248046875,37.846473693847656,389.4626159667969,1.319674015045166,0.9554876685142517,0.061332300305366516,4.0,4.0,1,385.4642333984375,0.9738497138023376,6.76456384708685,21.210193634033203,8.337850570678711,0.32049694675568496,385.4642333984375,0.9738497138023376,382.13209787891327,0.9738497138023376,3.332135519524253,0.0,0.0,1,3.279489867419186,3.279395012095188,-0.02494283765554428,3.2078514099121094,-0.025180447846651077,0.7902078628540039,0.04080652818083763,-1.213336361945633,0.0,172.69666293438334,172.69666293438334,1.170279615985086,3.602046251296997,-0.08106916397809982,0.016788305389774685,1.0,379.000787258762,0.7211671380121121,0,0,1,352.5625643281851,0.5180696742621304,0.18743220120370552,0.055240281780421174,-395.71914124569975,37.33170179331005,3.27948986741924,3.2630916916925305,0.01639817572670932,0,2.7830799116351312,nan
GT+smooth-jitter_controlled_forward3x6_SoftMS_local_prior_3frame_causal_heading_continuous_waypoint_RNN_polynomial_Kalman,1,controlled_gt_jitter,8.0,-399.3144946458166,40.73998655240647,0.12883421160527816,5.800998820472874,0,0,6,-398.97814043554047,37.674563637116094,-399.4433288574219,34.938987731933594,-1,-398.9781494140625,37.674564361572266,-398.97814043554047,37.674563637116094,0.0,0,0.0,0.0,112,/yh/study/uav-sat/v36_GvsK/v36_training_data/routes/route_C/vi/vi_000112.jpg,-399.4433288574219,34.938987731933594,382.4501130016676,3.4954789204442305,0,3.2618944613861314,3.2618944613861314,1,3.2618944613861314,173.86697417864312,3.162827470646487e-05,382.2776762226697,0.6960936153102526,-398.97487693891463,37.70428072353469,2.8046911647008907,9.238429633542566,1,0.0,0,0,0.21580020952586088,1.0,382.93743896484375,-2.286449909210205,1,1,6,18,1,172.69974025476955,-410.9189758300781,25.934219360351562,-410.9442138671875,38.13585662841797,1,-410.9442138671875,38.13585662841797,394.2252502441406,1.536786675453186,0.9771720170974731,0.024224162101745605,4.0,4.0,1,390.22686767578125,1.1914736032485962,8.110878729398786,21.19175910949707,8.333969116210938,0.21580020952586088,390.22686767578125,1.1914736032485962,385.1211267988658,1.1914736032485962,5.105740876915435,0.0,0.0,1,3.2769848890894653,3.27688896390769,-0.025073522701859474,3.205857753753662,-0.024974055588245392,0.7892721891403198,0.04092396795749664,-1.206718655691831,0.0,172.70328064063713,172.70328064063713,1.1636935380059905,3.599600315093994,-0.08033623546361923,0.005595909146144542,1.0,382.2777686000056,0.725989218697123,0,0,1,349.2855829869415,0.5225490967675565,0.17234440166203058,0.05603670763246926,-398.97814043554047,37.674563637116094,3.276984889089445,3.2618944613861314,0.01509042770331348,0,2.7748469869287513,nan
GT+smooth-jitter_controlled_forward3x6_SoftMS_local_prior_3frame_causal_heading_continuous_waypoint_RNN_polynomial_Kalman,1,controlled_gt_jitter,8.0,-403.0788712824356,41.11126666038413,-0.0740800226699855,5.789592313460302,0,0,6,-402.55665006508855,38.02715518180098,-403.0047912597656,35.32167434692383,-1,-402.556640625,38.027156829833984,-402.55665006508855,38.02715518180098,0.0,0,0.0,0.0,113,/yh/study/uav-sat/v36_GvsK/v36_training_data/routes/route_C/vi/vi_000113.jpg,-403.0047912597656,35.32167434692383,386.03207562786,3.4927894667700663,0,3.5819636358568463,3.5819636358568463,1,3.5819636358568463,173.8669797755103,5.596867160514515e-06,385.8735197072222,0.7009704037459416,-402.5509445693272,38.08091642441763,2.7963178754630547,9.615107867333585,1,0.0,0,0,0.20398767310742294,1.0,386.719970703125,-2.256269931793213,1,1,6,18,1,172.70097940049536,-410.9189758300781,25.934219360351562,-410.9333190917969,38.15141677856445,1,-410.9333190917969,38.15141677856445,394.216064453125,1.5201585292816162,0.9786917567253113,0.019833490252494812,4.0,4.0,1,390.2176818847656,1.1771560907363892,4.783456665430071,21.205137252807617,8.336248397827148,0.20398767310742294,390.2176818847656,1.1771560907363892,388.68448580826765,1.1771560907363892,1.5331960764979966,0.0,0.0,1,3.595838145154946,3.595751107216655,-0.025018814951181412,3.2089040279388428,-0.025201236829161644,0.7897817492485046,0.04080554470419884,-1.2162782524872044,0.0,172.69372104384175,172.69372104384175,1.1732587316685243,3.6028809547424316,-0.08129321038722992,0.009260676281513447,1.0,385.87348944476054,0.7550335425167509,0,0,1,345.68986214218654,0.5274642156522777,0.15858618309948724,0.3730596079180035,-402.55665006508855,38.02715518180098,3.59583814515498,3.5819636358568463,0.01387450929813383,0,2.7423451785386463,nan
GT+smooth-jitter_controlled_forward3x6_SoftMS_local_prior_3frame_causal_heading_continuous_waypoint_RNN_polynomial_Kalman,1,controlled_gt_jitter,8.0,-406.6071071261586,41.381906841369954,-0.27602192108050283,5.770761821838707,0,0,6,-405.9067590647174,38.12698567600568,-406.3310852050781,35.61114501953125,-1,-405.9067687988281,38.12698745727539,-405.9067590647174,38.12698567600568,0.0,0,0.0,0.0,114,/yh/study/uav-sat/v36_GvsK/v36_training_data/routes/route_C/vi/vi_000114.jpg,-406.3310852050781,35.61114501953125,389.37030764685574,3.557840740965129,0,3.338865777614067,3.338865777614067,1,3.338865777614067,175.02636621560433,1.159386440094032,389.22499141633307,0.7299143961846062,-405.8865728453038,38.40769521224458,2.831657503717055,9.575662928107223,1,0.0,0,0,0.31737402621272953,1.0,390.2569885253906,-2.1510703563690186,1,1,6,18,1,172.69843899701095,-420.3816223144531,25.993995666503906,-416.00872802734375,37.433509826660156,1,-416.00872802734375,37.433509826660156,399.1866760253906,2.7724668979644775,0.9505316615104675,0.05899281054735184,4.0,4.0,1,395.1883239746094,2.432366371154785,5.925876015164889,21.19434356689453,8.333564758300781,0.31737402621272953,395.1883239746094,2.432366371154785,392.34776998841807,2.432366371154785,2.8405539861913,0.0,0.0,1,3.3515961028989154,3.351501971572558,-0.025119146332144737,3.2114901542663574,-0.025009753182530403,0.7900129556655884,0.040998898446559906,-1.2246368032057133,0.0,172.68536249312325,172.68536249312325,2.341003722481065,3.605576515197754,-0.08158846199512482,0.021530265453453504,1.0,389.2152830887953,1.0111813077936542,0,0,1,342.3480684981518,0.532032232402687,0.155024558060461,0.1273756233477097,-405.9067590647174,38.12698567600568,3.3515961028989354,3.338865777614067,0.012730325284868282,0,2.551373528545582,nan
GT+smooth-jitter_controlled_forward3x6_SoftMS_local_prior_3frame_causal_heading_continuous_waypoint_RNN_polynomial_Kalman,1,controlled_gt_jitter,8.0,-410.1363467491281,41.64537270042065,-0.4767092979562205,5.744566273418698,0,0,6,-409.25867779837193,38.23243335620912,-409.6596374511719,35.90080642700195,-1,-409.2586669921875,38.2324333190918,-409.25867779837193,38.23243335620912,0.0,0,0.0,0.0,115,/yh/study/uav-sat/v36_GvsK/v36_training_data/routes/route_C/vi/vi_000115.jpg,-409.6596374511719,35.90080642700195,392.71080545701824,3.622941941057116,0,3.341132111418771,3.341132111418771,1,3.341132111418771,175.0264651958128,9.898020848666339e-05,392.5687664207584,0.9861223267624748,-409.238658406434,38.507676084281,2.6406424911658504,9.684362761990336,1,0.0,0,0,0.33022248465184123,1.0,393.7942810058594,-2.038630485534668,1,1,6,18,1,172.6938622366585,-425.1129455566406,26.023880004882812,-421.1601257324219,37.22477340698242,1,-421.1601257324219,37.22477340698242,404.286865234375,3.5265398025512695,0.9227656722068787,0.05802367627620697,4.0,4.0,1,400.28851318359375,3.187699317932129,7.590197002080101,21.198558807373047,8.334430694580078,0.33022248465184123,400.28851318359375,3.187699317932129,395.7268782535509,2.880989426438013,4.561634930042807,0.306709891494116,0.0,1,3.3535769575610903,3.3534833319631066,-0.025058981031179428,3.21235990524292,-0.02505609393119812,0.7898633480072021,0.04098295792937279,-1.2260541741801967,0.0,172.68394512214877,172.68394512214877,2.3425200736640353,3.606368064880371,-0.08174896240234375,0.020156838115333628,1.0,392.55947218385546,1.2619355834605712,0,0,1,339.0038794030916,0.5366035235804173,0.151333273162777,0.12877220617585117,-409.25867779837193,38.23243335620912,3.35357695756107,3.341132111418771,0.012444846142298793,0,2.3658513859026513,nan
GT+smooth-jitter_controlled_forward3x6_SoftMS_local_prior_3frame_causal_heading_continuous_waypoint_RNN_polynomial_Kalman,1,controlled_gt_jitter,8.0,-413.65822407089615,41.90104382744759,-0.6758632310524103,5.711075718316725,0,0,6,-412.59532420098606,38.500928494147004,-412.98236083984375,36.18996810913086,-1,-412.5953369140625,38.50092697143555,-412.59532420098606,38.500928494147004,0.0,0,0.0,0.0,116,/yh/study/uav-sat/v36_GvsK/v36_training_data/routes/route_C/vi/vi_000116.jpg,-412.98236083984375,36.18996810913086,396.0454542889357,3.6879216596628,0,3.335281876549376,3.335281876549376,1,3.335281876549376,175.02633648598848,-0.00012870982433392487,395.90681007868733,1.236878189403059,-412.5844665532528,38.612470213740195,2.454961569992161,10.350017847103166,1,0.0,0,0,0.21309271920088682,1.0,397.3233947753906,-1.9192208051681519,1,1,6,18,1,172.69039121989968,-429.7529602050781,40.32823181152344,-425.61474609375,37.055328369140625,1,-425.61474609375,37.055328369140625,408.6983642578125,4.167621612548828,0.9438740611076355,0.0158156156539917,4.0,4.0,1,404.6999816894531,3.8245553970336914,8.655605888930818,21.211597442626953,8.337900161743164,0.21309271920088682,404.6999816894531,3.8245553970336914,398.74281505648975,2.9384811760845224,5.957166632963357,0.8860742209491692,0.0,1,3.347431680434154,3.347337894831843,-0.025057394057512283,3.2113592624664307,-0.0251217819750309,0.7905033826828003,0.04092864319682121,-1.2168613798875942,0.0,172.69313791644137,172.69313791644137,2.3331985695470987,3.605698585510254,-0.08124871551990509,0.006568651400905308,1.0,395.905772930052,1.3489423141121406,0,0,1,335.65757865689505,0.5411777012492925,0.1396813588836494,0.12392261408294525,-412.59532420098606,38.500928494147004,3.347431680434127,3.335281876549376,0.012149803884751176,0,2.3431464446193346,nan
GT+smooth-jitter_controlled_forward3x6_SoftMS_local_prior_3frame_causal_heading_continuous_waypoint_RNN_polynomial_Kalman,1,controlled_gt_jitter,8.0,-417.1589446001823,42.14958486842187,-0.8732085161978995,5.67037115382226,0,0,6,-415.9171875993939,38.689930426160686,-416.2857360839844,36.47921371459961,-1,-415.91717529296875,38.6899299621582,-415.9171875993939,38.689930426160686,0.0,0,0.0,0.0,117,/yh/study/uav-sat/v36_GvsK/v36_training_data/routes/route_C/vi/vi_000117.jpg,-416.2857360839844,36.47921371459961,399.36087307154577,3.750765273504629,0,3.3160143280577237,3.3160143280577237,1,3.3160143280577237,174.99590817915964,-0.03042830682883368,399.2329141231846,1.3238495074450511,-415.9010264778308,38.87885788550232,2.4302867378180317,10.736026778926618,1,0.0,0,0,0.22329458016518508,1.0,400.8307189941406,-1.7949658632278442,1,1,6,18,1,172.69135256902536,-429.7529602050781,40.32823181152344,-425.61407470703125,37.04985046386719,1,-425.61407470703125,37.04985046386719,408.6971130371094,4.17299747467041,0.9418058395385742,0.019441351294517517,4.0,4.0,1,404.69873046875,3.828864812850952,5.3384287136697175,21.226329803466797,8.341279983520508,0.22329458016518508,404.69873046875,3.828864812850952,402.0969742186389,3.0422855647176066,2.601756250111113,0.7865792481333456,0.0,1,3.3272358149049626,3.3271411931326056,-0.025092806667089462,3.213254690170288,-0.02523544244468212,0.791449248790741,0.04088883101940155,-1.2158962955022126,0.0,172.69410300082674,172.69410300082674,2.3018051783328835,3.608064889907837,-0.08137176930904388,0.010280229125464396,1.0,399.22894062338503,1.513425291876526,0,0,1,332.33441096356205,0.5457202575243222,0.13193244816073957,0.10275963788743558,-415.9171875993939,38.689930426160686,3.327235814905024,3.3160143280577237,0.011221486847300177,0,2.241226531225558,nan
GT+smooth-jitter_controlled_forward3x6_SoftMS_local_prior_3frame_causal_heading_continuous_waypoint_RNN_polynomial_Kalman,1,controlled_gt_jitter,8.0,-420.6605761634315,42.39127067886931,-1.0684741126502084,5.622544329992358,0,0,6,-419.2421581305225,38.86581020514362,-419.59210205078125,36.76872634887695,-1,-419.2421569824219,38.86581039428711,-419.2421581305225,38.86581020514362,0.0,0,0.0,0.0,118,/yh/study/uav-sat/v36_GvsK/v36_training_data/routes/route_C/vi/vi_000118.jpg,-419.59210205078125,36.76872634887695,402.6792940278215,3.8136606528950923,0,3.319016943584175,3.319016943584175,1,3.319016943584175,174.99581945496797,-8.872419165726063e-05,402.5584644838374,1.4882540343210413,-419.22525077401707,39.068190604120765,2.3285436908951245,11.067270883223703,1,0.0,0,0,0.23768146354321393,1.0,404.3382263183594,-1.6637977361679077,1,1,6,18,1,172.6923151988115,-429.7529602050781,40.32823181152344,-429.67449951171875,37.74790573120117,1,-429.67449951171875,37.74790573120117,412.8086853027344,3.909654140472412,0.9515963792800903,0.02735002338886261,4.0,4.0,1,408.810302734375,3.567730665206909,6.135939155392456,21.228179931640625,8.341157913208008,0.23768146354321393,408.810302734375,3.567730665206909,405.46208850858125,3.230428449167344,3.3482142257937784,0.3373022160395647,0.0,1,3.3296190066625515,3.329523860452361,-0.02517125755548477,3.216198444366455,-0.025248903781175613,0.7920745611190796,0.04093265160918236,-1.226664408893855,0.0,172.6833348874351,172.6833348874351,2.3124845675328687,3.6113057136535645,-0.08211113512516022,0.010488174119460644,1.0,402.5538057779908,1.6912860048428864,0,0,1,329.00954580895626,0.5502651341196209,0.12548824983070972,0.10281849921772013,-419.2421581305225,38.86581020514362,3.329619006662577,3.319016943584175,0.010602063078401613,0,2.1260812419896653,nan
GT+smooth-jitter_controlled_forward3x6_SoftMS_local_prior_3frame_causal_heading_continuous_waypoint_RNN_polynomial_Kalman,1,controlled_gt_jitter,8.0,-424.16007521893806,42.62595559310561,-1.2613935783130383,5.567697536464984,0,0,6,-422.5699962985394,38.965073932465295,-422.898681640625,37.058258056640625,-1,-422.57000732421875,38.96507263183594,-422.5699962985394,38.965073932465295,0.0,0,0.0,0.0,119,/yh/study/uav-sat/v36_GvsK/v36_training_data/routes/route_C/vi/vi_000119.jpg,-422.898681640625,37.058258056640625,405.9979294250734,3.8765597298247445,0,3.3192314161220833,3.3192314161220833,1,3.3192314161220833,174.99581312366814,-6.331299830452735e-06,405.88302857258975,1.66607204055942,-422.54991740758544,39.24408090857703,2.21347194025474,10.994595696288117,1,0.0,0,0,0.30104721653822814,1.0,407.8428955078125,-1.5258944034576416,1,1,6,18,1,172.68917213785454,-429.7529602050781,40.32823181152344,-433.89666748046875,38.36827850341797,1,-433.89666748046875,38.36827850341797,417.07281494140625,3.7407145500183105,0.9313355088233948,0.048238933086395264,4.0,4.0,1,413.074462890625,3.4012792110443115,7.092476116322313,21.218727111816406,8.33889102935791,0.30104721653822814,413.074462890625,3.4012792110443115,408.9609084180699,3.4012792110443115,4.113554472555121,0.0,0.0,1,3.329318272570519,3.329222794598922,-0.02521396428346634,3.2156822681427,-0.025182444602251053,0.7910576462745667,0.04096561297774315,-1.226562382943128,0.0,172.68343691338583,172.68343691338583,2.312376210282311,3.610283136367798,-0.08199984580278397,0.01573953806190616,1.0,405.8733941478219,1.945634613949255,0,0,1,325.6899574391252,0.5548027976898777,0.12453527725148206,0.10354914797938308,-422.5699962985394,38.965073932465295,3.3293182725705184,3.3192314161220833,0.0100868564484351,0,1.9349369081184316,nan
GT+smooth-jitter_controlled_forward3x6_SoftMS_local_prior_3frame_causal_heading_continuous_waypoint_RNN_polynomial_Kalman,1,controlled_gt_jitter,8.0,-427.6421962166515,42.86507423039569,-1.4517054939952128,5.505943371020694,0,0,6,-425.83986118388503,39.51362931219628,-426.19049072265625,37.359130859375,-1,-425.8398742675781,39.51362991333008,-425.83986118388503,39.51362931219628,0.0,0,0.0,0.0,120,/yh/study/uav-sat/v36_GvsK/v36_training_data/routes/route_C/vi/vi_000120.jpg,-426.19049072265625,37.359130859375,409.3030808551119,3.926614704436187,0,3.3055304379129016,3.3055304379129016,1,3.3055304379129016,174.77765078499613,-0.21816233867202312,409.188857087285,1.9204379853041926,-425.8640752137103,39.341867607670984,2.009425812893768,11.402210450474556,1,0.0,0,0,0.2667131708896533,1.0,411.3307189941406,-1.3942434787750244,0,0,6,18,1,172.6871648092905,-443.9773864746094,35.65971755981445,-439.5150146484375,42.20225143432617,1,-439.5150146484375,42.20225143432617,423.06622314453125,0.5244323015213013,0.9702292680740356,0.04306194186210632,4.0,4.0,0,419.0678405761719,0.18171393871307373,10.458241446588815,21.235637664794922,8.34326171875,0.2667131708896533,419.0678405761719,0.18171393871307373,412.17231830723154,0.18171393871307373,6.895522268940342,0.0,0.0,1,3.3155586818887954,3.3154629394630684,-0.025196628645062447,3.2165098190307617,-0.025266289710998535,0.7922799587249756,0.040937475860118866,-1.21992610711252,0.0,172.69007318921643,172.69007318921643,2.0875775957796803,3.6117289066314697,-0.08171021193265915,0.009102787719181389,1.0,409.18300200146723,1.7470767429462812,0,0,1,322.38034958547985,0.559326818537103,0.12007885364465665,0.08902061888213986,-425.83986118388503,39.51362931219628,3.315558681888782,3.3055304379129016,0.010028243975880535,0,2.182843250595013,nan
GT+smooth-jitter_controlled_forward3x6_SoftMS_local_prior_3frame_causal_heading_continuous_waypoint_RNN_polynomial_Kalman,1,controlled_gt_jitter,8.0,-431.1151975770921,43.096835947978555,-1.6391538759201867,5.437404490459022,0,0,6,-429.0953867720191,40.10566644734961,-429.4760437011719,37.65943145751953,-1,-429.09539794921875,40.10566711425781,-429.0953867720191,40.10566644734961,0.0,0,0.0,0.0,121,/yh/study/uav-sat/v36_GvsK/v36_training_data/routes/route_C/vi/vi_000121.jpg,-429.4760437011719,37.65943145751953,412.60195078262353,3.976574941003254,0,3.2992482210162453,3.2992482210162453,1,3.2992482210162453,174.77765759836362,6.813367496191302e-06,412.4918262672947,1.7218418015531443,-429.1273348263258,39.889756783478624,2.2574208599662904,11.415780385817653,1,0.0,0,0,0.2676774317360297,1.0,414.8087158203125,-1.2562446594238281,1,1,6,18,1,172.68818272092022,-443.9773864746094,35.65971755981445,-439.5205383300781,42.18004608154297,1,-439.5205383300781,42.18004608154297,423.0693664550781,0.5470983386039734,0.9693479537963867,0.04325375705957413,4.0,4.0,1,419.07098388671875,0.20748525857925415,7.486950402936661,21.22430992126465,8.340248107910156,0.2676774317360297,419.07098388671875,0.20748525857925415,415.47793920456877,0.20748525857925415,3.59304468214997,0.0,0.0,1,3.3089204923049573,3.3088242658274503,-0.025234941393136978,3.2165989875793457,-0.025205833837389946,0.7912276983261108,0.04097098112106323,-1.222810688098087,0.0,172.68718860823088,172.68718860823088,2.0904689901327433,3.6112892627716064,-0.081805519759655,0.012111685542851074,1.0,412.4829644848858,1.5037612431821512,0,0,1,319.08038710206125,0.5638376547842443,0.11898629773770608,0.08264923343689956,-429.0953867720191,40.10566644734961,3.308920492305022,3.2992482210162453,0.009672271288776901,0,2.4756747207945176,nan
GT+smooth-jitter_controlled_forward3x6_SoftMS_local_prior_3frame_causal_heading_continuous_waypoint_RNN_polynomial_Kalman,1,controlled_gt_jitter,8.0,-434.587435108925,43.32215902310291,-1.8234885757218315,5.362213344391977,0,0,6,-432.37562786334985,40.55734512325494,-432.7639465332031,37.95994567871094,-1,-432.3756408691406,40.55734634399414,-432.37562786334985,40.55734512325494,0.0,0,0.0,0.0,122,/yh/study/uav-sat/v36_GvsK/v36_training_data/routes/route_C/vi/vi_000122.jpg,-432.7639465332031,37.95994567871094,415.9031799655759,4.026572057332466,0,3.301607764410756,3.301607764410756,1,3.301607764410756,174.77767754716132,1.994879770326281e-05,415.79406086659895,1.4785423112240719,-432.38512140605053,40.48201904954149,2.550365182638513,11.63974077777953,1,0.0,0,0,0.25839820224408067,1.0,418.2852478027344,-1.111924648284912,1,1,6,18,1,172.68783480815938,-443.9773864746094,35.65971755981445,-444.14886474609375,42.04265594482422,1,-444.14886474609375,42.04265594482422,427.656982421875,1.1747347116470337,0.9607415795326233,0.03764866292476654,4.0,4.0,1,423.6585693359375,0.8288698792457581,8.38876412266178,21.257652282714844,8.348310470581055,0.25839820224408067,423.6585693359375,0.8288698792457581,418.75465592277016,0.8288698792457581,4.903913413167324,0.0,0.0,1,3.3111924201898457,3.3110963817131,-0.025218931958079338,3.2193760871887207,-0.02540760487318039,0.7943720817565918,0.040908075869083405,-1.2207303618872891,0.0,172.68926893444169,172.68926893444169,2.0884086127196486,3.615635633468628,-0.0820002406835556,0.007978875933756981,1.0,415.7926122845778,1.4026341671009177,0,0,1,315.7707393023693,0.5683617302351434,0.11056768099808778,0.0822316772220355,-432.37562786334985,40.55734512325494,3.3111924201898084,3.301607764410756,0.009584655779052209,0,2.62626641144308,nan
GT+smooth-jitter_controlled_forward3x6_SoftMS_local_prior_3frame_causal_heading_continuous_waypoint_RNN_polynomial_Kalman,1,controlled_gt_jitter,8.0,-438.2762552179774,43.599542654308976,-2.0044656671961194,5.280511892590228,0,0,6,-435.8862324423469,40.97284769275297,-436.27178955078125,38.31903076171875,-1,-435.88623046875,40.97284698486328,-435.8862324423469,40.97284769275297,0.0,0,0.0,0.0,123,/yh/study/uav-sat/v36_GvsK/v36_training_data/routes/route_C/vi/vi_000123.jpg,-436.27178955078125,38.31903076171875,419.4293219101733,4.0416624304523605,0,3.526174234607577,3.526174234607577,1,3.526174234607577,174.15519912841086,-0.6224784187504696,419.3276293504644,1.3773114653189296,-435.88800847041466,40.95755677532185,2.666290952260762,10.693829114109054,1,0.0,0,0,0.4233268352187053,1.0,421.9826965332031,-0.9963939189910889,0,0,6,18,1,172.68833672034168,-453.4400634765625,35.71947479248047,-449.2635192871094,42.13572692871094,1,-449.2635192871094,42.13572692871094,432.7526550292969,1.6248054504394531,0.9244747757911682,0.09564141929149628,4.0,4.0,0,428.7542724609375,1.2859522104263306,9.723612579229535,21.242557525634766,8.343879699707031,0.4233268352187053,428.7542724609375,1.2859522104263306,422.74177814731587,1.2859522104263306,6.012494313621655,0.0,0.0,1,3.5351077629027294,3.5350170658866134,-0.025322701781988144,3.2207512855529785,-0.025398362427949905,0.7928115725517273,0.040914036333560944,-1.2326153179299344,0.0,172.67738397839904,172.67738397839904,1.4778151500118244,3.616213798522949,-0.08275080472230911,0.021292807676354414,1.0,419.3274855671017,1.361918422802024,0,0,1,312.2358660198454,0.5731936744199578,0.10183634307162492,0.30542294905459855,-435.8862324423469,40.97284769275297,3.5351077629026526,3.526174234607577,0.008933528295075543,0,2.68167831540402,nan
GT+smooth-jitter_controlled_forward3x6_SoftMS_local_prior_3frame_causal_heading_continuous_waypoint_RNN_polynomial_Kalman,1,controlled_gt_jitter,8.0,-441.64766813160884,43.83844740030068,-2.18184781910884,5.192451306550678,0,0,6,-439.07766166686565,41.3978657691049,-439.4658203125,38.64599609375,-1,-439.0776672363281,41.397865295410156,-439.07766166686565,41.3978657691049,0.0,0,0.0,0.0,124,/yh/study/uav-sat/v36_GvsK/v36_training_data/routes/route_C/vi/vi_000124.jpg,-439.4658203125,38.64599609375,422.6400150048169,4.055398775097019,0,3.210722478688553,3.210722478688553,1,3.210722478688553,174.15512698339913,-7.214501172139121e-05,422.54699135399744,1.336554107664757,-439.0848779516605,41.33962796224179,2.7204355763804764,10.31185813294669,1,0.0,0,0,0.4122187191582099,1.0,425.36041259765625,-0.8762754201889038,0,0,6,18,1,172.68450327667,-453.4400634765625,35.71947479248047,-453.8682556152344,42.928611755371094,1,-453.8682556152344,42.928611755371094,437.41552734375,1.3249142169952393,0.9122390747070312,0.088506318628788,4.0,4.0,0,433.41717529296875,0.9866092205047607,11.20556349350138,21.236244201660156,8.342327117919922,0.4122187191582099,433.41717529296875,0.9866092205047607,425.93059283168253,0.9866092205047607,7.486582461286231,0.0,0.0,1,3.219605699513159,3.219505786895752,-0.025364315137267113,3.222250461578369,-0.025210419669747353,0.7930240035057068,0.041087690740823746,-1.238444991108246,0.0,172.67155430522072,172.67155430522072,1.4835726781784149,3.61781644821167,-0.08287873864173889,0.01897387087292299,1.0,422.5459942747082,1.2778793878328318,0,0,1,309.01735731223886,0.5775931685999557,0.09402073010869572,0.011527982889816268,-439.07766166686565,41.3978657691049,3.2196056995132483,3.210722478688553,0.008883220824695393,0,2.779110261274021,nan
GT+smooth-jitter_controlled_forward3x6_SoftMS_local_prior_3frame_causal_heading_continuous_waypoint_RNN_polynomial_Kalman,1,controlled_gt_jitter,8.0,-445.01522521003625,44.07114545237048,-2.355404653395636,5.098191655983764,0,0,6,-442.27226935342617,41.810250712304665,-442.6598205566406,38.97295379638672,-1,-442.27227783203125,41.81024932861328,-442.27226935342617,41.810250712304665,0.0,0,0.0,0.0,125,/yh/study/uav-sat/v36_GvsK/v36_training_data/routes/route_C/vi/vi_000125.jpg,-442.6598205566406,38.97295379638672,425.85067694470246,4.06913946845326,0,3.2106913428238246,3.2106913428238246,1,3.2106913428238246,174.1552069653666,7.998196746183168e-05,425.76700972804684,1.2525997168790812,-442.27781730272744,41.764722033425784,2.8177821731532884,9.67114087909764,1,0.0,0,0,0.40347389746073636,1.0,428.7336730957031,-0.7503942847251892,1,1,6,18,1,172.6799711259906,-453.4400634765625,35.71947479248047,-453.8619384765625,42.90543746948242,1,-453.8619384765625,42.90543746948242,437.4067687988281,1.3472875356674194,0.9139887094497681,0.08539330959320068,4.0,4.0,1,433.40838623046875,1.0066092014312744,8.154634344014584,21.253009796142578,8.34664249420166,0.40347389746073636,433.40838623046875,1.0066092014312744,429.12656294606387,1.0066092014312744,4.281823284404881,0.0,0.0,1,3.2211146537200044,3.221015453338623,-0.02527967095375061,3.2215044498443604,-0.025437984615564346,0.7937210202217102,0.040916722267866135,-1.2307362688562404,0.0,172.67926302747273,172.67926302747273,1.4759439378938708,3.6174232959747314,-0.08269643038511276,0.023786863601716356,1.0,425.76632325074144,1.2067393953493015,0,0,1,305.79702833620564,0.5819951509696951,0.08435369396102033,0.010813107020535728,-442.27226935342617,41.810250712304665,3.2211146537199524,3.2106913428238246,0.010423310896127802,0,2.8636427368284725,nan
GT+smooth-jitter_controlled_forward3x6_SoftMS_local_prior_3frame_causal_heading_continuous_waypoint_RNN_polynomial_Kalman,1,controlled_gt_jitter,8.0,-448.50419165257665,44.30113949598808,-2.5249130881235278,4.997901580949018,0,0,6,-445.5881693082739,42.23258111156631,-445.9792785644531,39.30323791503906,-1,-445.5881652832031,42.232582092285156,-445.5881693082739,42.23258111156631,0.0,0,0.0,0.0,126,/yh/study/uav-sat/v36_GvsK/v36_training_data/routes/route_C/vi/vi_000126.jpg,-445.9792785644531,39.30323791503906,429.18644152540406,4.092882400054726,0,3.335849077021394,3.335849077021394,1,3.335849077021394,174.31780589329827,0.1625989279316712,429.1089138635741,1.1813726513227598,-445.59330479861165,42.19009153228262,2.912541768852435,9.424002028892472,1,0.0,0,0,0.3801522398329154,1.0,432.2273254394531,-0.6089439988136292,0,0,6,18,1,172.67972331818976,-453.4400634765625,35.71947479248047,-457.5144958496094,43.39182662963867,1,-457.5144958496094,43.39182662963867,441.09033203125,1.2511451244354248,0.9131316542625427,0.07587609440088272,4.0,4.0,0,437.0919494628906,0.911636233329773,8.521583357743033,21.24213409423828,8.344200134277344,0.3801522398329154,437.0919494628906,0.911636233329773,432.40433252311465,0.911636233329773,4.687616939775991,0.0,0.0,1,3.342686864888745,3.342590612832693,-0.02536674402654171,3.220797061920166,-0.025271005928516388,0.7927360534667969,0.041020315140485764,-1.2280798588776343,0.0,172.68191943745134,172.68191943745134,1.6358864558469357,3.61623215675354,-0.08228426426649094,0.02055920022445948,1.0,429.10831509780076,1.1385780361444195,0,0,1,302.4550364891463,0.5865634386508778,0.07812642760330846,0.1150520151012282,-445.5881693082739,42.23258111156631,3.3426868648887416,3.335849077021394,0.006837787867347345,0,2.9553372080541918,nan
GT+smooth-jitter_controlled_forward3x6_SoftMS_local_prior_3frame_causal_heading_continuous_waypoint_RNN_polynomial_Kalman,1,controlled_gt_jitter,8.0,-451.9885890611068,44.525257095901026,-2.690157664622415,4.891757950393213,0,0,6,-448.91009113764954,42.59729076837752,-449.2984313964844,39.63349914550781,-1,-448.91009521484375,42.5972900390625,-448.91009113764954,42.59729076837752,0.0,0,0.0,0.0,127,/yh/study/uav-sat/v36_GvsK/v36_training_data/routes/route_C/vi/vi_000127.jpg,-449.2984313964844,39.63349914550781,432.5219002243722,4.116615714407151,0,3.3355431345931956,3.3355431345931956,1,3.3355431345931956,174.31767809573418,-0.00012779756407830232,432.45010159175223,1.1132639472336014,-448.9084107588532,42.61228426418496,3.004209859685342,9.751881376358252,1,0.0,0,0,0.3076257275379077,1.0,435.7158508300781,-0.4621351957321167,0,0,6,18,1,172.6804919279148,-467.6340637207031,35.8090934753418,-462.58099365234375,43.606075286865234,1,-462.58099365234375,43.606075286865234,446.15093994140625,1.575613021850586,0.8822652697563171,0.04007488489151001,4.0,4.0,0,442.15252685546875,1.2354315519332886,10.052372430708868,21.263484954833984,8.348692893981934,0.3076257275379077,442.15252685546875,1.2354315519332886,435.54607234248147,1.2354315519332886,6.606454512987274,0.0,0.0,1,3.341882369900793,3.3417864939514548,-0.0253140889108181,3.2242813110351562,-0.025449424982070923,0.7943651080131531,0.04096119478344917,-1.2352373635192788,0.0,172.67476193280967,172.67476193280967,1.6429161629245022,3.6205151081085205,-0.08303661644458771,0.01026359633798545,1.0,432.4501818192625,1.1283510991508252,0,0,1,299.11316976768455,0.5911315552934248,0.07171840510966376,0.11126182355803937,-448.91009113764954,42.59729076837752,3.341882369900794,3.3355431345931956,0.00633923530759839,0,2.9891251128757648,nan
GT+smooth-jitter_controlled_forward3x6_SoftMS_local_prior_3frame_causal_heading_continuous_waypoint_RNN_polynomial_Kalman,1,controlled_gt_jitter,8.0,-455.4679352527628,44.74364103399436,-2.8509308582315387,4.779945507871309,0,0,6,-452.231947963879,42.952430801045445,-452.61700439453125,39.96369552612305,-1,-452.23193359375,42.952430725097656,-452.231947963879,42.952430801045445,0.0,0,0.0,0.0,128,/yh/study/uav-sat/v36_GvsK/v36_training_data/routes/route_C/vi/vi_000128.jpg,-452.61700439453125,39.96369552612305,435.85677548170804,4.140351997732374,0,3.334959728862888,3.334959728862888,1,3.334959728862888,174.31780042407243,0.0001223283382512645,435.790872262812,1.1029625752145535,-452.22923482656375,42.97695165536966,3.0381043000996497,9.668320989374433,1,0.0,0,0,0.32076072487596424,1.0,439.19873046875,-0.31016096472740173,1,1,6,18,1,172.67848641361977,-467.6340637207031,35.8090934753418,-462.568603515625,43.61007308959961,1,-462.568603515625,43.61007308959961,446.1390686035156,1.5703233480453491,0.8834823966026306,0.0455966517329216,4.0,4.0,1,442.14068603515625,1.2326221466064453,6.924046846380077,21.238990783691406,8.343531608581543,0.32076072487596424,442.14068603515625,1.2326221466064453,438.9229642562209,1.2326221466064453,3.2177217789353465,0.0,0.0,1,3.340786915798523,3.3406904435494984,-0.025388523936271667,3.221069812774658,-0.025247734040021896,0.7925349473953247,0.041044682264328,-1.2268757178713023,0.0,172.68312357845767,172.68312357845767,1.6346768456147769,3.6164069175720215,-0.08217650651931763,0.016163082887385116,1.0,435.7909686578586,1.1276328836616687,0,0,1,295.77238292908845,0.5956981958056224,0.06580682384941383,0.11388991608822963,-452.231947963879,42.952430801045445,3.3407869157985313,3.334959728862888,0.005827186935643436,0,3.0134377375934127,nan
GT+smooth-jitter_controlled_forward3x6_SoftMS_local_prior_3frame_causal_heading_continuous_waypoint_RNN_polynomial_Kalman,1,controlled_gt_jitter,8.0,-458.95609953425446,44.94945307507803,-3.0070333721450733,4.662656505253816,0,0,6,-455.570852962217,43.25996393410336,-455.9490661621094,40.28679656982422,-1,-455.57086181640625,43.25996398925781,-455.570852962217,43.25996393410336,0.0,0,0.0,0.0,129,/yh/study/uav-sat/v36_GvsK/v36_training_data/routes/route_C/vi/vi_000129.jpg,-455.9490661621094,40.28679656982422,439.2043106362522,4.172574606061192,0,3.347690234683706,3.347690234683706,1,3.347690234683706,174.4614983424338,0.14369791836135243,439.1439110320391,1.1023217936095409,-455.5632826543407,43.333314505056194,3.0708468611372344,9.63923718338813,1,0.0,0,0,0.35269334483508025,1.0,442.68902587890625,-0.14475029706954956,1,1,6,18,1,172.68010943732128,-467.6340637207031,35.8090934753418,-467.7460021972656,43.835365295410156,1,-467.7460021972656,43.835365295410156,451.3111267089844,1.8955756425857544,0.867611289024353,0.054878056049346924,4.0,4.0,1,447.3127136230469,1.5546607971191406,8.520544096905326,21.266645431518555,8.349672317504883,0.35269334483508025,447.3127136230469,1.5546607971191406,442.3638177303356,1.5546607971191406,4.94889589271129,0.0,0.0,1,3.3530379085024933,3.352942374180497,-0.025311090052127838,3.2252020835876465,-0.025405142456293106,0.7950159311294556,0.04102350026369095,-1.2329231033294081,0.0,172.67707619299955,172.67707619299955,1.784422149434235,3.6217658519744873,-0.08284176886081696,0.016956971435259174,1.0,439.1436568152102,1.1760615467570243,0,0,1,292.4196947717369,0.600281104654294,0.06065382104202399,0.12248815109605937,-455.570852962217,43.25996393410336,3.353037908502478,3.347690234683706,0.005347673818772325,0,2.9971268576067027,nan
GT+smooth-jitter_controlled_forward3x6_SoftMS_local_prior_3frame_causal_heading_continuous_waypoint_RNN_polynomial_Kalman,1,controlled_gt_jitter,8.0,-462.4347636716948,45.14953398979515,-3.158274413882289,4.5400903252443685,0,0,6,-458.9148559492291,43.42280210890819,-459.2764892578125,40.60944366455078,-1,-458.91485595703125,43.42280197143555,-458.9148559492291,43.42280210890819,0.0,0,0.0,0.0,130,/yh/study/uav-sat/v36_GvsK/v36_training_data/routes/route_C/vi/vi_000130.jpg,-459.2764892578125,40.60944366455078,442.5471851376949,4.204756482300698,0,3.3430294054276666,3.3430294054276666,1,3.3430294054276666,174.46156912773753,7.078530373062684e-05,442.4915261340024,1.150698727323812,-458.89713773921125,43.64036087238762,3.054564894616993,8.888652491163084,1,0.0,0,0,0.513218935761489,1.0,446.1693115234375,0.025351302698254585,0,0,6,18,1,172.67904776979216,-477.09674072265625,35.868831634521484,-473.05633544921875,43.86901092529297,1,-473.05633544921875,43.86901092529297,456.5950622558594,2.4254958629608154,0.8393480181694031,0.11287037283182144,4.0,4.0,0,452.5966796875,2.088594675064087,10.269882253510355,21.257980346679688,8.347187042236328,0.513218935761489,452.5966796875,2.088594675064087,446.15287820734653,2.088594675064087,6.443801480153492,0.0,0.0,1,3.3479653893551453,3.3478693187922297,-0.02536281943321228,3.225081205368042,-0.025438081473112106,0.7937068939208984,0.04097847640514374,-1.2375180063718283,0.0,172.67248128995715,172.67248128995715,1.789087837780386,3.620983123779297,-0.08317092061042786,0.0380870028599043,1.0,442.4860634247515,1.368909426741999,0,0,1,289.0772881621956,0.6048499592890849,0.06112171294341806,0.11794820005962459,-458.9148559492291,43.42280210890819,3.3479653893551133,3.3430294054276666,0.004935983927446763,0,2.836505664777375,nan
GT+smooth-jitter_controlled_forward3x6_SoftMS_local_prior_3frame_causal_heading_continuous_waypoint_RNN_polynomial_Kalman,1,controlled_gt_jitter,8.0,-465.9092693172278,45.344631590866726,-3.3044719539465617,4.412453093552272,0,0,6,-462.2515100110775,43.70884463735775,-462.60479736328125,40.93217849731445,-1,-462.2514953613281,43.70884323120117,-462.2515100110775,43.70884463735775,0.0,0,0.0,0.0,131,/yh/study/uav-sat/v36_GvsK/v36_training_data/routes/route_C/vi/vi_000131.jpg,-462.60479736328125,40.93217849731445,445.8909489625034,4.2369450068164465,0,3.3439187515859254,3.3439187515859254,1,3.3439187515859254,174.46153634708364,-3.278065388931923e-05,445.8348595192307,1.3435052118829902,-462.24205787996493,43.8033385311326,2.893983391892778,8.496342691651964,1,0.0,0,0,0.5148578757381812,1.0,449.6448974609375,0.1999669075012207,0,0,6,18,1,172.67674951785816,-477.09674072265625,35.868831634521484,-477.3676452636719,44.61838912963867,1,-477.3676452636719,44.61838912963867,460.9615478515625,2.1377360820770264,0.8674982786178589,0.1197190061211586,4.0,4.0,0,456.963134765625,1.7973780632019043,11.337759272943803,21.275304794311523,8.351472854614258,0.5148578757381812,456.963134765625,1.7973780632019043,449.5007186775107,1.7973780632019043,7.462416088114312,0.0,0.0,1,3.3488924522193564,3.348796094479204,-0.02540421485900879,3.226846694946289,-0.02546343207359314,0.7952737212181091,0.041012056171894073,-1.2357288169744023,0.0,172.67427047935456,172.67427047935456,1.7872658677290705,3.6235337257385254,-0.08312137424945831,0.035642217080829076,1.0,445.83423339904346,1.438468608604119,0,0,1,285.7291181879036,0.6094266920724166,0.05671556345993167,0.11707205663963638,-462.2515100110775,43.70884463735775,3.3488924522193115,3.3439187515859254,0.004973700633386091,0,2.799051054641565,nan
GT+smooth-jitter_controlled_forward3x6_SoftMS_local_prior_3frame_causal_heading_continuous_waypoint_RNN_polynomial_Kalman,1,controlled_gt_jitter,8.0,-469.3786194701873,45.53891800545747,-3.445452966281019,4.279957281580512,0,0,6,-465.58840623445457,43.99328069975022,-465.93316650390625,41.25896072387695,-1,-465.5884094238281,43.993282318115234,-465.58840623445457,43.99328069975022,0.0,0,0.0,0.0,132,/yh/study/uav-sat/v36_GvsK/v36_training_data/routes/route_C/vi/vi_000132.jpg,-465.93316650390625,41.25896072387695,449.235202868197,4.265115454356947,0,3.344372550996965,3.344372550996965,1,3.344372550996965,174.39262101787216,-0.06891532921148563,449.18313370349296,1.4130318235320307,-465.57881210828066,44.08942450167614,2.8525588924915177,7.893646660089335,1,0.0,0,0,0.5048984857237712,1.0,453.1152648925781,0.37484216690063477,1,1,6,18,1,172.67588187039016,-477.09674072265625,35.868831634521484,-477.37017822265625,44.60366439819336,1,-477.37017822265625,44.60366439819336,460.9625244140625,2.15264630317688,0.8683367967605591,0.11591972410678864,4.0,4.0,1,456.9641418457031,1.8165415525436401,8.10752809866569,21.253936767578125,8.346330642700195,0.5048984857237712,456.9641418457031,1.8165415525436401,452.8216045392333,1.8165415525436401,4.142537306469798,0.0,0.0,1,3.34899690641492,3.348900304449492,-0.02543678507208824,3.2248575687408447,-0.02538563683629036,0.793441653251648,0.041016075760126114,-1.2355547538722729,0.0,172.67444454245668,172.67444454245668,1.7181764754154554,3.620631217956543,-0.08296793699264526,0.04491533876316988,1.0,449.1824737373721,1.5096508814374467,0,0,1,282.380877849575,0.614003521038856,0.052729130824900494,0.11951498225612012,-465.58840623445457,43.99328069975022,3.3489969064150062,3.344372550996965,0.004624355418041404,0,2.7559690444291993,nan
GT+smooth-jitter_controlled_forward3x6_SoftMS_local_prior_3frame_causal_heading_continuous_waypoint_RNN_polynomial_Kalman,1,controlled_gt_jitter,8.0,-472.83764544704616,45.72807978439176,-3.581053650171166,4.142821300505041,0,0,6,-468.9246893863688,44.21602289141119,-469.256591796875,41.58525848388672,-1,-468.9246826171875,44.21602249145508,-468.9246893863688,44.21602289141119,0.0,0,0.0,0.0,133,/yh/study/uav-sat/v36_GvsK/v36_training_data/routes/route_C/vi/vi_000133.jpg,-469.256591796875,41.58525848388672,452.5744894296491,4.293243138896931,0,3.339405022774538,3.339405022774538,1,3.339405022774538,174.39260522684137,-1.5791030776138228e-05,452.52608761370686,1.4842422278950473,-468.9104547221251,44.37327175130127,2.8094178852203453,7.789598113646228,1,0.0,0,0,0.4610423507130519,1.0,456.5748596191406,0.553717851638794,0,0,6,18,1,172.6753787842691,-477.09674072265625,35.868831634521484,-481.50775146484375,44.48117446899414,1,-481.50775146484375,44.48117446899414,465.0637512207031,2.713402509689331,0.8842725157737732,0.10188312828540802,4.0,4.0,0,461.0653076171875,2.369309425354004,8.706061935682472,21.289608001708984,8.35519790649414,0.4610423507130519,461.0653076171875,2.369309425354004,456.04395407816776,2.369309425354004,5.021353539019744,0.0,0.0,1,3.343710417140368,3.3436138763347327,-0.025408653542399406,3.226331949234009,-0.025538604706525803,0.7959936857223511,0.040960606187582016,-1.226245419476957,0.0,172.683753876852,172.683753876852,1.7088513499893636,3.6233906745910645,-0.08261918276548386,0.036296574571842516,1.0,452.5235593282335,1.6421138129742596,0,0,1,279.0397922587136,0.6185705699261653,0.05093010141558807,0.1130730735405292,-468.9246893863688,44.21602289141119,3.343710417140333,3.339405022774538,0.004305394365795134,0,2.6516184827379323,nan
GT+smooth-jitter_controlled_forward3x6_SoftMS_local_prior_3frame_causal_heading_continuous_waypoint_RNN_polynomial_Kalman,1,controlled_gt_jitter,8.0,-476.29351709422343,45.91305802806478,-3.711119633285915,4.0012690876350945,0,0,6,-472.2542043334358,44.54733804306342,-472.5823974609375,41.91178894042969,-1,-472.25421142578125,44.54733657836914,-472.2542043334358,44.54733804306342,0.0,0,0.0,0.0,134,/yh/study/uav-sat/v36_GvsK/v36_training_data/routes/route_C/vi/vi_000134.jpg,-472.5823974609375,41.91178894042969,455.91616761540956,4.321391974980712,0,3.3417967404018407,3.3417967404018407,1,3.3417967404018407,174.39262247886975,1.725202839062135e-05,455.8694209923773,1.616633686012194,-472.2489653937466,44.596323482036034,2.705162222216777,8.464858636204948,1,0.0,0,0,0.24586563650134954,1.0,460.0308532714844,0.7364188432693481,0,0,6,18,1,172.6783101093618,-486.5289611816406,40.68671798706055,-486.10821533203125,44.75474548339844,1,-486.10821533203125,44.75474548339844,469.6672668457031,2.929440975189209,0.8907001614570618,0.017226524651050568,4.0,4.0,0,465.66888427734375,2.5931029319763184,9.904668863931567,21.26227569580078,8.348219871520996,0.24586563650134954,465.66888427734375,2.5931029319763184,458.795551492756,2.5931029319763184,6.8733327845877525,0.0,0.0,1,3.3459586836147555,3.3458616641437797,-0.025480126962065697,3.2269883155822754,-0.025452150031924248,0.7942872047424316,0.04101256653666496,-1.2363530322315182,0.0,172.67364626409744,172.67364626409744,1.718976214772315,3.6231813430786133,-0.08314172178506851,0.006515191532087249,1.0,455.86943347443895,1.665898476325408,0,0,1,275.69391811250813,0.6231441644603193,0.04673414097061368,0.11480842481956532,-472.2542043334358,44.54733804306342,3.345958683614712,3.3417967404018407,0.004161943212871222,0,2.6559047048666544,nan
GT+smooth-jitter_controlled_forward3x6_SoftMS_local_prior_3frame_causal_heading_continuous_waypoint_RNN_polynomial_Kalman,1,controlled_gt_jitter,8.0,-479.6531941438755,46.09770955655923,-3.835506155594243,3.855529685953763,0,0,6,-475.5023280502232,44.772988150285215,-475.81768798828125,42.24217987060547,-1,-475.5023193359375,44.772987365722656,-475.5023280502232,44.772988150285215,0.0,0,0.0,0.0,135,/yh/study/uav-sat/v36_GvsK/v36_training_data/routes/route_C/vi/vi_000135.jpg,-475.81768798828125,42.24217987060547,459.16825104867644,4.336099324632874,0,3.2521166896442413,3.2521166896442413,1,3.2521166896442413,174.1691142100052,-0.22350826886456662,459.12528623485065,1.6404337366749202,-475.4889810370942,44.9180742402638,2.69600796314251,9.003307804872916,1,0.0,0,0,0.3138776989615336,1.0,463.3911437988281,0.9092393517494202,0,0,6,18,1,172.6766778008719,-486.5289611816406,40.68671798706055,-490.1987609863281,44.468387603759766,1,-490.1987609863281,44.468387603759766,473.704345703125,3.64815092086792,0.8197926878929138,0.028831705451011658,4.0,4.0,0,469.7059631347656,3.312748908996582,10.587285869498933,21.26205062866211,8.347810745239258,0.3138776989615336,469.7059631347656,3.312748908996582,462.23844990699484,3.312748908996582,7.467513227770759,0.0,0.0,1,3.2559523415501586,3.255852760411701,-0.0254647396504879,3.228588342666626,-0.02537098526954651,0.7943092584609985,0.041101593524217606,-1.2416627572592625,0.0,172.6683365390697,172.6683365390697,1.5007776709354927,3.6247873306274414,-0.08338675647974014,0.013120482387988353,1.0,459.12316566253844,1.7861170213640218,0,0,1,272.44018592440864,0.6275918068702915,0.045085386137998285,0.0235283469776153,-475.5023280502232,44.772988150285215,3.255952341550169,3.2521166896442413,0.0038356519059279393,0,2.550380841958225,nan
GT+smooth-jitter_controlled_forward3x6_SoftMS_local_prior_3frame_causal_heading_continuous_waypoint_RNN_polynomial_Kalman,1,controlled_gt_jitter,8.0,-483.01590684721856,46.27931551647805,-3.9540782339373313,3.7058368177475844,0,0,6,-478.7617401243465,44.95901372806174,-479.06182861328125,42.57347869873047,-1,-478.7617492675781,44.959014892578125,-478.7617401243465,44.95901372806174,0.0,0,0.0,0.0,136,/yh/study/uav-sat/v36_GvsK/v36_training_data/routes/route_C/vi/vi_000136.jpg,-479.06182861328125,42.57347869873047,462.4292309532268,4.350842811696077,0,3.261013233381979,3.261013233381979,1,3.261013233381979,174.16904223833478,-7.197167042258507e-05,462.38778306050494,1.7607038471818452,-478.74582539858704,45.14460291813506,2.5904705717892114,9.340931418164299,1,0.0,0,0,0.3049673141873256,1.0,466.754150390625,1.085410237312317,0,0,6,18,1,172.67375832188853,-486.5289611816406,40.68671798706055,-490.2116394042969,44.496864318847656,1,-490.2116394042969,44.496864318847656,473.7201843261719,3.621201276779175,0.8268149495124817,0.026812449097633362,4.0,4.0,0,469.7217712402344,3.282520055770874,7.370377015353716,21.286937713623047,8.353647232055664,0.3049673141873256,469.7217712402344,3.282520055770874,465.4764431745201,3.282520055770874,4.245328065714286,0.0,0.0,1,3.2647163099613277,3.26461739796649,-0.02541317418217659,3.2303764820098877,-0.025564657524228096,0.7961965203285217,0.041008446365594864,-1.2429742603016107,0.0,172.66702503602735,172.66702503602735,1.5020172023074188,3.6275112628936768,-0.08376917243003845,0.01603750892511691,1.0,462.3839187142227,1.9469340616903335,0,0,1,269.17943287272436,0.6320490463487466,0.045312239004090316,0.030636751372091098,-478.7617401243465,44.95901372806174,3.264716309961383,3.261013233381979,0.003703076579404385,0,2.4043357663516347,nan
GT+smooth-jitter_controlled_forward3x6_SoftMS_local_prior_3frame_causal_heading_continuous_waypoint_RNN_polynomial_Kalman,1,controlled_gt_jitter,8.0,-486.6777337562988,46.48835679796681,-4.066710807080015,3.5524284532402475,0,0,6,-482.3210096709383,45.25271116400913,-482.61102294921875,42.93592834472656,-1,-482.3210144042969,45.25271224975586,-482.3210096709383,45.25271116400913,0.0,0,0.0,0.0,137,/yh/study/uav-sat/v36_GvsK/v36_training_data/routes/route_C/vi/vi_000137.jpg,-482.61102294921875,42.93592834472656,465.99684779724925,4.3669745934050255,0,3.5676533155750327,3.5676533155750327,1,3.5676533155750327,174.1690732802069,3.104187212495557e-05,465.95519409119385,1.9214375713906318,-482.31015598046685,45.36324485156806,2.4458917304883263,10.038616858939736,1,0.0,0,0,0.23668087739113722,1.0,470.41748046875,1.2660338878631592,0,0,6,18,1,172.67140169318145,-491.2298889160156,45.47473907470703,-495.70404052734375,44.79424285888672,1,-495.70404052734375,44.79424285888672,479.213134765625,3.9081928730010986,0.8689385056495667,0.008765056729316711,4.0,4.0,0,475.2147216796875,3.5677731037139893,9.252454913895022,21.2924747467041,8.355426788330078,0.23668087739113722,475.2147216796875,3.5677731037139893,468.85606650401945,3.5677731037139893,6.3586551756680265,0.0,0.0,1,3.5713663896578924,3.5712753769711525,-0.02549649029970169,3.2293288707733154,-0.025591997429728508,0.7961724996566772,0.0409754179418087,-1.234767467848723,0.0,172.67523182848024,172.67523182848024,1.493841451726656,3.626462936401367,-0.0832705944776535,0.0072579419881912705,1.0,465.95425995028967,2.032498933092153,0,0,1,265.6090916366574,0.6369294729424544,0.04258784695957729,0.3383244448017173,-482.3210096709383,45.25271116400913,3.5713663896578596,3.5676533155750327,0.0037130740828268394,0,2.3348640931116003,nan
GT+smooth-jitter_controlled_forward3x6_SoftMS_local_prior_3frame_causal_heading_continuous_waypoint_RNN_polynomial_Kalman,1,controlled_gt_jitter,8.0,-490.0943398865017,46.676685748928314,-4.1732888611110734,3.3955463751490167,0,0,6,-485.6462388544466,45.45677930336348,-485.9210510253906,43.2811393737793,-1,-485.646240234375,45.45677947998047,-485.6462388544466,45.45677930336348,0.0,0,0.0,0.0,138,/yh/study/uav-sat/v36_GvsK/v36_training_data/routes/route_C/vi/vi_000138.jpg,-485.9210510253906,43.2811393737793,469.32481926831554,4.3748744284953816,0,3.3279808472444268,3.3279808472444268,1,3.3279808472444268,174.04600597887222,-0.12306730133468943,469.2856470751966,2.0069499143365976,-485.6308855177465,45.6315446459912,2.368248501628974,10.554641263699583,1,0.0,0,0,0.2933032968974486,1.0,473.83477783203125,1.4412373304367065,0,0,6,18,1,172.67274222452778,-500.7533874511719,36.018150329589844,-500.7890930175781,45.10399627685547,1,-500.7890930175781,45.10399627685547,484.3023376464844,4.139663219451904,0.9030144810676575,0.03891073912382126,4.0,4.0,0,480.303955078125,3.8023431301116943,10.994053629934124,21.277725219726562,8.351755142211914,0.2933032968974486,480.303955078125,3.8023431301116943,472.34223114166457,3.8023431301116943,7.961723936460409,0.0,0.0,1,3.331485093521373,3.331387124906942,-0.025549018755555153,3.2302534580230713,-0.02543564699590206,0.7955121994018555,0.04110270366072655,-1.2390313201598093,0.0,172.67096797616915,172.67096797616915,1.3750380027030527,3.6270556449890137,-0.08333338797092438,0.010721112982122439,1.0,469.282372815859,2.1823578079942014,0,0,1,262.2809787710881,0.6414787889495368,0.0424464524565451,0.09772738922135549,-485.6462388544466,45.45677930336348,3.3314850935213567,3.3279808472444268,0.003504246276929912,0,2.192927457190512,nan
GT+smooth-jitter_controlled_forward3x6_SoftMS_local_prior_3frame_causal_heading_continuous_waypoint_RNN_polynomial_Kalman,1,controlled_gt_jitter,8.0,-493.50411524994763,46.86171747836737,-4.2737075351039,3.235435740086115,0,0,6,-488.97364378536616,45.60709449184637,-489.23040771484375,43.62628173828125,-1,-488.9736328125,45.607093811035156,-488.97364378536616,45.60709449184637,0.0,0,0.0,0.0,139,/yh/study/uav-sat/v36_GvsK/v36_training_data/routes/route_C/vi/vi_000139.jpg,-489.23040771484375,43.62628173828125,472.6521158569922,4.382771312848678,0,3.3273059597521457,3.3273059597521457,1,3.3273059597521457,174.04598275411456,-2.322475765150669e-05,472.6130737421216,2.156871145010307,-488.9554389905475,45.835477982297476,2.2262425393286547,10.73587857691311,1,0.0,0,0,0.29418519977096474,1.0,477.2449645996094,1.6189947128295898,1,1,6,18,1,172.67212121092183,-500.7533874511719,36.018150329589844,-500.7819519042969,45.11044692993164,1,-500.7819519042969,45.11044692993164,484.2959289550781,4.132491588592529,0.9043940305709839,0.0395670011639595,4.0,4.0,1,480.2975158691406,3.794079542160034,7.6680309954142265,21.289676666259766,8.354473114013672,0.29418519977096474,480.2975158691406,3.794079542160034,475.67208304149176,3.794079542160034,4.625432827648844,0.0,0.0,1,3.3307984373415356,3.330700926262633,-0.025486662983894348,3.230764389038086,-0.02557702176272869,0.7961826920509338,0.041010692715644836,-1.2387405035115548,0.0,172.6712587928174,172.6712587928174,1.3747239612971467,3.6278979778289795,-0.08352060616016388,0.013956240191209546,1.0,472.6069464705179,2.385897103817853,0,0,1,258.95640511642915,0.6460232670831763,0.045169386474299245,0.09654157071405978,-488.97364378536616,45.60709449184637,3.330798437341476,3.3273059597521457,0.003492477589330356,0,1.9973850104992268,nan
GT+smooth-jitter_controlled_forward3x6_SoftMS_local_prior_3frame_causal_heading_continuous_waypoint_RNN_polynomial_Kalman,1,controlled_gt_jitter,8.0,-496.9054393456676,47.0435436733702,-4.367872206995745,3.0723446377256725,0,0,6,-492.29325240939016,45.85440194614589,-492.5375671386719,43.97119903564453,-1,-492.2932434082031,45.854400634765625,-492.29325240939016,45.85440194614589,0.0,0,0.0,0.0,140,/yh/study/uav-sat/v36_GvsK/v36_training_data/routes/route_C/vi/vi_000140.jpg,-492.5375671386719,43.97119903564453,475.9772037028754,4.390658885077891,0,3.3250972010808293,3.3250972010808293,1,3.3250972010808293,174.04591262332093,-7.013079361627957e-05,475.9356564741009,2.360360743598732,-492.28085896220443,45.98563136949131,2.0307232001217232,11.349465952496352,1,0.0,0,0,0.22819692585233603,1.0,480.6463623046875,1.79904305934906,0,0,6,18,1,172.67181940193788,-500.7533874511719,36.018150329589844,-505.3369445800781,45.411895751953125,1,-505.3369445800781,45.411895751953125,488.857177734375,4.315985679626465,0.9076170325279236,0.01388075202703476,4.0,4.0,0,484.8587951660156,3.981700897216797,8.891001830725244,21.27279281616211,8.350030899047852,0.22819692585233603,484.8587951660156,3.981700897216797,478.8131980201948,3.981700897216797,6.045597145820819,0.0,0.0,1,3.3288079538547293,3.3287100035829598,-0.02553636021912098,3.2309088706970215,-0.0254481490701437,0.7946640849113464,0.04109148681163788,-1.2443987816303816,0.0,172.66560051469858,172.66560051469858,1.380312108622357,3.6272785663604736,-0.08369629830121994,0.006694206588679072,1.0,475.9340577785266,2.4921643977862264,0,0,1,255.62929380842047,0.6505712140255584,0.04314592434877795,0.0941883303838078,-492.29325240939016,45.85440194614589,3.328807953854746,3.3250972010808293,0.003710752773916859,0,1.898984699534146,nan
GT+smooth-jitter_controlled_forward3x6_SoftMS_local_prior_3frame_causal_heading_continuous_waypoint_RNN_polynomial_Kalman,1,controlled_gt_jitter,8.0,-500.3027444581234,47.163496915257355,-4.455698559685902,2.906523648655793,0,0,6,-495.60867958155166,46.11031866924342,-495.8470458984375,44.25697326660156,-1,-495.6086730957031,46.11031723022461,-495.60867958155166,46.11031866924342,0.0,0,0.0,0.0,141,/yh/study/uav-sat/v36_GvsK/v36_training_data/routes/route_C/vi/vi_000141.jpg,-495.8470458984375,44.25697326660156,479.2983232757761,4.457601807891641,0,3.321794179719584,3.321794179719584,1,3.321794179719584,175.0647386951322,1.0188260718112523,479.2592496636486,2.4666765538853075,-495.5969744694818,46.232517342198186,1.9913086436323408,12.03124125785688,1,0.0,0,0,0.21866412479046737,1.0,484.0372314453125,2.0401885509490967,0,0,6,18,1,172.66964281274846,-514.8561401367188,50.3821907043457,-510.51544189453125,45.779693603515625,1,-510.51544189453125,45.779693603515625,494.04547119140625,4.499652862548828,0.9040861129760742,0.009290829300880432,4.0,4.0,0,490.04705810546875,4.160483360290527,10.752840546151052,21.29328155517578,8.355502128601074,0.21866412479046737,490.04705810546875,4.160483360290527,482.1105760068224,4.160483360290527,7.9364820986463895,0.0,0.0,1,3.3252895667998255,3.3251918851219777,-0.02548784390091896,3.2309842109680176,-0.025560205802321434,0.7965195178985596,0.04103562980890274,-1.236351644849343,0.0,172.67364765147963,172.67364765147963,2.3910910436525707,3.6282901763916016,-0.08334844559431076,0.005369802690582623,1.0,479.2579245947558,2.589427397112162,0,0,1,252.30542699219126,0.6551147259565743,0.040398681020292315,0.09080996875156622,-495.60867958155166,46.11031866924342,3.3252895667998184,3.321794179719584,0.0034953870802345577,0,1.8686111640786665,nan
GT+smooth-jitter_controlled_forward3x6_SoftMS_local_prior_3frame_causal_heading_continuous_waypoint_RNN_polynomial_Kalman,1,controlled_gt_jitter,8.0,-503.69186726607046,47.28082412619473,-4.537112627398592,2.7382254018294985,0,0,6,-498.9240437307075,46.3397595284773,-499.1547546386719,44.542598724365234,-1,-498.9240417480469,46.339759826660156,-498.9240437307075,46.3397595284773,0.0,0,0.0,0.0,142,/yh/study/uav-sat/v36_GvsK/v36_training_data/routes/route_C/vi/vi_000142.jpg,-499.1547546386719,44.542598724365234,482.6176670348683,4.524504881970437,0,3.32001792349764,3.32001792349764,1,3.32001792349764,175.06466874451505,-6.995061715279633e-05,482.58112047958264,2.5638997559349845,-498.9104126837127,46.488261881231416,1.9609457185092465,12.568117569750065,1,0.0,0,0,0.24588490295771515,1.0,487.419677734375,2.2830774784088135,0,0,6,18,1,172.6710444956322,-514.8561401367188,50.3821907043457,-514.4232177734375,46.158538818359375,1,-514.4232177734375,46.158538818359375,497.9714050292969,4.5375237464904785,0.8704190254211426,0.01277238130569458,4.0,4.0,0,493.9729919433594,4.198427200317383,11.360005740837838,21.29495620727539,8.355785369873047,0.24588490295771515,493.9729919433594,4.198427200317383,485.5073039627164,4.198427200317383,8.465687980643022,0.0,0.0,1,3.3232939306347906,3.323195884826828,-0.02552764117717743,3.231505870819092,-0.02555426023900509,0.7964613437652588,0.04104825109243393,-1.2353914696624273,0.0,172.67460782666654,172.67460782666654,2.3900609178485026,3.6287841796875,-0.08328600227832794,0.006294429838726707,1.0,482.5789199050307,2.7130101569381435,0,0,1,248.98443168191636,0.6596543127238321,0.038747129837588545,0.08851205267854834,-498.9240437307075,46.3397595284773,3.323293930634785,3.32001792349764,0.0032760071371447097,0,1.811909070260003,nan
GT+smooth-jitter_controlled_forward3x6_SoftMS_local_prior_3frame_causal_heading_continuous_waypoint_RNN_polynomial_Kalman,1,controlled_gt_jitter,8.0,-507.07613163294496,47.39606182905714,-4.612050822398064,2.5677041325239345,0,0,6,-502.24436820458,46.511919597061144,-502.4640808105469,44.8283576965332,-1,-502.2443542480469,46.51192092895508,-502.24436820458,46.511919597061144,0.0,0,0.0,0.0,143,/yh/study/uav-sat/v36_GvsK/v36_training_data/routes/route_C/vi/vi_000143.jpg,-502.4640808105469,44.8283576965332,485.93863326219895,4.591446789328579,0,3.321640844828251,3.321640844828251,1,3.321640844828251,175.06477448849023,0.0001057439751817084,485.9036065508462,2.687467875370093,-502.2272576275023,46.71787545386691,1.9043010726528422,12.652865305277551,1,0.0,0,0,0.2590640159285441,1.0,490.79705810546875,2.5275285243988037,0,0,6,18,1,172.67229164548596,-514.8561401367188,50.3821907043457,-514.4282836914062,46.19316101074219,1,-514.4282836914062,46.19316101074219,497.9801025390625,4.503634452819824,0.8702477216720581,0.0180063396692276,4.0,4.0,0,493.981689453125,4.165707111358643,8.054316058101406,21.304548263549805,8.35748291015625,0.2590640159285441,493.981689453125,4.165707111358643,488.86603259464965,4.165707111358643,5.115656858475326,0.0,0.0,1,3.3247847601027174,3.3246866458154494,-0.025542281568050385,3.2342278957366943,-0.025668390095233917,0.7972469925880432,0.041012514382600784,-1.2445355988571933,0.0,172.66546369747178,172.66546369747178,2.39931079101845,3.6318821907043457,-0.08406475931406021,0.009091320067748073,1.0,485.89877059644954,2.8940766853119797,0,0,1,245.66458099049754,0.6641923348708099,0.03986266574941055,0.0874129490915565,-502.24436820458,46.511919597061144,3.3247847601027085,3.321640844828251,0.003143915274457676,0,1.6978381260090774,nan
GT+smooth-jitter_controlled_forward3x6_SoftMS_local_prior_3frame_causal_heading_continuous_waypoint_RNN_polynomial_Kalman,1,controlled_gt_jitter,8.0,-510.3583469050783,47.51789590576875,-4.680459942187693,2.3952152417062544,0,0,6,-505.4756705744656,46.61569081096544,-505.6778869628906,45.1226806640625,-1,-505.4756774902344,46.615692138671875,-505.4756705744656,46.61569081096544,0.0,0,0.0,0.0,144,/yh/study/uav-sat/v36_GvsK/v36_training_data/routes/route_C/vi/vi_000144.jpg,-505.6778869628906,45.1226806640625,489.1655270985554,4.639739262266218,0,3.227255179569442,3.227255179569442,1,3.227255179569442,174.76740225972392,-0.29737222876630326,489.13163736051814,2.8684650425638623,-505.4562730489288,46.880363271607145,1.7715983957224704,12.530374334739921,1,0.0,0,0,0.29440401065710936,1.0,494.07366943359375,2.754594087600708,0,0,6,18,1,172.66990182632838,-514.8561401367188,50.3821907043457,-518.8052368164062,46.25602722167969,1,-518.8052368164062,46.25602722167969,502.3390197753906,4.9054765701293945,0.8373085856437683,0.02489572763442993,4.0,4.0,0,498.34063720703125,4.570202350616455,9.175373610089972,21.293384552001953,8.354822158813477,0.29440401065710936,498.34063720703125,4.570202350616455,492.1912483898252,4.570202350616455,6.149388817206058,0.0,0.0,1,3.2329682136488227,3.2328667640686035,-0.025611642748117447,3.233395576477051,-0.025612274184823036,0.7961288690567017,0.041031960397958755,-1.2451723005538855,0.0,172.6648269957751,172.6648269957751,2.102575263948839,3.6304914951324463,-0.08400905877351761,0.011566613889815662,1.0,489.1228461720835,3.1337017112674785,0,0,1,242.4405054148636,0.668599438600979,0.04268092647191679,0.006140396907608814,-505.4756705744656,46.61569081096544,3.232968213648804,3.227255179569442,0.005713034079362078,0,1.5066422158239159,nan
GT+smooth-jitter_controlled_forward3x6_SoftMS_local_prior_3frame_causal_heading_continuous_waypoint_RNN_polynomial_Kalman,1,controlled_gt_jitter,8.0,-513.6372861710382,47.63831985037168,-4.742297157366321,2.2210148576959003,0,0,6,-508.7028613839402,46.82623867998325,-508.8949890136719,45.41730499267578,-1,-508.7028503417969,46.82624053955078,-508.7028613839402,46.82623867998325,0.0,0,0.0,0.0,145,/yh/study/uav-sat/v36_GvsK/v36_training_data/routes/route_C/vi/vi_000145.jpg,-508.8949890136719,45.41730499267578,492.395730204421,4.688081738494767,0,3.230564826799139,3.230564826799139,1,3.230564826799139,174.76741073662055,8.476896624347285e-06,492.3567965353257,3.1080897220673633,-508.6886528659129,46.984249789626695,1.5804716392784635,12.99705179434432,1,0.0,0,0,0.23899982589844618,1.0,497.3468933105469,2.9827141761779785,0,0,6,18,1,172.66812565697907,-519.5570678710938,55.17020034790039,-524.301513671875,46.312164306640625,1,-524.301513671875,46.312164306640625,507.81024169921875,5.4327592849731445,0.9012749195098877,0.016806647181510925,4.0,4.0,0,503.81182861328125,5.094082832336426,11.423315620649694,21.301761627197266,8.357227325439453,0.23899982589844618,503.81182861328125,5.094082832336426,495.2640460565464,4.8524394347998,8.54778255673481,0.24164339753662611,0.0,1,3.234051781574501,3.2339503632422093,-0.025611989200115204,3.2328383922576904,-0.02561790682375431,0.7968872785568237,0.041028909385204315,-1.2381665541778624,0.0,172.6718327421511,172.6718327421511,2.0955779944694406,3.630323886871338,-0.08356846123933792,0.0060131560852892205,1.0,492.35416138370704,3.266716481257718,0,0,1,239.20919020324004,0.673016438447423,0.041568820713962396,0.0022735654585512854,-508.7028613839402,46.82623867998325,3.2340517815745313,3.230564826799139,0.0034869547753921815,0,1.421972981929024,nan
GT+smooth-jitter_controlled_forward3x6_SoftMS_local_prior_3frame_causal_heading_continuous_waypoint_RNN_polynomial_Kalman,1,controlled_gt_jitter,8.0,-517.2289874998886,47.78653982092009,-4.7975299803573686,2.045359400998217,0,0,6,-512.252771306696,47.0098277115952,-512.4314575195312,45.741180419921875,-1,-512.2527465820312,47.00982666015625,-512.252771306696,47.0098277115952,0.0,0,0.0,0.0,146,/yh/study/uav-sat/v36_GvsK/v36_training_data/routes/route_C/vi/vi_000146.jpg,-512.4314575195312,45.741180419921875,495.9466006773248,4.741219954207915,0,3.5512680531479286,3.5512680531479286,1,3.5512680531479286,174.76735758903087,-5.314758967666775e-05,495.90872313609253,3.241101238016527,-512.234645340682,47.22881472883458,1.5005968381939054,13.143538046419835,1,0.0,0,0,0.23487015533808622,1.0,500.9340515136719,3.2163760662078857,1,1,6,18,1,172.66942317947797,-519.5570678710938,55.17020034790039,-524.3051147460938,46.302947998046875,1,-524.3051147460938,46.302947998046875,507.8128356933594,5.442305564880371,0.902519166469574,0.015428513288497925,4.0,4.0,1,503.8144226074219,5.103726863861084,7.876168686821069,21.29703712463379,8.356199264526367,0.23487015533808622,503.8144226074219,5.103726863861084,498.80461606327225,4.978636994324369,5.009806544149605,0.12508986953671464,0.0,1,3.554654046768587,3.5545617523855153,-0.02561524324119091,3.2321958541870117,-0.025557352229952812,0.796512246131897,0.04106127843260765,-1.2345639495557978,0.0,172.67543534677316,172.67543534677316,2.0919222422576995,3.6295008659362793,-0.08324558287858963,0.007932106014979854,1.0,495.9035143574475,3.4607753898604847,0,0,1,235.6598372294996,0.6778681754378573,0.04308631987731815,0.3190721989609169,-512.252771306696,47.0098277115952,3.554654046768562,3.5512680531479286,0.0033859936206335206,0,1.2811692758287136,nan
GT+smooth-jitter_controlled_forward3x6_SoftMS_local_prior_3frame_causal_heading_continuous_waypoint_RNN_polynomial_Kalman,1,controlled_gt_jitter,8.0,-520.8100644379223,47.964753779881136,-4.846136215266004,1.8685051531721535,0,0,6,-515.7995731306642,47.23281450647987,-515.9639282226562,46.096248626708984,-1,-515.799560546875,47.23281478881836,-515.7995731306642,47.23281450647987,0.0,0,0.0,0.0,147,/yh/study/uav-sat/v36_GvsK/v36_training_data/routes/route_C/vi/vi_000147.jpg,-515.9639282226562,46.096248626708984,499.49680516793575,4.762917298594351,0,3.5502707924758985,3.5502707924758985,1,3.5502707924758985,174.26016244485615,-0.5071951441747183,499.4572267513644,3.4351919866754748,-515.7837140762744,47.4122819911843,1.3283150812094162,13.46529367323166,1,0.0,0,0,0.21533743608359251,1.0,504.5138244628906,3.419086217880249,0,0,6,18,1,172.67152741135087,-529.08056640625,45.71359634399414,-529.0387573242188,45.89125442504883,1,-529.0387573242188,45.89125442504883,512.47607421875,6.353870391845703,0.9208364486694336,0.011645227670669556,4.0,4.0,0,508.4776611328125,6.018241882324219,9.068164845897762,21.294082641601562,8.355123519897461,0.21533743608359251,508.4776611328125,6.018241882324219,502.29940470059427,5.140498756213402,6.178256432218247,0.8777431261108164,0.0,1,3.5538044810030036,3.5537123939168884,-0.025583403185009956,3.234011650085449,-0.02557750977575779,0.7964133620262146,0.041071705520153046,-1.2412370443749003,0.0,172.66876225195406,172.66876225195406,1.5914001929020836,3.6312568187713623,-0.08372151106595993,0.006132467588223783,1.0,499.4539565029067,3.6153291376113676,0,0,1,232.1093950840404,0.6827214012559049,0.042848665029055155,0.3162591423904493,-515.7995731306642,47.23281450647987,3.553804481002979,3.5502707924758985,0.0035336885270806917,0,1.1483878244404606,nan
GT+smooth-jitter_controlled_forward3x6_SoftMS_local_prior_3frame_causal_heading_continuous_waypoint_RNN_polynomial_Kalman,1,controlled_gt_jitter,8.0,-524.0674251782233,48.11014905372029,-4.88810388916078,1.6907078305757617,0,0,6,-519.0237308366708,47.49890299015538,-519.1793212890625,46.41944122314453,-1,-519.0237426757812,47.4989013671875,-519.0237308366708,47.49890299015538,0.0,0,0.0,0.0,148,/yh/study/uav-sat/v36_GvsK/v36_training_data/routes/route_C/vi/vi_000148.jpg,-519.1793212890625,46.41944122314453,502.72833975700433,4.782671425684855,0,3.231594966248731,3.231594966248731,1,3.231594966248731,174.26023971040422,7.726554807170164e-05,502.68897453218335,3.5897489772915625,-519.0136204394881,47.601455105151075,1.1935717778189319,13.911295631529002,1,0.0,0,0,0.18473077956203376,1.0,507.7682189941406,3.620086669921875,0,0,6,18,1,172.67055965892283,-538.5432739257812,45.773292541503906,-534.1229858398438,47.73426055908203,1,-534.1229858398438,47.73426055908203,517.7271728515625,5.0606536865234375,0.9710480570793152,0.010449118912220001,4.0,4.0,0,513.728759765625,4.724186897277832,11.000575476133966,21.3021297454834,8.35696029663086,0.18473077956203376,513.728759765625,4.724186897277832,505.44698417597897,4.724186897277832,8.281775589646056,0.0,0.0,1,3.2351191623102435,3.2350180292766444,-0.025580160319805145,3.2349774837493896,-0.025615766644477844,0.797067403793335,0.04106898605823517,-1.2423487643840256,0.0,172.66765053194493,172.66765053194493,1.5925891784592805,3.6325466632843018,-0.08385960757732391,0.004014122754707596,1.0,502.6881480621064,3.692794954255713,0,0,1,228.87520352484069,0.687142332884292,0.04019169489794194,0.003382517500658544,-519.0237308366708,47.49890299015538,3.2351191623101947,3.231594966248731,0.0035241960614635914,0,1.0906173001166095,nan
GT+smooth-jitter_controlled_forward3x6_SoftMS_local_prior_3frame_causal_heading_continuous_waypoint_RNN_polynomial_Kalman,1,controlled_gt_jitter,8.0,-527.3222959112077,48.2552756000957,-4.923431165113912,1.5122221638164013,0,0,6,-522.2553521414442,47.71856453013005,-522.3988647460938,46.7430534362793,-1,-522.25537109375,47.718563079833984,-522.2553521414442,47.71856453013005,0.0,0,0.0,0.0,149,/yh/study/uav-sat/v36_GvsK/v36_training_data/routes/route_C/vi/vi_000149.jpg,-522.3988647460938,46.7430534362793,505.96404583122273,4.802448621364857,0,3.235766514475776,3.235766514475776,1,3.235766514475776,174.26019665863794,-4.305176629279559e-05,505.9271250769534,3.6671952100848086,-522.2417127107669,47.86798307306172,1.1358536216955077,14.365148292646591,1,0.0,0,0,0.21042761522892867,1.0,511.0201110839844,3.8210902214050293,0,0,6,18,1,172.66954142712797,-538.5432739257812,45.773292541503906,-538.649169921875,47.58031463623047,1,-538.649169921875,47.58031463623047,522.2114868164062,5.693916320800781,0.9669987559318542,0.01983700692653656,4.0,4.0,0,518.2130737304688,5.359344005584717,12.261680836878282,21.302452087402344,8.35660457611084,0.21042761522892867,518.2130737304688,5.359344005584717,508.755801018833,5.359344005584717,9.457272711635781,0.0,0.0,1,3.2390781789899634,3.2389770148470216,-0.02559974417090416,3.236408233642578,-0.02564210444688797,0.7969802618026733,0.04106929153203964,-1.2492716947163625,0.0,172.6607276016126,172.6607276016126,1.5994690570253247,3.633923053741455,-0.0843549519777298,0.004527821169546874,1.0,505.9248356396623,3.8172175201520604,0,0,1,225.63851594728476,0.6915666764090664,0.03921019156041439,0.0006417191668020017,-522.2553521414442,47.71856453013005,3.2390781789900296,3.235766514475776,0.003311664514253465,0,0.9860110353942304,nan
GT+smooth-jitter_controlled_forward3x6_SoftMS_local_prior_3frame_causal_heading_continuous_waypoint_RNN_polynomial_Kalman,1,controlled_gt_jitter,8.0,-530.5433127608109,48.41750711115186,-4.952126237373351,1.3333014837104589,0,0,6,-525.4856822236458,47.90204990650468,-525.5911865234375,47.084205627441406,-1,-525.4856567382812,47.90205001831055,-525.4856822236458,47.90204990650468,0.0,0,0.0,0.0,150,/yh/study/uav-sat/v36_GvsK/v36_training_data/routes/route_C/vi/vi_000150.jpg,-525.5911865234375,47.084205627441406,509.1745446776952,4.801896863712825,0,3.210498893885165,3.210498893885165,1,3.210498893885165,173.90015242019646,-0.3600442384414507,509.16027112550216,3.7915944780156297,-525.4698100015495,48.08729205680431,1.0104032090396622,14.510960598650069,1,0.0,0,0,0.2093751022553817,1.0,514.2401733398438,4.001493453979492,0,0,6,18,1,172.66645663622236,-538.5432739257812,45.773292541503906,-538.6439819335938,47.58721923828125,1,-538.6439819335938,47.58721923828125,522.20703125,5.686500072479248,0.9675999283790588,0.019548259675502777,4.0,4.0,0,518.2086181640625,5.349709987640381,9.05066754310577,21.30898094177246,8.358569145202637,0.2093751022553817,518.2086181640625,5.349709987640381,511.9860526567045,5.349709987640381,6.222565507358037,0.0,0.0,1,3.2355369451329143,3.2354354858398438,-0.02562304213643074,3.235382080078125,-0.025688307359814644,0.797501266002655,0.04102849215269089,-1.243348640045492,0.0,172.66665065628348,172.66665065628348,1.2335017639130033,3.633164644241333,-0.08402924984693527,0.005648806487565085,1.0,509.1564013330634,3.977475102041871,0,0,1,222.40695025388368,0.695984018647973,0.018143344631823766,0.02488318619296015,-525.4856822236458,47.90204990650468,3.2355369451328895,3.210498893885165,0.025038051247724624,0,0.8246213810416684,nan
GT+smooth-jitter_controlled_forward3x6_SoftMS_local_prior_3frame_causal_heading_continuous_waypoint_RNN_polynomial_Kalman,1,controlled_gt_jitter,8.0,-533.7592413887626,48.5797153504262,-4.974207209075023,1.1541973145375266,0,0,6,-528.7151093739093,48.08090338088522,-528.7850341796875,47.42551803588867,-1,-528.715087890625,48.080902099609375,-528.7151093739093,48.08090338088522,0.0,0,0.0,0.0,151,/yh/study/uav-sat/v36_GvsK/v36_training_data/routes/route_C/vi/vi_000151.jpg,-528.7850341796875,47.42551803588867,512.3865777892751,4.801347674278894,0,3.212033158529608,3.212033158529608,1,3.212033158529608,173.90020293517156,5.051497507806172e-05,512.3865777892751,3.9518161630081243,-528.6949069252709,48.27025519421267,0.8495315112707658,14.707014800542039,1,0.0,0,0,0.21657933983568106,1.0,517.4551391601562,4.181380271911621,0,0,6,18,1,172.66652451122724,-538.5432739257812,45.773292541503906,-542.8007202148438,47.73570251464844,1,-542.8007202148438,47.73570251464844,526.3560791015625,5.9798455238342285,0.9631783962249756,0.021457217633724213,4.0,4.0,0,522.357666015625,5.642258644104004,10.006484481416283,21.31665802001953,8.360276222229004,0.21657933983568106,522.357666015625,5.642258644104004,515.2321709738231,5.642258644104004,7.125495041801811,0.0,0.0,1,3.2355079050456554,3.2354061603546143,-0.02565893903374672,3.2369112968444824,-0.0256786085665226,0.797988772392273,0.04106741398572922,-1.244797493923181,0.0,172.6652018024058,172.6652018024058,1.2350011327657702,3.6349358558654785,-0.08413048833608627,0.00548123099021702,1.0,512.3865777892751,4.1422426531332786,0,0,1,219.176773797672,0.7003994618890875,0.0,0.0248781383148744,-528.7151093739093,48.08090338088522,3.234376027019298,3.212033158529608,0.022342868489690026,0,0.6591050211456156,nan
GT+smooth-jitter_controlled_forward3x6_SoftMS_local_prior_3frame_causal_heading_continuous_waypoint_RNN_polynomial_Kalman,1,controlled_gt_jitter,8.0,-537.2844407224717,48.7757494904846,-4.989701952940455,0.9751589753478825,0,0,6,-532.2361606620218,48.32902110673074,-532.2947387695312,47.80059051513672,-1,-532.2361450195312,48.32902145385742,-532.2361606620218,48.32902110673074,0.0,0,0.0,0.0,152,/yh/study/uav-sat/v36_GvsK/v36_training_data/routes/route_C/vi/vi_000152.jpg,-532.2947387695312,47.80059051513672,515.9162669117629,4.800738371642397,0,3.5296891750775394,3.5296891750775394,1,3.5296891750775394,173.90010877397452,-9.416119704048675e-05,515.9162669117629,4.116572895856505,-532.2221552866572,48.480894885452834,0.6841654757858903,15.003267254155299,1,0.0,0,0,0.19457185659173878,1.0,520.9812622070312,4.360443115234375,0,0,6,18,1,172.66606155246757,-543.3353881835938,36.28683090209961,-547.7350463867188,48.2981071472168,1,-547.7350463867188,48.2981071472168,531.3222045898438,5.9440999031066895,0.9604962468147278,0.012064151465892792,4.0,4.0,0,527.3237915039062,5.60780668258667,11.436038500236023,21.3104305267334,8.35890007019043,0.19457185659173878,527.3237915039062,5.60780668258667,518.7013395173902,5.60780668258667,8.622451986516037,0.0,0.0,1,3.5297825116284685,3.5296891708703657,-0.025669757276773453,3.236257791519165,-0.025642622262239456,0.7973207235336304,0.04107849299907684,-1.2424075680439113,0.0,172.66759172828506,172.66759172828506,1.2325170456894603,3.633953094482422,-0.08391593396663666,0.004337897356203562,1.0,515.914080876657,4.269075408796291,0,0,1,215.64927071029012,0.705221331491672,0.00218603510597859,0.2934313835583744,-532.2361606620218,48.32902110673074,3.529782511628382,3.5296891750775394,9.333655084242665e-05,0,0.5316674569802051,nan
GT+smooth-jitter_controlled_forward3x6_SoftMS_local_prior_3frame_causal_heading_continuous_waypoint_RNN_polynomial_Kalman,1,controlled_gt_jitter,8.0,-540.4728300843442,48.95975182409106,-4.998647955437958,0.7964331900578513,0,0,6,-535.4377217082231,48.505051801858016,-535.4741821289062,48.1633186340332,-1,-535.437744140625,48.50505065917969,-535.4377217082231,48.505051801858016,0.0,0,0.0,0.0,153,/yh/study/uav-sat/v36_GvsK/v36_training_data/routes/route_C/vi/vi_000153.jpg,-535.4741821289062,48.1633186340332,519.1162490217143,4.777366172278558,0,3.2000674623688745,3.2000674623688745,1,3.2000674623688745,173.49152677875378,-0.4085819952207368,519.1162490217143,4.243420575032453,-535.4175355536477,48.69425089556002,0.5339455972461089,14.921940686791707,1,0.0,0,0,0.19921016487840565,1.0,524.1712036132812,4.515737056732178,0,0,6,18,1,172.66659708198716,-543.3353881835938,36.28683090209961,-547.7177734375,48.27735137939453,1,-547.7177734375,48.27735137939453,531.3028564453125,5.962906360626221,0.9623661637306213,0.014330856502056122,4.0,4.0,0,527.304443359375,5.628829002380371,8.232345684089127,21.283344268798828,8.352983474731445,0.19921016487840565,527.304443359375,5.628829002380371,521.91407697513,5.628829002380371,5.390366384245046,0.0,0.0,1,3.2363487483923112,3.2362470626831055,-0.025654833763837814,3.232229232788086,-0.0254497230052948,0.7951904535293579,0.04113445058465004,-1.2327603527280915,0.0,172.67723894360088,172.67723894360088,0.8142878351529034,3.6288790702819824,-0.0829736515879631,0.005647834928098921,1.0,519.1162490217143,4.433693478763376,0,0,1,212.44710256523274,0.7095984891747503,0.0,0.03216177041921142,-535.4377217082231,48.505051801858016,3.2063967218952194,3.2000674623688745,0.006329259526344888,0,0.34367269351517543,nan
GT+smooth-jitter_controlled_forward3x6_SoftMS_local_prior_3frame_causal_heading_continuous_waypoint_RNN_polynomial_Kalman,1,controlled_gt_jitter,8.0,-543.6572811097624,49.144608006357075,-5.001092144918658,0.618263707040665,0,0,6,-538.6413401866797,48.66551767979871,-538.6561889648438,48.526344299316406,-1,-538.641357421875,48.6655158996582,-538.6413401866797,48.66551767979871,0.0,0,0.0,0.0,154,/yh/study/uav-sat/v36_GvsK/v36_training_data/routes/route_C/vi/vi_000154.jpg,-538.6561889648438,48.526344299316406,522.3188117080383,4.753970066344364,0,3.2026481445215444,3.2026481445215444,1,3.2026481445215444,173.4914362854036,-9.049335016149827e-05,522.3188117080383,4.408151456103002,-538.6195008827021,48.87021127333113,0.34581861024136895,14.463417063780314,1,0.0,0,0,0.2754909472501651,1.0,527.3572998046875,4.669764041900635,0,0,6,18,1,172.67032177624066,-552.7372436523438,45.862831115722656,-552.583984375,48.78681182861328,1,-552.583984375,48.78681182861328,536.1956176757812,5.9725799560546875,0.9567986726760864,0.04361832141876221,4.0,4.0,0,532.1972045898438,5.635097503662109,9.917612186816761,21.303377151489258,8.357735633850098,0.2754909472501651,532.1972045898438,5.635097503662109,525.3264118129763,5.635097503662109,6.870792776867485,0.0,0.0,1,3.2341382615684346,3.234037399291992,-0.02554202266037464,3.232403039932251,-0.025481095537543297,0.7965272068977356,0.04111101105809212,-1.2373489591898705,0.0,172.6726503371391,172.6726503371391,0.818785948264521,3.629713773727417,-0.08332554996013641,0.007867056957887452,1.0,522.3188117080383,4.614006799563979,0,0,1,209.24453987890877,0.7139761861703376,0.0,0.029754895410706528,-538.6413401866797,48.66551767979871,3.2076347444015614,3.2026481445215444,0.004986599880016929,0,0.13996326678038473,nan
GT+smooth-jitter_controlled_forward3x6_SoftMS_local_prior_3frame_causal_heading_continuous_waypoint_RNN_polynomial_Kalman,1,controlled_gt_jitter,8.0,-547.1468709777075,49.365806242611164,-4.997090704269971,0.44089092889046083,0,0,6,-542.1463871382742,48.94708980090935,-542.1497802734375,48.9249153137207,-1,-542.1463623046875,48.94709014892578,-542.1463871382742,48.94708980090935,0.0,0,0.0,0.0,155,/yh/study/uav-sat/v36_GvsK/v36_training_data/routes/route_C/vi/vi_000155.jpg,-542.1497802734375,48.9249153137207,525.8349714572124,4.7282853764753225,0,3.5162535581219196,3.5162535581219196,1,3.5162535581219196,173.49147503736887,3.875196525892757e-05,525.8349714572124,4.5884982877524845,-542.1349501860983,49.06391351041088,0.13978708872284465,14.617154797877687,1,0.0,0,0,0.24203779864672575,1.0,530.8506469726562,4.820026874542236,0,0,6,18,1,172.6711368099077,-562.1695556640625,50.680667877197266,-558.132568359375,49.39239501953125,1,-558.132568359375,49.39239501953125,541.7771606445312,5.959066390991211,0.9019057154655457,0.018160611391067505,4.0,4.0,0,537.77880859375,5.627035617828369,11.97760399831553,21.278779983520508,8.351659774780273,0.24203779864672575,537.77880859375,5.627035617828369,528.7505754034909,5.627035617828369,9.028233190259085,0.0,0.0,1,3.516338577593002,3.516246053406095,-0.025508511811494827,3.2314727306365967,-0.025376442819833755,0.7946709394454956,0.04115168750286102,-1.2412496375361826,0.0,172.6687496587928,172.6687496587928,0.822725378576092,3.62785267829895,-0.0834074318408966,0.004809975403142245,1.0,525.8339499745532,4.705876052043445,0,0,1,205.72940161239387,0.7187811538589044,0.0010214826592118698,0.28478082748532296,-542.1463871382742,48.94708980090935,3.516338577593005,3.5162535581219196,8.501947108552343e-05,0,0.02243259343713485,nan
GT+smooth-jitter_controlled_forward3x6_SoftMS_local_prior_3frame_causal_heading_continuous_waypoint_RNN_polynomial_Kalman,1,controlled_gt_jitter,8.0,-552.116103399908,49.74561158108562,-4.986708868657982,0.264551553009449,0,0,6,-547.1394199132583,49.36767967298636,-547.12939453125,49.48106002807617,-1,-547.139404296875,49.367679595947266,-547.1394199132583,49.36767967298636,0.0,0,0.0,0.0,156,/yh/study/uav-sat/v36_GvsK/v36_training_data/routes/route_C/vi/vi_000156.jpg,-547.12939453125,49.48106002807617,530.8454848253276,4.703569230890814,0,5.0105743283495014,5.0105743283495014,1,5.0105743283495014,173.62736970577083,0.1358946684019527,530.8446011446968,4.680440177804835,-547.1260620640261,49.50396480160296,0.023145928110835937,14.821731794028963,1,0.0,0,0,0.22863014209631832,1.0,535.8320922851562,4.969553470611572,0,0,6,18,1,172.67030128567313,-562.1695556640625,50.680667877197266,-562.61962890625,49.561561584472656,1,-562.61962890625,49.561561584472656,546.2568359375,6.2668890953063965,0.9139522910118103,0.015447795391082764,4.0,4.0,0,542.2584228515625,5.928842544555664,11.478521206316259,21.302780151367188,8.357892036437988,0.22863014209631832,542.2584228515625,5.928842544555664,533.7233340354617,5.928842544555664,8.53508881610087,0.0,0.0,1,5.010715730567705,5.010651170143494,-0.025435874238610268,3.231616497039795,-0.02548767626285553,0.7962737083435059,0.041093382984399796,-1.2290128200295758,0.0,172.68098647629938,172.68098647629938,0.9463832294714378,3.628812074661255,-0.08279325067996979,0.004590724931792288,1.0,530.843425046053,4.817373319191914,0,0,1,200.7199265408941,0.7256287837471881,0.0020597792746457344,1.7789578313097065,-547.1394199132583,49.36767967298636,5.010715730567703,5.0105743283495014,0.00014140221820113652,0,0.11382272710097577,nan
GT+smooth-jitter_controlled_forward3x6_SoftMS_local_prior_3frame_causal_heading_continuous_waypoint_RNN_polynomial_Kalman,1,controlled_gt_jitter,8.0,-557.087208208959,50.127590864015964,-4.970020708959063,0.08947822363510759,0,0,6,-552.1442995145438,49.74426958032262,-552.1171875,50.03811264038086,-1,-552.144287109375,49.74427032470703,-552.1442995145438,49.74426958032262,0.0,0,0.0,0.0,157,/yh/study/uav-sat/v36_GvsK/v36_training_data/routes/route_C/vi/vi_000157.jpg,-552.1171875,50.03811264038086,535.864227066996,4.678817994939681,0,5.018803274884105,5.018803274884105,1,5.018803274884105,173.62743251123743,6.280546660912023e-05,535.8623882206218,4.791908952070456,-552.1273569115993,49.92546483077736,0.11310590586147,15.043644700843526,1,0.0,0,0,0.208280492756404,1.0,540.815673828125,5.117116928100586,0,0,6,18,1,172.67404113440884,-571.601806640625,55.49850082397461,-567.529052734375,49.283287048339844,1,-567.529052734375,49.283287048339844,551.1090087890625,7.064436912536621,0.9311332106590271,0.01108773797750473,4.0,4.0,0,547.110595703125,6.727936744689941,11.431521996229597,21.30804443359375,8.358414649963379,0.208280492756404,547.110595703125,6.727936744689941,538.685159575702,6.485571765118522,8.425436127423065,0.24236497957141934,0.0,1,5.019027772554246,5.018963174568821,-0.025464367121458054,3.2351887226104736,-0.025540951639413834,0.7972061038017273,0.04112272337079048,-1.2396632193797412,0.0,172.6703360769492,172.6703360769492,0.9570964342882127,3.632833480834961,-0.08359375596046448,0.004821411034047782,1.0,535.860012106088,4.973879072314442,0,0,1,195.70333948085909,0.732486135265895,0.004214960908029752,1.7836145522736313,-552.1442995145438,49.74426958032262,5.019027772554337,5.018803274884105,0.00022449767023235978,0,0.295091181293195,nan
GT+smooth-jitter_controlled_forward3x6_SoftMS_local_prior_3frame_causal_heading_continuous_waypoint_RNN_polynomial_Kalman,1,controlled_gt_jitter,8.0,-560.6130634913503,50.39216033480768,-4.94710890150659,-0.0841008041083383,0,0,6,-555.7119989701973,49.989268390240376,-555.6659545898438,50.476261138916016,-1,-555.7119750976562,49.9892692565918,-555.7119989701973,49.989268390240376,0.0,0,0.0,0.0,158,/yh/study/uav-sat/v36_GvsK/v36_training_data/routes/route_C/vi/vi_000158.jpg,-555.6659545898438,50.476261138916016,539.4394500080318,4.619632805764391,0,3.5757127911406266,3.5757127911406266,1,3.5757127911406266,172.9615963883366,-0.6658361229008385,539.4360229060928,4.948372583335579,-555.6974230084509,50.14901302965391,0.3287576408013315,15.346936262344377,1,0.0,0,0,0.18308844584587963,1.0,544.3497314453125,5.228100299835205,0,0,6,18,1,172.6727443589619,-576.3939208984375,46.012027740478516,-572.3803100585938,49.19523620605469,1,-572.3803100585938,49.19523620605469,555.923583984375,7.66666316986084,0.9340402483940125,0.0016504675149917603,4.0,4.0,0,551.9252319335938,7.333861351013184,12.777393587446936,21.293148040771484,8.354768753051758,0.18308844584587963,551.9252319335938,7.333861351013184,542.189516132169,6.60046851898128,9.73571580142475,0.7333928320319032,0.0,1,3.576101763475362,3.5760108000048834,-0.025506488978862762,3.2335870265960693,-0.025545548647642136,0.7956308722496033,0.04107242822647095,-1.2398328001702281,0.0,172.67016649615874,172.67016649615874,0.2914298921778607,3.630443811416626,-0.08358254283666611,0.004074630457278268,1.0,539.4335692134105,5.1087620713777016,0,0,1,192.1297823735366,0.7373709577485555,0.005880794621361929,0.34212576454455723,-555.7119989701973,49.989268390240376,3.5761017634753305,3.5757127911406266,0.0003889723347039187,0,0.48916461669339867,nan
GT+smooth-jitter_controlled_forward3x6_SoftMS_local_prior_3frame_causal_heading_continuous_waypoint_RNN_polynomial_Kalman,1,controlled_gt_jitter,8.0,-563.8151592113661,50.61922493258451,-4.918064484803638,-0.25596198758150973,0,0,6,-558.9644768607429,50.14508521252304,-558.8970947265625,50.875186920166016,-1,-558.9644775390625,50.145084381103516,-558.9644768607429,50.14508521252304,0.0,0,0.0,0.0,159,/yh/study/uav-sat/v36_GvsK/v36_training_data/routes/route_C/vi/vi_000159.jpg,-558.8970947265625,50.875186920166016,542.6946773726789,4.5657517653670485,0,3.255673257877821,3.255673257877821,1,3.255673257877821,172.96171704823496,0.00012065989837212478,542.6896772633995,5.083234098649688,-558.9470228142686,50.36009454746918,0.5175064891887295,15.310193260164523,1,0.0,0,0,0.20293557513121518,1.0,547.557861328125,5.342029094696045,0,0,6,18,1,172.67184213366122,-576.363525390625,50.77018356323242,-572.3980712890625,49.1802978515625,1,-572.3980712890625,49.1802978515625,555.9396362304688,7.683401584625244,0.9313005805015564,0.008986592292785645,4.0,4.0,0,551.9412231445312,7.346575736999512,9.655650712001057,21.309505462646484,8.358806610107422,0.20293557513121518,551.9412231445312,7.346575736999512,545.4977500950104,6.7680777976161925,6.443473049520891,0.5784979393833192,0.0,1,3.256208118440105,3.2561080499890735,-0.025527972728013992,3.2373783588409424,-0.025531556457281113,0.7985255122184753,0.04118337854743004,-1.2450623771969307,0.0,172.66493691913203,172.66493691913203,0.2967801291029354,3.6356751918792725,-0.08395828306674957,0.005584067562419606,1.0,542.6842223516616,5.298881732047886,0,0,1,188.87912923528552,0.7418143912956292,0.010455021017378385,0.018294899036878753,-558.9644768607429,50.14508521252304,3.2562081184399534,3.255673257877821,0.0005348605621322555,0,0.7332045113813029,nan
GT+smooth-jitter_controlled_forward3x6_SoftMS_local_prior_3frame_causal_heading_continuous_waypoint_RNN_polynomial_Kalman,1,controlled_gt_jitter,8.0,-567.0083528148124,50.84787112766125,-4.8829866038749365,-0.4258868069090645,0,0,6,-562.2140921171134,50.307744823929156,-562.1253662109375,51.27375793457031,-1,-562.214111328125,50.307743072509766,-562.2140921171134,50.307744823929156,0.0,0,0.0,0.0,160,/yh/study/uav-sat/v36_GvsK/v36_training_data/routes/route_C/vi/vi_000160.jpg,-562.1253662109375,51.27375793457031,545.9470146368901,4.511919152811344,0,3.252782751791462,3.252782751791462,1,3.252782751791462,172.961727447053,1.0398818035046476e-05,545.937805866128,5.273351788641304,-562.1969902075025,50.51564549997901,0.7614883192576866,15.306124468176026,1,0.0,0,0,0.19614767971996222,1.0,550.7572631835938,5.453441143035889,0,0,6,18,1,172.6694253139121,-576.363525390625,50.77018356323242,-575.9066772460938,49.00839614868164,1,-575.9066772460938,49.00839614868164,559.4102172851562,8.226563453674316,0.9393806457519531,0.008049048483371735,4.0,4.0,0,555.4118041992188,7.8925299644470215,10.050411480079337,21.313692092895508,8.359342575073242,0.19614767971996222,555.4118041992188,7.8925299644470215,548.7272119853578,6.946995460179242,6.6845922138608795,0.9455345042677794,0.0,1,3.2536836760229266,3.2535835144664293,-0.02552994340658188,3.2370848655700684,-0.02571830153465271,0.7975531220436096,0.04102180898189545,-1.247178561900871,0.0,172.6628207344281,172.6628207344281,0.2989067126249108,3.6348867416381836,-0.0843430608510971,0.005371938766774931,1.0,545.9327549662612,5.481893522653613,0,0,1,185.63059662068588,0.7462549262234011,0.014259670628916865,0.015697886221393453,-562.2140921171134,50.307744823929156,3.2536836760229995,3.252782751791462,0.0009009242315376476,0,0.9700791804576265,nan
GT+smooth-jitter_controlled_forward3x6_SoftMS_local_prior_3frame_causal_heading_continuous_waypoint_RNN_polynomial_Kalman,1,controlled_gt_jitter,8.0,-570.2792381023274,51.11419316292414,-4.841982242952482,-0.5936620616852344,0,0,6,-565.5502790221173,50.49395371457636,-565.437255859375,51.707855224609375,-1,-565.55029296875,50.493953704833984,-565.5502790221173,50.49395371457636,0.0,0,0.0,0.0,161,/yh/study/uav-sat/v36_GvsK/v36_training_data/routes/route_C/vi/vi_000161.jpg,-565.437255859375,51.707855224609375,549.2862671655707,4.431631854018506,0,3.3402175828300056,3.3402175828300056,1,3.3402175828300056,172.53267391907127,-0.42905352798174057,549.2740361184095,5.456259982649121,-565.5337971870609,50.68771201282763,1.0247011274004412,15.416670330617166,1,0.0,0,0,0.21838423776987942,1.0,554.0379638671875,5.535632133483887,0,0,6,18,1,172.66711372176485,-576.363525390625,50.77018356323242,-580.642822265625,49.35664367675781,1,-580.642822265625,49.35664367675781,564.1565551757812,8.38274097442627,0.9154993295669556,0.01168978214263916,4.0,4.0,0,560.158203125,8.052397727966309,11.459011171120968,21.285184860229492,8.352604866027832,0.21838423776987942,560.158203125,8.052397727966309,552.1245927722767,7.166593974969422,8.033610352723304,0.8858037529968863,0.0,1,3.3413794780113033,3.341281152148368,-0.025633540004491806,3.2365236282348633,-0.025423839688301086,0.7960052490234375,0.04122242331504822,-1.2510789200820656,0.0,172.6589203762469,172.6589203762469,0.12624645717563515,3.633554697036743,-0.08416667580604553,0.005068148330069241,1.0,549.269869015853,5.650673367693298,0,0,1,182.29348257109405,0.750816546269502,0.016398149717701926,0.1036939545951423,-565.5502790221173,50.49395371457636,3.341379478011316,3.3402175828300056,0.0011618951813106015,0,1.219151799972712,nan
GT+smooth-jitter_controlled_forward3x6_SoftMS_local_prior_3frame_causal_heading_continuous_waypoint_RNN_polynomial_Kalman,1,controlled_gt_jitter,8.0,-573.5444335253333,51.38288761977646,-4.795165947208315,-0.7590801536610415,0,0,6,-568.8894820494788,50.622403911724845,-568.749267578125,52.1419677734375,-1,-568.8894653320312,50.62240219116211,-568.8894820494788,50.622403911724845,0.0,0,0.0,0.0,162,/yh/study/uav-sat/v36_GvsK/v36_training_data/routes/route_C/vi/vi_000162.jpg,-568.749267578125,52.1419677734375,552.6256426944699,4.351342333054987,0,3.340340600924909,3.340340600924909,1,3.340340600924909,172.53268652580726,1.2606735991369245e-05,552.6114442629932,5.625155162676447,-568.8702887632747,50.87383742007884,1.2738919578852053,15.120853017013168,1,0.0,0,0,0.20268311220768842,1.0,557.313232421875,5.614860534667969,0,0,6,18,1,172.6642460028088,-576.363525390625,50.77018356323242,-580.6720581054688,49.38445281982422,1,-580.6720581054688,49.38445281982422,564.1885986328125,8.358190536499023,0.9221155047416687,0.006864890456199646,4.0,4.0,0,560.190185546875,8.021085739135742,8.407694406455587,21.318572998046875,8.36104679107666,0.20268311220768842,560.190185546875,8.021085739135742,555.4188228215644,7.309582297819133,4.7713627253106115,0.7115034413166095,0.0,1,3.3416726816203592,3.341575247140265,-0.025518205016851425,3.2357163429260254,-0.025627192109823227,0.7974241971969604,0.04107579216361046,-1.235978012157402,0.0,172.67402128417157,172.67402128417157,0.14133475836430728,3.6334733963012695,-0.0834835097193718,0.00659642856773457,1.0,552.6038545154161,5.877205925599755,0,0,1,178.95949707153102,0.755373889789145,0.02178817905382857,0.10462425799888342,-568.8894820494788,50.622403911724845,3.34167268162042,3.340340600924909,0.001332080695511273,0,1.5260191439821815,nan
GT+smooth-jitter_controlled_forward3x6_SoftMS_local_prior_3frame_causal_heading_continuous_waypoint_RNN_polynomial_Kalman,1,controlled_gt_jitter,8.0,-576.8047933233271,51.65425540817643,-4.7426595342645825,-0.9219393550071591,0,0,6,-572.2281278545025,50.79231131795073,-572.0621337890625,52.576194763183594,-1,-572.2281494140625,50.79231262207031,-572.2281278545025,50.79231131795073,0.0,0,0.0,0.0,163,/yh/study/uav-sat/v36_GvsK/v36_training_data/routes/route_C/vi/vi_000163.jpg,-572.0621337890625,52.576194763183594,555.9658800343065,4.271029670558997,0,3.3412027191110902,3.3412027191110902,1,3.3412027191110902,172.53264502572964,-4.150007762968096e-05,555.9467230585095,5.851627776936711,-572.210771428387,51.00248442904248,1.5807141941560778,15.117641236125547,1,0.0,0,0,0.2143389472699538,1.0,560.583984375,5.690917491912842,0,0,6,18,1,172.66766739397445,-585.7958374023438,55.58800506591797,-585.922607421875,49.61296844482422,1,-585.922607421875,49.61296844482422,569.4337768554688,8.687997817993164,0.9516175389289856,0.01801767200231552,4.0,4.0,0,565.4353637695312,8.352374076843262,10.311570897510824,21.32223892211914,8.361503601074219,0.2143389472699538,565.4353637695312,8.352374076843262,558.7861551635019,7.555287039932135,6.649208606029357,0.7970870369111267,0.0,1,3.3429663979903617,3.342868543093435,-0.025578148663043976,3.238567352294922,-0.02569996565580368,0.7985333204269409,0.04107540100812912,-1.2468003401755814,0.0,172.6631989561534,172.6631989561534,0.13055393042375754,3.6368606090545654,-0.08431686460971832,0.005665117453189695,1.0,555.9416841549225,6.062456123237988,0,0,1,175.62166743202454,0.7599364880005861,0.024195879383910324,0.10263536681616836,-572.2281278545025,50.79231131795073,3.3429663979903794,3.3412027191110902,0.0017636788792891878,0,1.791589845901453,nan
GT+smooth-jitter_controlled_forward3x6_SoftMS_local_prior_3frame_causal_heading_continuous_waypoint_RNN_polynomial_Kalman,1,controlled_gt_jitter,8.0,-580.0550751946645,51.95049149119652,-4.684591796226971,-1.0820440617819915,0,0,6,-575.5680474546806,50.68692740163216,-575.3704833984375,53.032535552978516,-1,-575.5680541992188,50.686927795410156,-575.5680474546806,50.68692740163216,0.0,0,0.0,0.0,164,/yh/study/uav-sat/v36_GvsK/v36_training_data/routes/route_C/vi/vi_000164.jpg,-575.3704833984375,53.032535552978516,559.3039723270648,4.168248839127679,0,3.339674243737309,3.339674243737309,1,3.339674243737309,172.14640278068458,-0.3862422450450482,559.2831675129322,6.036810975228926,-575.548032757658,51.17231150147216,1.8686779542666891,13.409929380451198,1,0.0,0,0,0.38674483839038765,1.0,563.8473510742188,5.741177082061768,0,0,6,18,1,172.6661033873762,-595.2888793945312,50.88951110839844,-590.9254760742188,49.56684494018555,1,-590.9254760742188,49.56684494018555,574.4035034179688,9.264617919921875,0.9318508505821228,0.08263135701417923,4.0,4.0,0,570.4050903320312,8.931608200073242,12.079917771313543,21.305622100830078,8.357706069946289,0.38674483839038765,570.4050903320312,8.931608200073242,562.5967158185058,8.024939958573066,7.808374513525475,0.9066682415001766,0.0,1,3.341581766988835,3.341483358009705,-0.025645148009061813,3.2366299629211426,-0.025586413219571114,0.796859860420227,0.041112303733825684,-1.2430120397854574,0.0,172.6669872565435,172.6669872565435,0.5205844758589298,3.6340951919555664,-0.08388424664735794,0.018087645380005166,1.0,559.2515745965867,6.521579167369428,0,0,1,172.31177699036039,0.7644608951274386,0.052397730478105586,0.10304428081616646,-575.5680474546806,50.68692740163216,3.3415817669888366,3.339674243737309,0.001907523251527543,0,2.353913582946852,nan
GT+smooth-jitter_controlled_forward3x6_SoftMS_local_prior_3frame_causal_heading_continuous_waypoint_RNN_polynomial_Kalman,1,controlled_gt_jitter,8.0,-583.2999922359687,52.24967893989247,-4.621098192999984,-1.2392050322754966,0,0,6,-578.9087926365402,50.54172806337536,-578.6788940429688,53.48888397216797,-1,-578.9088134765625,50.54172897338867,-578.9087926365402,50.54172806337536,0.0,0,0.0,0.0,165,/yh/study/uav-sat/v36_GvsK/v36_training_data/routes/route_C/vi/vi_000165.jpg,-578.6788940429688,53.48888397216797,562.6421261199323,4.065466896611022,0,3.3397357489095443,3.3397357489095443,1,3.3397357489095443,172.14641619908372,1.3418399144527137e-05,562.5953756074512,6.495966325077834,-578.8902603582882,51.06714134279073,2.430949008555035,11.602655401891282,1,0.0,0,0,0.3934144915974513,1.0,567.1056518554688,5.787933349609375,1,1,6,18,1,172.66641277360128,-595.2888793945312,50.88951110839844,-590.9503173828125,49.51909637451172,1,-590.9503173828125,49.51909637451172,574.4231567382812,9.314732551574707,0.9312456846237183,0.0851660817861557,4.0,4.0,1,570.4247436523438,8.97800064086914,9.203375654849076,21.32129669189453,8.361568450927734,0.3934144915974513,570.4247436523438,8.97800064086914,565.9272654593442,8.495100236213629,4.497478192999599,0.48290040465551165,0.0,1,3.343899104032332,3.3438010108644294,-0.02561284229159355,3.2364940643310547,-0.025713589042425156,0.7978826761245728,0.04102825000882149,-1.23781117089761,0.0,172.67218812543135,172.67218812543135,0.5257719263476327,3.634474754333496,-0.08373165130615234,0.025673452811551045,1.0,562.5580619212378,7.020380520484857,0,0,1,169.00528966570926,0.7689806504124438,0.08406419869447745,0.10324168457848959,-578.9087926365402,50.54172806337536,3.3438991040323236,3.3397357489095443,0.004163355122779322,0,2.9561091512421034,nan
GT+smooth-jitter_controlled_forward3x6_SoftMS_local_prior_3frame_causal_heading_continuous_waypoint_RNN_polynomial_Kalman,1,controlled_gt_jitter,8.0,-586.5409679985919,52.55218733098159,-4.552320537654343,-1.3932396099363775,0,0,6,-582.256175418589,50.48955035916901,-581.9886474609375,53.94542694091797,-1,-582.2561645507812,50.48955154418945,-582.256175418589,50.48955035916901,0.0,0,0.0,0.0,166,/yh/study/uav-sat/v36_GvsK/v36_training_data/routes/route_C/vi/vi_000166.jpg,-581.9886474609375,53.94542694091797,565.9816357481286,3.962633958034634,0,3.3410925114505416,3.3410925114505416,1,3.3410925114505416,172.1462576508661,-0.0001585482176194028,565.9057529379236,6.994712268225364,-582.2348677141479,50.92240979460161,3.033027708415085,10.68867443720558,1,0.0,0,0,0.40223329607013614,1.0,570.3604736328125,5.830968856811523,0,0,6,18,1,172.66843418943049,-595.2888793945312,50.88951110839844,-595.569580078125,49.533180236816406,1,-595.569580078125,49.533180236816406,579.017822265625,9.790788650512695,0.9263017177581787,0.08760593086481094,4.0,4.0,0,575.0194702148438,9.452920913696289,10.574767264732143,21.242399215698242,8.345869064331055,0.40223329607013614,575.0194702148438,9.452920913696289,569.2618945021164,9.008397206741089,5.757575712727295,0.44452370695519994,0.0,1,3.3477894202551934,3.3476910166857614,-0.025668252259492874,3.212399482727051,-0.024590902030467987,0.7905623912811279,0.04129328206181526,-1.230513860821392,0.0,172.67948543550756,172.67948543550756,0.5332277846414702,3.606764078140259,-0.08141782134771347,0.026570384018123595,1.0,565.8810181017402,7.427389396105452,0,0,1,165.68233348520687,0.7735229175630521,0.10061764638840032,0.12869302872349087,-582.256175418589,50.48955035916901,3.3477894202552934,3.3410925114505416,0.006696908804751711,0,3.4662161150750634,nan
GT+smooth-jitter_controlled_forward3x6_SoftMS_local_prior_3frame_causal_heading_continuous_waypoint_RNN_polynomial_Kalman,1,controlled_gt_jitter,8.0,-589.9625985691569,52.85158165823566,-4.478406674625613,-1.5439719306315256,0,0,6,-585.7880944578083,50.426678257763896,-585.4841918945312,54.39555358886719,-1,-585.7880859375,50.42667770385742,-585.7880944578083,50.426678257763896,0.0,0,0.0,0.0,167,/yh/study/uav-sat/v36_GvsK/v36_training_data/routes/route_C/vi/vi_000167.jpg,-585.4841918945312,54.39555358886719,569.5052071646509,3.885891798245883,0,3.5244070262133813,3.5244070262133813,1,3.5244070262133813,172.6623144048668,0.5160567540007105,569.4134076908894,7.402313686658188,-585.7659695806984,50.88923766239017,3.5176199397729273,9.813658287066463,1,0.0,0,0,0.44354906547430906,1.0,573.7945556640625,5.896266937255859,0,0,6,18,1,172.67230210421312,-595.2888793945312,50.88951110839844,-599.285888671875,49.48845672607422,1,-599.285888671875,49.48845672607422,582.7084350585938,10.229524612426758,0.8924300074577332,0.09668046236038208,4.0,4.0,0,578.7100830078125,9.894671440124512,10.992505268257698,21.240652084350586,8.345300674438477,0.44354906547430906,578.7100830078125,9.894671440124512,572.8831676209437,9.484169644690798,5.826915386868793,0.410501795433714,0.0,1,3.53247859168795,3.532389589149164,-0.02507570944726467,3.213113784790039,-0.024635279551148415,0.7889531850814819,0.041265398263931274,-1.2202539561926806,0.0,172.68974534013628,172.68974534013628,0.027430935269470973,3.60668683052063,-0.08082833886146545,0.03449176381642699,1.0,569.3863345299525,7.8646098654788945,0,0,1,162.1770170569946,0.7783144594310372,0.11887263469839127,0.31129324142334225,-585.7880944578083,50.426678257763896,3.532478591688066,3.5244070262133813,0.008071565474684572,0,3.9804934570737074,nan
GT+smooth-jitter_controlled_forward3x6_SoftMS_local_prior_3frame_causal_heading_continuous_waypoint_RNN_polynomial_Kalman,1,controlled_gt_jitter,8.0,-593.0639998976243,53.113843485097405,-4.399510151530523,-1.691233114023688,0,0,6,-588.9984137422998,50.6461562379439,-588.6644897460938,54.805076599121094,-1,-588.9984130859375,50.646156311035156,-588.9984137422998,50.6461562379439,0.0,0,0.0,0.0,168,/yh/study/uav-sat/v36_GvsK/v36_training_data/routes/route_C/vi/vi_000168.jpg,-588.6644897460938,54.805076599121094,572.7110034396044,3.8160794492334986,0,3.206556333604709,3.206556333604709,1,3.206556333604709,172.66247122884752,0.00015682398070970854,572.6040517006678,7.839776391170642,-588.9850177622315,50.79274092698612,4.025118104480412,10.21378757320362,1,0.0,0,0,0.2721452670133487,1.0,576.90625,5.964514255523682,0,0,6,18,1,172.67840722611408,-600.0202026367188,50.919342041015625,-603.7603759765625,49.72473907470703,1,-603.7603759765625,49.72473907470703,587.1827392578125,10.469276428222656,0.876851499080658,0.024691671133041382,4.0,4.0,0,583.1844482421875,10.135540962219238,12.232278604040232,21.176616668701172,8.331664085388184,0.2721452670133487,583.1844482421875,10.135540962219238,575.6024511849545,9.638816081742668,7.5819970572329805,0.4967248804765707,0.0,1,3.2178129983208317,3.217717170715332,-0.024833474308252335,3.2063488960266113,-0.024481797590851784,0.7894580364227295,0.041238073259592056,-1.2357277497573447,0.0,172.67427154657162,172.67427154657162,0.011800317724097379,3.6001572608947754,-0.0815221518278122,0.009366597680473059,1.0,572.601820831769,7.986955012469908,0,0,1,158.96153075517805,0.7827098221769174,0.10918260783535061,0.00020743757809782437,-588.9984137422998,50.6461562379439,3.2178129983208006,3.206556333604709,0.011256664716091436,0,4.172304375984149,nan
GT+smooth-jitter_controlled_forward3x6_SoftMS_local_prior_3frame_causal_heading_continuous_waypoint_RNN_polynomial_Kalman,1,controlled_gt_jitter,8.0,-596.1594788502364,53.37960465607506,-4.315789885392651,-1.834861438895647,0,0,6,-592.1708465868762,51.162747542200776,-591.8436889648438,55.2144660949707,-1,-592.1708374023438,51.16274642944336,-592.1708465868762,51.162747542200776,0.0,0,0.0,0.0,169,/yh/study/uav-sat/v36_GvsK/v36_training_data/routes/route_C/vi/vi_000169.jpg,-591.8436889648438,55.2144660949707,575.9156931172931,3.746283306588143,0,3.205449645808308,3.205449645808308,1,3.205449645808308,172.66233019848173,-0.00014103036579650273,575.8159442887546,7.962314958959242,-592.1917841343254,51.01164531892359,4.217211486585622,10.584799874160064,1,0.0,0,0,0.24681399333838377,1.0,580.012451171875,6.028654098510742,0,0,6,18,1,172.67695975961854,-600.0202026367188,50.919342041015625,-603.763916015625,53.568546295166016,1,-603.763916015625,53.568546295166016,587.5940551757812,6.647537708282471,0.9064744114875793,0.021076202392578125,4.0,4.0,0,583.595703125,6.310622215270996,8.096813432274603,21.219898223876953,8.341411590576172,0.24681399333838377,583.595703125,6.310622215270996,578.7446827704351,6.310622215270996,4.851020354564822,0.0,0.0,1,3.2142179031580747,3.2141234569855714,-0.024640053510665894,3.2087786197662354,-0.02478835918009281,0.7893741130828857,0.0410567969083786,-1.2218182829560251,0.0,172.68818101337294,172.68818101337294,0.025850814891213287,3.602555274963379,-0.08109617233276367,0.009305471823171546,1.0,575.811155418936,7.8098442093108,0,0,1,155.7521961680111,0.787096775924949,0.10453769835714866,0.003328973957927417,-592.1708465868762,51.162747542200776,3.214217903157931,3.205449645808308,0.008768257349623276,0,4.064905329834136,nan
GT+smooth-jitter_controlled_forward3x6_SoftMS_local_prior_3frame_causal_heading_continuous_waypoint_RNN_polynomial_Kalman,1,controlled_gt_jitter,8.0,-599.3641285740721,53.65507731338688,-4.227409824072095,-1.9747025022869462,0,0,6,-595.4711663304215,51.58735610614137,-595.13671875,55.62977981567383,-1,-595.47119140625,51.58735656738281,-595.4711663304215,51.58735610614137,0.0,0,0.0,0.0,170,/yh/study/uav-sat/v36_GvsK/v36_training_data/routes/route_C/vi/vi_000170.jpg,-595.13671875,55.62977981567383,579.2341994598544,3.6826727185468706,0,3.319115944424131,3.319115944424131,1,3.319115944424131,172.81186309595802,0.14953289747629722,579.1385856110796,7.785122586843759,-595.4768756108898,51.54033850420397,4.103563930288731,11.208899709723765,1,0.0,0,0,0.17038505021099004,1.0,583.228271484375,6.094718933105469,0,0,6,18,1,172.68088722511303,-604.72119140625,55.70732498168945,-609.4487915039062,53.453372955322266,1,-609.4487915039062,53.453372955322266,593.234619140625,7.365172386169434,0.9628850817680359,0.0029149726033210754,4.0,4.0,0,589.2362670898438,7.023880481719971,10.545379376369814,21.234298706054688,8.345048904418945,0.17038505021099004,589.2362670898438,7.023880481719971,581.8571444991599,7.023880481719971,7.3791225906838935,0.0,0.0,1,3.3275220273060073,3.3274301921436726,-0.024721622467041016,3.206397533416748,-0.024989034980535507,0.7903088331222534,0.04087105020880699,-1.21610760447966,0.0,172.6938916918493,172.6938916918493,0.11797140410871858,3.600644111633301,-0.08098997920751572,0.004001226107872545,1.0,579.137896673731,7.737764629320888,0,0,1,152.42545491321607,0.7916442170284139,0.09630278612337406,0.11271841100738289,-595.4711663304215,51.58735610614137,3.3275220273059842,3.319115944424131,0.008406082881853294,0,4.056235278116884,nan
GT+smooth-jitter_controlled_forward3x6_SoftMS_local_prior_3frame_causal_heading_continuous_waypoint_RNN_polynomial_Kalman,1,controlled_gt_jitter,8.0,-602.5675830372886,53.93489997602798,-4.134538603694884,-2.11060936235093,0,0,6,-598.7772593978864,51.98721727767288,-598.4330444335938,56.045509338378906,-1,-598.7772827148438,51.98721694946289,-598.7772593978864,51.98721727767288,0.0,0,0.0,0.0,171,/yh/study/uav-sat/v36_GvsK/v36_training_data/routes/route_C/vi/vi_000171.jpg,-598.4330444335938,56.045509338378906,582.5560272130233,3.6189983387288063,0,3.322437967572667,3.322437967572667,1,3.322437967572667,172.81186093177587,-2.1641821488979625e-06,582.4679900470412,7.712895928667574,-598.7798279022664,51.965375854611985,4.094844077556637,11.905571090046537,1,0.0,0,0,0.16055916118983182,1.0,586.4432983398438,6.156332015991211,0,0,6,18,1,172.68543879914287,-618.945556640625,51.038639068603516,-614.6654663085938,53.71051788330078,1,-614.6654663085938,53.71051788330078,598.4490966796875,7.662918567657471,0.9687853455543518,0.00028267502784729004,4.0,4.0,0,594.4508056640625,7.328474998474121,12.459774134730502,21.16665267944336,8.328688621520996,0.16055916118983182,594.4508056640625,7.328474998474121,585.1595277403133,7.328474998474121,9.29127792374925,0.0,0.0,1,3.330186230113406,3.330093373310237,-0.02486870065331459,3.1972856521606445,-0.024311229586601257,0.7836946249008179,0.0411524623632431,-1.205395413261847,0.0,172.7046038830671,172.7046038830671,0.10725704870875671,3.5882599353790283,-0.0792372077703476,0.003109358380560528,1.0,582.4677532063879,7.69090527423027,0,0,1,149.09559838055918,0.7961959165161392,0.08827400663540175,0.12515231541202265,-598.7772593978864,51.98721727767288,3.330186230113541,3.322437967572667,0.007748262540873796,0,4.072863659838434,nan
GT+smooth-jitter_controlled_forward3x6_SoftMS_local_prior_3frame_causal_heading_continuous_waypoint_RNN_polynomial_Kalman,1,controlled_gt_jitter,8.0,-605.7667193200649,54.21880382560151,-4.0373492028774045,-2.242442664877007,0,0,6,-602.0830739651165,52.384009486321375,-601.7293701171875,56.461246490478516,-1,-602.0830688476562,52.384010314941406,-602.0830739651165,52.384009486321375,0.0,0,0.0,0.0,172,/yh/study/uav-sat/v36_GvsK/v36_training_data/routes/route_C/vi/vi_000172.jpg,-601.7293701171875,56.461246490478516,585.8778557755988,3.555316372572878,0,3.322438922231031,3.322438922231031,1,3.322438922231031,172.81173039618676,-0.00013053558910360575,585.7972052203774,7.666343183594971,-602.0853157583598,52.36486410433212,4.111817840444782,12.413520170462677,1,0.0,0,0,0.16455297115806494,1.0,589.654541015625,6.213428497314453,0,0,6,18,1,172.69214657851637,-618.945556640625,51.038639068603516,-614.6100463867188,53.59309005737305,1,-614.6100463867188,53.59309005737305,598.3815307617188,7.773804187774658,0.9699667692184448,0.0021401122212409973,4.0,4.0,0,594.3836059570312,7.431328296661377,9.34725920174534,20.7612361907959,8.249382019042969,0.16455297115806494,594.3836059570312,7.431328296661377,588.499725891062,7.431328296661377,5.883880065969221,0.0,0.0,1,3.3295426126954153,3.3294520139894246,-0.024562090635299683,3.079679489135742,-0.02223142422735691,0.7480745315551758,0.03980478644371033,-1.1554624615608224,0.0,172.75453683476815,172.75453683476815,0.05719356141862863,3.452967643737793,-0.07197364419698715,0.004182981550087692,1.0,585.7970072226124,7.647068016012155,0,0,1,145.7663443643347,0.8007467924026943,0.08084855298648108,0.2427594330952889,-602.0830739651165,52.384009486321375,3.3295426126954286,3.322438922231031,0.007103690464397516,0,4.092550305140798,nan
GT+smooth-jitter_controlled_forward3x6_SoftMS_local_prior_3frame_causal_heading_continuous_waypoint_RNN_polynomial_Kalman,1,controlled_gt_jitter,8.0,-608.9368730867251,54.51419896089077,-3.9360185945375803,-2.3700707534646948,0,0,6,-605.368228439226,52.747520453798494,-605.0008544921875,56.88426971435547,-1,-605.3682250976562,52.747520446777344,-605.368228439226,52.747520453798494,0.0,0,0.0,0.0,173,/yh/study/uav-sat/v36_GvsK/v36_training_data/routes/route_C/vi/vi_000173.jpg,-605.0008544921875,56.88426971435547,589.1757562054138,3.4817540259992326,0,3.2987207617208814,3.2987207617208814,1,3.2987207617208814,172.6321823147274,-0.1795480814593823,589.1021302420197,7.623787792180621,-605.3670746262527,52.75780060431989,4.142688076922104,12.93825912487984,1,0.0,0,0,0.17343804854515943,1.0,592.838134765625,6.256023406982422,0,0,6,18,1,172.71398312017973,-618.945556640625,51.038639068603516,-618.8839111328125,53.765647888183594,1,-618.8839111328125,53.765647888183594,602.6495971679688,8.055636405944824,0.9800267815589905,0.00790734589099884,4.0,4.0,0,598.6517333984375,7.721602439880371,10.381255142582337,20.73604393005371,8.242494583129883,0.17343804854515943,598.6517333984375,7.721602439880371,591.8290848755189,7.721602439880371,6.8226485229186,0.0,0.0,1,3.305205007596025,3.305123019407325,-0.023280223831534386,3.078754186630249,-0.021938180550932884,0.7426474094390869,0.039992500096559525,-1.1261175142872146,0.0,172.78388178204176,172.78388178204176,0.15169946731436143,3.449373483657837,-0.06974660605192184,0.0038458807817038834,1.0,589.1021869167282,7.634132335046171,0,0,1,142.46116467021886,0.8052647602409493,0.07356928868557588,0.21996657509063233,-605.368228439226,52.747520453798494,3.3052050075960255,3.2987207617208814,0.006484245875144179,0,4.15302998564678,nan
GT+smooth-jitter_controlled_forward3x6_SoftMS_local_prior_3frame_causal_heading_continuous_waypoint_RNN_polynomial_Kalman,1,controlled_gt_jitter,8.0,-612.1027000523305,54.81387739849191,-3.830727396080589,-2.4933697633733254,0,0,6,-608.658041067109,53.05605108254416,-608.27197265625,57.307247161865234,-1,-608.6580200195312,53.05604934692383,-608.658041067109,53.05605108254416,0.0,0,0.0,0.0,174,/yh/study/uav-sat/v36_GvsK/v36_training_data/routes/route_C/vi/vi_000174.jpg,-608.27197265625,57.307247161865234,592.473287634573,3.4081983459375635,0,3.29835170416399,3.29835170416399,1,3.29835170416399,172.63215514715628,-2.7167571116038927e-05,592.4063585419867,7.611590234646439,-608.6513613833421,53.120476680067426,4.203924698837741,13.494945913078984,1,0.0,0,0,0.17866087201599035,1.0,596.0178833007812,6.293900489807129,0,0,6,18,1,172.73844768384794,-618.945556640625,51.038639068603516,-623.5980834960938,53.622005462646484,1,-623.5980834960938,53.622005462646484,607.3219604492188,8.69859790802002,0.9766698479652405,0.009257949888706207,4.0,4.0,0,603.323974609375,8.356975555419922,11.925929888030765,20.819602966308594,8.260766983032227,0.17866087201599035,603.323974609375,8.356975555419922,595.1476759400307,8.356975555419922,8.176298669344307,0.0,0.0,1,3.3042485190211606,3.304171625258455,-0.02254210039973259,3.095964193344116,-0.022505253553390503,0.7518222332000732,0.03999854251742363,-1.1267471723513252,0.0,172.78325212397763,172.78325212397763,0.1510969768213669,3.4711544513702393,-0.07077708095312119,0.0036822469330943927,1.0,592.4061655825344,7.676360895891369,0,0,1,139.15718600441267,0.809781086350833,0.06712205203859867,0.20238751081987383,-608.658041067109,53.05605108254416,3.3042485190210917,3.29835170416399,0.005896814857101695,0,4.268690305315918,nan
GT+smooth-jitter_controlled_forward3x6_SoftMS_local_prior_3frame_causal_heading_continuous_waypoint_RNN_polynomial_Kalman,1,controlled_gt_jitter,8.0,-615.2652386203014,55.11806576011734,-3.7216595187388344,-2.612223699111177,0,0,6,-611.9497326223025,53.343576010145895,-611.5435791015625,57.730289459228516,-1,-611.94970703125,53.34357452392578,-611.9497326223025,53.343576010145895,0.0,0,0.0,0.0,175,/yh/study/uav-sat/v36_GvsK/v36_training_data/routes/route_C/vi/vi_000175.jpg,-611.5435791015625,57.730289459228516,595.7713114693101,3.3346299840243145,0,3.2988442700995595,3.2988442700995595,1,3.2988442700995595,172.63212566093807,-2.9486218200708477e-05,595.710313981968,7.65383906107086,-611.9411530664621,53.42898469356296,4.319639770247424,13.701852266081664,1,0.0,0,0,0.18375695440534506,1.0,599.19482421875,6.326944351196289,0,0,6,18,1,172.75412926457375,-618.945556640625,51.038639068603516,-623.59423828125,53.65119171142578,1,-623.59423828125,53.65119171142578,607.3212280273438,8.669168472290039,0.9740347862243652,0.010716669261455536,4.0,4.0,0,603.3233032226562,8.340116500854492,9.06021383372238,20.81180191040039,8.256200790405273,0.18375695440534506,603.3233032226562,8.340116500854492,598.4656456065827,8.340116500854492,4.857657616073494,0.0,0.0,1,3.3042251555430746,3.3041483994336533,-0.022521834820508957,3.1095380783081055,-0.022386159747838974,0.7533614635467529,0.04037264734506607,-1.1488428343163164,0.0,172.76115646201265,172.76115646201265,0.12903080107457635,3.485474109649658,-0.07209720462560654,0.005043270607366809,1.0,595.7097840657572,7.739675948073257,0,0,1,135.85356752118992,0.8142969201143155,0.06152740355298647,0.18930619179145403,-611.9497326223025,53.343576010145895,3.3042251555431537,3.2988442700995595,0.005380885443594163,0,4.405475634567941,nan
GT+smooth-jitter_controlled_forward3x6_SoftMS_local_prior_3frame_causal_heading_continuous_waypoint_RNN_polynomial_Kalman,1,controlled_gt_jitter,8.0,-618.4951712504327,55.46013245604026,-3.609001816838995,-2.7265244958640316,0,0,6,-615.3212827487608,53.55986778780871,-614.8861694335938,58.1866569519043,-1,-615.3212890625,53.55986785888672,-615.3212827487608,53.55986778780871,0.0,0,0.0,0.0,176,/yh/study/uav-sat/v36_GvsK/v36_training_data/routes/route_C/vi/vi_000176.jpg,-614.8861694335938,58.1866569519043,599.1434540792482,3.2354552170719617,0,3.373600660445744,3.373600660445744,1,3.373600660445744,172.22541510500275,-0.4067105559353292,599.0881902744466,7.717228734542717,-615.3066912716664,53.72431347187866,4.482114227685783,14.040112508574206,1,0.0,0,0,0.15739515293005857,1.0,602.4428100585938,6.329473495483398,0,0,6,18,1,172.7565887730052,-633.2003784179688,41.61178970336914,-628.4937133789062,53.25811004638672,1,-628.4937133789062,53.25811004638672,612.1513061523438,9.579819679260254,0.975639283657074,0.0005249381065368652,4.0,4.0,0,608.1533203125,9.250043869018555,10.832957407523189,20.891624450683594,8.27337646484375,0.15739515293005857,608.1533203125,9.250043869018555,601.7710269450042,9.250043869018555,6.3822933674957785,0.0,0.0,1,3.3784807811065214,3.3784062086893645,-0.022447213530540466,3.13093638420105,-0.023088518530130386,0.7635394334793091,0.04039693996310234,-1.168046551498042,0.0,172.7419527448309,172.7419527448309,0.51653763982818,3.5119173526763916,-0.07449541985988617,0.00499201643603749,1.0,599.0852532731978,7.882294382806355,0,0,1,132.47809831374923,0.8189109691917036,0.05820080605030853,0.24266427624469422,-615.3212827487608,53.55986778780871,3.378480781106504,3.373600660445744,0.004880120660760046,0,4.647203628638195,nan
GT+smooth-jitter_controlled_forward3x6_SoftMS_local_prior_3frame_causal_heading_continuous_waypoint_RNN_polynomial_Kalman,1,controlled_gt_jitter,8.0,-621.720299694788,55.806665459512004,-3.4929437377566654,-2.8361720649020574,0,0,6,-618.6920623841778,53.76143408977903,-618.2273559570312,58.64283752441406,-1,-618.6920776367188,53.76143264770508,-618.6920623841778,53.76143408977903,0.0,0,0.0,0.0,177,/yh/study/uav-sat/v36_GvsK/v36_training_data/routes/route_C/vi/vi_000177.jpg,-618.2273559570312,58.64283752441406,602.5141809725616,3.13631738458899,0,3.37218446991497,3.37218446991497,1,3.37218446991497,172.22533525301088,-7.985199185566319e-05,602.4619772014687,7.859494451339776,-618.6765311916638,53.940777502871406,4.7234655537642,14.375278259062416,1,0.0,0,0,0.21366584319237625,1.0,605.6865234375,6.327051639556885,0,0,6,18,1,172.7514661311277,-637.8101806640625,60.674224853515625,-633.0289306640625,53.228336334228516,1,-633.0289306640625,53.228336334228516,616.6577758789062,10.090568542480469,0.9564857482910156,0.01881943643093109,4.0,4.0,0,612.6597290039062,9.758417129516602,12.115459128241511,20.94463539123535,8.284614562988281,0.21366584319237625,612.6597290039062,9.758417129516602,605.2995582702478,9.562043092607198,7.360170733658516,0.1963740369094047,0.0,1,3.376800900946329,3.3767239282708705,-0.022799931466579437,3.1400558948516846,-0.023147575557231903,0.7646743059158325,0.0405658558011055,-1.1615263888833243,0.0,172.74847290744563,172.74847290744563,0.5231376544347532,3.521611213684082,-0.07426674664020538,0.005393682942107463,1.0,602.4583941042562,8.039473447822415,0,0,1,129.1049574826909,0.8235218355284892,0.055786868305403914,0.23212857506328533,-618.6920623841778,53.76143408977903,3.376800900946297,3.37218446991497,0.0046164310313270285,0,4.903473417394858,nan
GT+smooth-jitter_controlled_forward3x6_SoftMS_local_prior_3frame_causal_heading_continuous_waypoint_RNN_polynomial_Kalman,1,controlled_gt_jitter,8.0,-624.9458815631517,56.15844349912593,-3.3736769733079828,-2.941074323139692,0,0,6,-622.0699371188482,53.889588850191906,-621.5722045898438,59.099517822265625,-1,-622.0699462890625,53.88958740234375,-622.0699371188482,53.889588850191906,0.0,0,0.0,0.0,178,/yh/study/uav-sat/v36_GvsK/v36_training_data/routes/route_C/vi/vi_000178.jpg,-621.5722045898438,59.099517822265625,605.8886023241715,3.0370711621280013,0,3.3758805178609985,3.3758805178609985,1,3.3758805178609985,172.2253398208018,4.567790907329135e-06,605.8386208382815,8.016482312105977,-622.0507735796992,54.14290554456976,4.979661991486643,14.24434624052397,1,0.0,0,0,0.21855995300773534,1.0,608.9312133789062,6.319462776184082,1,1,6,18,1,172.75041855086374,-637.8101806640625,60.674224853515625,-633.078857421875,53.263572692871094,1,-633.078857421875,53.263572692871094,616.711181640625,10.06082820892334,0.9562352895736694,0.020721979439258575,4.0,4.0,1,612.713134765625,9.727598190307617,9.557059953733217,20.967449188232422,8.289430618286133,0.21855995300773534,612.713134765625,9.727598190307617,608.6896607090528,9.72710623456874,4.023474056572242,0.00049195573887717,0.0,1,3.3803049220064745,3.3802267340253476,-0.022991135716438293,3.146507978439331,-0.023325679823756218,0.7679826021194458,0.04060899093747139,-1.1631415151786209,0.0,172.74685778115034,172.74685778115034,0.5215179603485495,3.529710531234741,-0.07468706369400024,0.007626969339787793,1.0,605.8308017233106,8.270402477363303,0,0,1,125.73254986363645,0.8281316996116733,0.057800600860900886,0.22937253942166747,-622.0699371188482,53.889588850191906,3.3803049220064607,3.3758805178609985,0.004424404145462191,0,5.233650500796006,nan
GT+smooth-jitter_controlled_forward3x6_SoftMS_local_prior_3frame_causal_heading_continuous_waypoint_RNN_polynomial_Kalman,1,controlled_gt_jitter,8.0,-628.1369541953443,56.499628092013644,-3.251395113313006,-3.0411472070586236,0,0,6,-625.4128819442667,54.05872579308561,-624.8855590820312,59.540775299072266,-1,-625.4129028320312,54.0587272644043,-625.4128819442667,54.05872579308561,0.0,0,0.0,0.0,179,/yh/study/uav-sat/v36_GvsK/v36_training_data/routes/route_C/vi/vi_000179.jpg,-624.8855590820312,59.540775299072266,609.2300710577794,2.9498194913262408,0,3.3426076873807444,3.3426076873807444,1,3.3426076873807444,172.41424483215877,0.18890501135698154,609.1779423424584,8.247227342108443,-625.3957294012231,54.26773314241302,5.297664328785836,14.337405500790268,1,0.0,0,0,0.1903116838968173,1.0,612.1405029296875,6.318746089935303,0,0,6,18,1,172.74917225478362,-637.8101806640625,60.674224853515625,-637.7442016601562,53.318302154541016,1,-637.7442016601562,53.318302154541016,621.3560180664062,10.50135612487793,0.9507927894592285,0.008225321769714355,4.0,4.0,0,617.3579711914062,10.170337677001953,10.871919952422518,20.96554946899414,8.287454605102539,0.1903116838968173,617.3579711914062,10.170337677001953,611.9512994731747,9.911241620538192,5.406671718231566,0.2590960564637612,0.0,1,3.34722084888988,3.3471406191477833,-0.023175135254859924,3.154663562774658,-0.023193851113319397,0.7690379619598389,0.0408945269882679,-1.178606450841705,0.0,172.73139284548725,172.73139284548725,0.31714801332848397,3.538377523422241,-0.0755438506603241,0.006104845573230674,1.0,609.1728243827107,8.456874875587266,0,0,1,122.39052720423638,0.8327000294113419,0.05724667506865444,0.18794412460608623,-625.4128819442667,54.05872579308561,3.3472208488899784,3.3426076873807444,0.004613161509233965,0,5.507352920153633,nan
GT+smooth-jitter_controlled_forward3x6_SoftMS_local_prior_3frame_causal_heading_continuous_waypoint_RNN_polynomial_Kalman,1,controlled_gt_jitter,8.0,-631.326915860643,56.84595461586943,-3.126293302049291,-3.1363146712399432,0,0,6,-628.7607314349191,54.1426705384565,-628.2006225585938,59.982269287109375,-1,-628.7607421875,54.142669677734375,-628.7607314349191,54.1426705384565,0.0,0,0.0,0.0,180,/yh/study/uav-sat/v36_GvsK/v36_training_data/routes/route_C/vi/vi_000180.jpg,-628.2006225585938,59.982269287109375,612.5732642226684,2.862513951121679,0,3.3443329372404835,3.3443329372404835,1,3.3443329372404835,172.414093410357,-0.00015142180176413352,612.5216458721685,8.433689447355311,-628.7403445189291,54.43705864462932,5.571414619640357,13.935839437162645,1,0.0,0,0,0.26678690183524045,1.0,615.3491821289062,6.312798976898193,0,0,6,18,1,172.74294941884122,-637.8101806640625,60.674224853515625,-641.3251953125,53.683616638183594,1,-641.3251953125,53.683616638183594,624.95556640625,10.518013000488281,0.842662513256073,0.015026748180389404,4.0,4.0,0,620.95751953125,10.192023277282715,11.136311958712279,21.000368118286133,8.294595718383789,0.26678690183524045,620.95751953125,10.192023277282715,615.5053098522154,10.192023277282715,5.452209679034583,0.0,0.0,1,3.3489017501767746,3.348821489457861,-0.023185428231954575,3.1688833236694336,-0.023279964923858643,0.773428738117218,0.041158679872751236,-1.1981020518887426,0.0,172.71189724444022,172.71189724444022,0.29780383408321026,3.5547640323638916,-0.07704509794712067,0.009716573010020992,1.0,612.5106859417382,8.72857902554444,0,0,1,119.05266564520889,0.8372626712547131,0.0625782809302109,0.17544961357104993,-628.7607314349191,54.1426705384565,3.348901750176732,3.3443329372404835,0.004568812936248445,0,5.866398852669894,nan
GT+smooth-jitter_controlled_forward3x6_SoftMS_local_prior_3frame_causal_heading_continuous_waypoint_RNN_polynomial_Kalman,1,controlled_gt_jitter,8.0,-634.5177329373604,57.19771236703472,-2.998567898297841,-3.226508671783639,0,0,6,-632.1133107261772,54.18427629883247,-631.5191650390625,60.42422103881836,-1,-632.11328125,54.18427658081055,-632.1133107261772,54.18427629883247,0.0,0,0.0,0.0,181,/yh/study/uav-sat/v36_GvsK/v36_training_data/routes/route_C/vi/vi_000181.jpg,-631.5191650390625,60.42422103881836,615.9199653220096,2.775122320039715,0,3.3478419236150208,3.3478419236150208,1,3.3478419236150208,172.41418779378526,9.438342824830122e-05,615.8634428618857,8.705341601573144,-632.092101714311,54.52147260425633,5.9304886405396,12.885199148634598,1,0.0,0,0,0.2650181399619952,1.0,618.559326171875,6.301541805267334,1,1,6,18,1,172.73208120048955,-637.8101806640625,60.674224853515625,-641.3656005859375,53.63069152832031,1,-641.3656005859375,53.63069152832031,624.9901123046875,10.574926376342773,0.8503063917160034,0.016000896692276,4.0,4.0,1,620.991943359375,10.238983154296875,9.024088860637052,21.06940460205078,8.311287879943848,0.2650181399619952,620.991943359375,10.238983154296875,618.8422427467812,10.238983154296875,2.149700612593826,0.0,0.0,1,3.352837446621889,3.3527569201475322,-0.023237423971295357,3.1702325344085693,-0.023902758955955505,0.7763933539390564,0.04077785462141037,-1.1746698072805446,0.0,172.7353294890484,172.7353294890484,0.3211416952631601,3.5576093196868896,-0.07646238058805466,0.013356163677260197,1.0,615.8487588429565,9.042885006432332,0,0,1,115.71459274399058,0.8418256019892519,0.07120647905310307,0.17760938920645142,-632.1133107261772,54.18427629883247,3.3528374466218267,3.3478419236150208,0.004995523006805946,0,6.268167152812263,nan
GT+smooth-jitter_controlled_forward3x6_SoftMS_local_prior_3frame_causal_heading_continuous_waypoint_RNN_polynomial_Kalman,1,controlled_gt_jitter,8.0,-637.9237750263819,57.606223321127196,-2.868416139663155,-3.3116691349274894,0,0,6,-635.6860661478627,54.0293830001032,-635.0553588867188,60.91789245605469,-1,-635.6860961914062,54.02938461303711,-635.6860661478627,54.0293830001032,0.0,0,0.0,0.0,182,/yh/study/uav-sat/v36_GvsK/v36_training_data/routes/route_C/vi/vi_000182.jpg,-635.0553588867188,60.91789245605469,619.4885764345469,2.6593936551655526,0,3.5704871371282154,3.5704871371282154,1,3.5704871371282154,172.0525704975892,-0.36161729619608574,619.4247924164417,9.019281649057664,-635.6666587692964,54.587129772982514,6.360207834325751,9.13905345058888,1,0.0,0,0,0.46451184916857635,1.0,621.9894409179688,6.256685256958008,1,1,6,18,1,172.73321810682123,-642.54150390625,60.70404052734375,-644.2677612304688,53.63318634033203,1,-644.2677612304688,53.63318634033203,627.8761596679688,10.88033676147461,0.6950439810752869,0.061640650033950806,4.0,4.0,1,623.8778686523438,10.53753662109375,9.018371403131157,21.126487731933594,8.324191093444824,0.46451184916857635,623.8778686523438,10.53753662109375,622.9522000016553,10.53753662109375,0.9256686506884324,0.0,0.0,1,3.576111468784579,3.576033573485188,-0.02360335737466812,3.1755611896514893,-0.024148469790816307,0.7792198061943054,0.04073452576994896,-1.1701327474026577,0.0,172.7398665489263,172.7398665489263,0.6872960513371326,3.564350128173828,-0.07658566534519196,0.04325918906909447,1.0,619.3849186141997,9.575939702888617,0,0,1,112.17843297274737,0.8466593047213152,0.10365782034716631,0.39492594747672616,-635.6860661478627,54.0293830001032,3.5761114687847555,3.5704871371282154,0.0056243316565400825,0,6.917322760576718,nan
GT+smooth-jitter_controlled_forward3x6_SoftMS_local_prior_3frame_causal_heading_continuous_waypoint_RNN_polynomial_Kalman,1,controlled_gt_jitter,8.0,-641.0066656946411,57.97501252799981,-2.7360358118286277,-3.3917439112091765,0,0,6,-638.9269104255369,54.329332943755105,-638.2706298828125,61.366756439208984,-1,-638.9269409179688,54.3293342590332,-638.9269104255369,54.329332943755105,0.0,0,0.0,0.0,183,/yh/study/uav-sat/v36_GvsK/v36_training_data/routes/route_C/vi/vi_000183.jpg,-638.2706298828125,61.366756439208984,622.7333221871403,2.5541726747374103,0,3.2464513632110426,3.2464513632110426,1,3.2464513632110426,172.0526561775842,8.567999501376714e-05,622.6395261541891,9.552036534150728,-638.9197703264292,54.398434333053046,6.998492429850906,7.437556948245036,1,0.0,0,0,0.6035132380164042,1.0,625.0940551757812,6.217042922973633,0,0,6,18,1,172.7355450668941,-647.2424926757812,65.49200439453125,-650.0733032226562,55.04127502441406,1,-650.0733032226562,55.04127502441406,633.79833984375,10.096108436584473,0.6912561655044556,0.11640788614749908,4.0,4.0,0,629.8001708984375,9.764866828918457,10.096259747723533,21.083133697509766,8.312532424926758,0.6035132380164042,629.8001708984375,9.764866828918457,626.5491875587342,9.764866828918457,3.2509833397033177,0.0,0.0,1,3.254695316128932,3.254607539989406,-0.023903168737888336,3.1781115531921387,-0.023865384981036186,0.7768264412879944,0.04096190258860588,-1.1888855653774566,0.0,172.72111373095152,172.72111373095152,0.6684575533673199,3.5656864643096924,-0.07738366723060608,0.06828897182485105,1.0,622.6392949544504,9.621505444929978,0,0,1,108.92405663249667,0.8511078276458045,0.09402723268988211,0.06833981001890388,-638.9269104255369,54.329332943755105,3.254695316128772,3.2464513632110426,0.008243952917729391,0,7.067958234534562,nan
GT+smooth-jitter_controlled_forward3x6_SoftMS_local_prior_3frame_causal_heading_continuous_waypoint_RNN_polynomial_Kalman,1,controlled_gt_jitter,8.0,-644.0881971890122,58.349023259553555,-2.60162492338726,-3.466688715544101,0,0,6,-642.1406795465307,54.84326301891928,-641.486572265625,61.815711975097656,-1,-642.1406860351562,54.84326171875,-642.1406795465307,54.84326301891928,0.0,0,0.0,0.0,184,/yh/study/uav-sat/v36_GvsK/v36_training_data/routes/route_C/vi/vi_000184.jpg,-641.486572265625,61.815711975097656,625.9787452503429,2.448931886032782,0,3.2471289599852398,3.2471289599852398,1,3.2471289599852398,172.0526941937855,3.8016201310577444e-05,625.8938096213083,9.59762305772402,-642.1605244598278,54.69835375949372,7.149195726044686,7.797030938620539,1,0.0,0,0,0.2803810941017047,1.0,628.1978759765625,6.172063827514648,1,1,6,18,1,172.73049414200287,-647.2120971679688,70.25016021728516,-650.4465942382812,59.17521667480469,1,-650.4465942382812,59.17521667480469,634.6080932617188,6.02509880065918,0.7570127844810486,0.0016214847564697266,4.0,4.0,1,630.60986328125,5.692148208618164,5.653822276237226,21.09480094909668,8.316008567810059,0.2803810941017047,630.60986328125,5.692148208618164,628.9148576300879,7.784994252456206,1.6950056511620475,-2.0928460438380427,0.0,1,3.2546022929401524,3.2545146668578164,-0.023882387205958366,3.178663730621338,-0.02387036755681038,0.7772404551506042,0.040997978299856186,-1.1753026669958284,0.0,172.73469662933314,172.73469662933314,0.6820024355476375,3.5664641857147217,-0.07654088735580444,0.01650903750640328,1.0,625.8894502044707,9.451426239920513,0,0,1,105.6739013824764,0.8555505806117231,0.08929504587217707,0.06846522936390187,-642.1406795465307,54.84326301891928,3.2546022929401746,3.2471289599852398,0.007473332954934797,0,7.003063671097583,nan
GT+smooth-jitter_controlled_forward3x6_SoftMS_local_prior_3frame_causal_heading_continuous_waypoint_RNN_polynomial_Kalman,1,controlled_gt_jitter,8.0,-647.2296636134254,58.679940722256624,-2.4653813868628784,-3.5364670536222818,0,0,6,-645.4146707411212,55.32546039101319,-644.7642822265625,62.216407775878906,-1,-645.4146728515625,55.32545852661133,-645.4146707411212,55.32546039101319,0.0,0,0.0,0.0,185,/yh/study/uav-sat/v36_GvsK/v36_training_data/routes/route_C/vi/vi_000185.jpg,-644.7642822265625,62.216407775878906,629.2804674035301,2.398231432924615,0,3.302111402238367,3.302111402238367,1,3.302111402238367,173.0302481986363,0.9775540048507912,629.1986740704548,9.42755046324219,-645.4286947284891,55.21808138976314,7.029794888851341,8.182612308743312,1,0.0,0,0,0.31886651832226665,1.0,631.3567504882812,6.176293849945068,1,1,6,18,1,172.73196498055196,-661.527587890625,51.30697250366211,-657.5374755859375,57.355186462402344,1,-657.5374755859375,57.355186462402344,641.4658203125,8.587133407592773,0.8040379881858826,0.027361199259757996,4.0,4.0,1,637.467529296875,8.246456146240234,10.061297865727598,21.158721923828125,8.33043098449707,0.31886651832226665,637.467529296875,8.246456146240234,632.325556995841,8.246456146240234,5.141972301033981,0.0,0.0,1,3.3093099957408687,3.3092238659840523,-0.023875776678323746,3.1862173080444336,-0.02436785213649273,0.7821295261383057,0.04083111509680748,-1.1750490962228917,0.0,172.73495020010608,172.73495020010608,0.295297998530217,3.576448678970337,-0.07731091231107712,0.01541398223797512,1.0,629.1961211237493,9.31928964579529,0,0,1,102.36723046319776,0.8600705868587633,0.08434627978078879,0.11589409419393348,-645.4146707411212,55.32546039101319,3.3093099957408723,3.302111402238367,0.0071985935025051795,0,6.921572153843197,nan
GT+smooth-jitter_controlled_forward3x6_SoftMS_local_prior_3frame_causal_heading_continuous_waypoint_RNN_polynomial_Kalman,1,controlled_gt_jitter,8.0,-650.3699831752626,59.016103032670614,-2.3275027065126315,-3.6010501350539936,0,0,6,-648.7168564187467,55.543961681063344,-648.04248046875,62.61715316772461,-1,-648.7168579101562,55.54396057128906,-648.7168564187467,55.543961681063344,0.0,0,0.0,0.0,186,/yh/study/uav-sat/v36_GvsK/v36_training_data/routes/route_C/vi/vi_000186.jpg,-648.04248046875,62.61715316772461,632.5826803434823,2.3475334706405615,0,3.3026020929210924,3.3026020929210924,1,3.3026020929210924,173.03042213727622,0.00017393863992586,632.5054397868154,9.295143226776784,-648.7027514725804,55.70055793389359,6.948039106622327,8.396773826521736,1,0.0,0,0,0.3652077319062129,1.0,634.5150146484375,6.175187110900879,0,0,6,18,1,172.73300978605155,-661.527587890625,51.30697250366211,-660.888916015625,55.486228942871094,1,-660.888916015625,55.486228942871094,644.60009765625,10.80109977722168,0.8256911039352417,0.050661370158195496,4.0,4.0,0,640.6018676757812,10.47076416015625,11.414650336545279,21.142425537109375,8.32441520690918,0.3652077319062129,640.6018676757812,10.47076416015625,635.7597610495575,10.47076416015625,4.842106626223791,0.0,0.0,1,3.309406753977005,3.3093186630660396,-0.024146419018507004,3.1946024894714355,-0.02437330037355423,0.7823206186294556,0.04097460210323334,-1.2048447292600146,0.0,172.70515456706894,172.70515456706894,0.3252675702072657,3.584888219833374,-0.07928282767534256,0.021794124795809246,1.0,632.5028517507654,9.452352125940378,0,0,1,99.06049983618163,0.8645906747224362,0.07982859271680809,0.10799960344965687,-648.7168564187467,55.543961681063344,3.309406753977014,3.3026020929210924,0.006804661055921368,0,7.105267111721513,nan
GT+smooth-jitter_controlled_forward3x6_SoftMS_local_prior_3frame_causal_heading_continuous_waypoint_RNN_polynomial_Kalman,1,controlled_gt_jitter,8.0,-653.5093526656631,59.35754663570354,-2.188185673475628,-3.6604167737202857,0,0,6,-652.0200050298178,55.74952477840875,-651.3211669921875,63.01796340942383,-1,-652.02001953125,55.7495231628418,-652.0200050298178,55.74952477840875,0.0,0,0.0,0.0,187,/yh/study/uav-sat/v36_GvsK/v36_training_data/routes/route_C/vi/vi_000187.jpg,-651.3211669921875,63.01796340942383,635.8853856890122,2.2968228265049517,0,3.3030946351598325,3.3030946351598325,1,3.3030946351598325,173.03033329959607,-8.883768015851575e-05,635.8123015301722,9.428080920872743,-652.0050542879693,55.91919721596261,7.131632583270088,8.332568773860348,1,0.0,0,0,0.3434750797188655,1.0,637.6729125976562,6.168727874755859,1,1,6,18,1,172.7232604380633,-661.527587890625,51.30697250366211,-661.0625,55.590484619140625,1,-661.0625,55.590484619140625,644.7837524414062,10.715847969055176,0.8228174448013306,0.04133610427379608,4.0,4.0,1,640.7854614257812,10.38227367401123,9.454377696787388,21.167457580566406,8.33035659790039,0.3434750797188655,640.7854614257812,10.38227367401123,639.0068579993991,10.38227367401123,1.778603426382121,0.0,0.0,1,3.3095387796203655,3.309449779406786,-0.024271205067634583,3.195897340774536,-0.024554969742894173,0.783594012260437,0.04088800773024559,-1.2003277330628148,0.0,172.70967156326614,172.70967156326614,0.32066173632990735,3.5868210792541504,-0.07926557958126068,0.026605214085314702,1.0,635.8091672570728,9.598381939893265,0,0,1,95.7541843298743,0.8691101951428278,0.07621843193942368,0.10719729438529635,-652.0200050298178,55.74952477840875,3.3095387796203206,3.3030946351598325,0.006444144460488133,0,7.301956911381446,nan
GT+smooth-jitter_controlled_forward3x6_SoftMS_local_prior_3frame_causal_heading_continuous_waypoint_RNN_polynomial_Kalman,1,controlled_gt_jitter,8.0,-656.6347842719291,59.70020349909254,-2.0476260688040786,-3.7145532758098043,0,0,6,-655.2818576419864,55.69364304425679,-654.587158203125,63.414756774902344,-1,-655.2818603515625,55.693641662597656,-655.2818576419864,55.69364304425679,0.0,0,0.0,0.0,188,/yh/study/uav-sat/v36_GvsK/v36_training_data/routes/route_C/vi/vi_000188.jpg,-654.587158203125,63.414756774902344,639.175041215809,2.2487595367224014,0,3.290006620784944,3.290006620784944,1,3.290006620784944,173.07294273869323,0.04260943909715917,639.1052432648938,9.573954663788577,-655.2948880450185,56.12349667294196,7.3255276535923315,7.090480172335072,1,0.0,0,0,0.5691187607086078,1.0,640.8170166015625,6.159583568572998,1,1,6,18,1,172.71850438524515,-661.527587890625,51.30697250366211,-665.445068359375,54.27711486816406,1,-665.445068359375,54.27711486816406,649.0022583007812,12.486754417419434,0.7701193690299988,0.13716061413288116,4.0,4.0,1,645.00390625,12.147029876708984,11.48701106947632,21.186838150024414,8.335993766784668,0.5691187607086078,645.00390625,12.147029876708984,642.9203198568425,11.86300061895778,2.083586393157499,0.2840292577512047,0.0,1,3.296166522060347,3.2960760078210436,-0.024427276104688644,3.19586443901062,-0.02457275055348873,0.7848751544952393,0.04091664403676987,-1.1791691943962903,0.0,172.73083010193267,172.73083010193267,0.34211263676054215,3.5874576568603516,-0.07795698195695877,0.09603651544954776,1.0,639.0466829968831,10.0,0,0,1,92.516668590064,0.8735356707120828,0.12835821892588228,0.09414218177432376,-655.2818576419864,55.69364304425679,3.2623312572029795,3.290006620784944,0.0,0,7.7523031772446656,nan
GT+smooth-jitter_controlled_forward3x6_SoftMS_local_prior_3frame_causal_heading_continuous_waypoint_RNN_polynomial_Kalman,1,controlled_gt_jitter,8.0,-659.761609195199,60.04840200011713,-1.9060183748864545,-3.7634533160449815,0,0,6,-658.5641077763274,56.04383504185232,-657.8555908203125,63.81185531616211,-1,-658.5640869140625,56.0438346862793,-658.5641077763274,56.04383504185232,0.0,0,0.0,0.0,189,/yh/study/uav-sat/v36_GvsK/v36_training_data/routes/route_C/vi/vi_000189.jpg,-657.8555908203125,63.81185531616211,642.4671567469792,2.2006518035266183,0,3.2924670119176236,3.2924670119176236,1,3.2924670119176236,173.0727948074557,-0.00014793123752731245,642.349390547855,9.975492712110281,-658.5633262865605,56.06839804300195,7.775732764919473,7.640878502020693,1,0.0,0,0,0.3013438941872493,1.0,643.963134765625,6.145076274871826,0,0,6,18,1,172.72281839675796,-675.7216186523438,51.39638900756836,-671.128662109375,53.86720275878906,1,-671.128662109375,53.86720275878906,654.6102905273438,13.497328758239746,0.8026341199874878,0.020043298602104187,4.0,4.0,0,650.6119995117188,13.162590980529785,13.656594530945322,21.19624900817871,8.336638450622559,0.3013438941872493,650.6119995117188,13.162590980529785,645.42808625687,11.822710137519243,5.183913254848791,1.3398808430105427,0.0,1,3.3027984762026477,3.3027075509719026,-0.02450728788971901,3.202608346939087,-0.0247541181743145,0.7861539125442505,0.040902458131313324,-1.198231291874444,0.0,172.7117680044545,172.7117680044545,0.3610268030011684,3.594809055328369,-0.07949332892894745,0.016069122594375033,1.0,642.3475617252767,10.0,0,0,1,89.21578986167037,0.8780477594071127,0.11959502170248015,0.08985866497853667,-658.5641077763274,56.04383504185232,3.300878728393601,3.2924670119176236,0.008411716475977382,0,7.800265076204053,nan
GT+smooth-jitter_controlled_forward3x6_SoftMS_local_prior_3frame_causal_heading_continuous_waypoint_RNN_polynomial_Kalman,1,controlled_gt_jitter,8.0,-662.8886775660536,60.40196575450514,-1.7635554957410984,-3.807117802623767,0,0,6,-661.8427705011363,56.393644289182376,-661.1251220703125,64.2090835571289,-1,-661.8427734375,56.39364242553711,-661.8427705011363,56.393644289182376,0.0,0,0.0,0.0,190,/yh/study/uav-sat/v36_GvsK/v36_training_data/routes/route_C/vi/vi_000190.jpg,-661.1251220703125,64.2090835571289,645.760378470711,2.152531657132711,0,3.293573267766809,3.293573267766809,1,3.293573267766809,173.0728600643875,6.525693179984377e-05,645.6506744712569,9.975356955081224,-661.8459649266451,56.418768018834356,7.8235944814208835,8.006291856901788,1,0.0,0,0,0.30726324785117065,1.0,647.110107421875,6.125260353088379,1,1,6,18,1,172.71895080214043,-675.7216186523438,51.39638900756836,-671.2376708984375,53.70621871948242,1,-671.2376708984375,53.70621871948242,654.7015991210938,13.66896915435791,0.8011015057563782,0.022073864936828613,4.0,4.0,1,650.7033081054688,13.33169174194336,12.223181810641094,21.182355880737305,8.334505081176758,0.30726324785117065,650.7033081054688,13.33169174194336,648.7456484028477,11.832341314035656,1.9576597026210965,1.4993504279077032,0.0,1,3.3032046700620548,3.303112745980206,-0.02464304491877556,3.1995794773101807,-0.024606285616755486,0.7859916687011719,0.040981777012348175,-1.1822206881296993,0.0,172.72777860819926,172.72777860819926,0.34508145618822367,3.5917258262634277,-0.07823718339204788,0.02357738084225672,1.0,645.6448326835949,10.0,0,0,1,85.91851890335215,0.8825549165127353,0.1155457871160479,0.09399379045662837,-661.8427705011363,56.393644289182376,3.2972709583182445,3.293573267766809,0.0036976905514354286,0,7.8483189423738695,nan
GT+smooth-jitter_controlled_forward3x6_SoftMS_local_prior_3frame_causal_heading_continuous_waypoint_RNN_polynomial_Kalman,1,controlled_gt_jitter,8.0,-666.0834411819419,60.80488929934021,-1.6204284866294298,-3.8455547314215104,0,0,6,-665.1982674499701,56.751651184252154,-664.4630126953125,64.65044403076172,-1,-665.1982421875,56.751651763916016,-665.1982674499701,56.751651184252154,0.0,0,0.0,0.0,191,/yh/study/uav-sat/v36_GvsK/v36_training_data/routes/route_C/vi/vi_000191.jpg,-664.4630126953125,64.65044403076172,649.1262557938231,2.0677806222814263,0,3.366944147464919,3.366944147464919,1,3.366944147464919,172.4676262351642,-0.6052338292232939,649.0209351480809,9.975377172231674,-665.1972075954533,56.77630068155783,7.908297897474816,8.655192270441365,1,0.0,0,0,0.2494106041229144,1.0,650.32958984375,6.063545227050781,1,1,6,18,1,172.7220405022445,-680.4833374023438,46.66803741455078,-676.4927368164062,54.4331169128418,1,-676.4927368164062,54.4331169128418,660.004150390625,13.50368595123291,0.8311476707458496,0.005542963743209839,4.0,4.0,1,656.0057983398438,13.164165496826172,13.055951245563557,21.201068878173828,8.33867073059082,0.2494106041229144,656.0057983398438,13.164165496826172,651.9568143094189,11.736904669034484,4.048984030424869,1.427260827791689,0.0,1,3.3761922537609776,3.376102464485982,-0.024622827768325806,3.199784755706787,-0.024653980508446693,0.7869947552680969,0.040942877531051636,-1.1861348134109397,0.0,172.72386448291803,172.72386448291803,0.25623824775382986,3.59242582321167,-0.07856430858373642,0.011300382282149652,1.0,649.0193739428701,10.0,0,0,1,82.54397764407702,0.887167697144727,0.1068818509530729,0.167159391758132,-665.1982674499701,56.751651184252154,3.374541259275144,3.366944147464919,0.00759711181022471,0,7.93293942913453,nan
GT+smooth-jitter_controlled_forward3x6_SoftMS_local_prior_3frame_causal_heading_continuous_waypoint_RNN_polynomial_Kalman,1,controlled_gt_jitter,8.0,-669.282124144968,61.21359004957284,-1.4768262934054226,-3.878779030017004,0,0,6,-668.557098872596,57.110013843200505,-667.8052978515625,65.09236907958984,-1,-668.55712890625,57.11001205444336,-668.557098872596,57.110013843200505,0.0,0,0.0,0.0,192,/yh/study/uav-sat/v36_GvsK/v36_training_data/routes/route_C/vi/vi_000192.jpg,-667.8052978515625,65.09236907958984,652.4965627436206,1.982934416610605,0,3.3713747662445996,3.3713747662445996,1,3.3713747662445996,172.4679042644292,0.00027802926500117053,652.3992138318752,9.975360037758946,-668.5564190587493,57.13472111977656,7.993018461145093,9.302036573807937,1,0.0,0,0,0.2502364473379031,1.0,653.5535278320312,5.9965009689331055,0,0,6,18,1,172.7226789114885,-680.4833374023438,46.66803741455078,-680.3177490234375,54.486839294433594,1,-680.3177490234375,54.486839294433594,663.813232421875,13.856063842773438,0.8170415163040161,0.002769947052001953,4.0,4.0,0,659.8148803710938,13.515172004699707,13.658340919918286,21.215320587158203,8.341646194458008,0.2502364473379031,659.8148803710938,13.515172004699707,655.3373640620543,11.738250175866487,4.477516309039357,1.7769218288332203,0.0,1,3.379929703862064,3.379839889005078,-0.02463996224105358,3.204343557357788,-0.024711599573493004,0.7890310883522034,0.04101840779185295,-1.1888324179679775,0.0,172.72116687836098,172.72116687836098,0.253262613931791,3.5979971885681152,-0.07886900752782822,0.010651863854216743,1.0,652.3972686009298,10.0,0,0,1,79.16608298601727,0.8917850616569489,0.09929414269083736,0.16703120888681156,-668.557098872596,57.110013843200505,3.377894658059651,3.3713747662445996,0.006519891815051526,0,8.017680456038354,nan
GT+smooth-jitter_controlled_forward3x6_SoftMS_local_prior_3frame_causal_heading_continuous_waypoint_RNN_polynomial_Kalman,1,controlled_gt_jitter,8.0,-672.4764901894877,61.62697056686265,-1.3329355019877094,-3.9068123921217226,0,0,6,-671.8705736134359,57.463537277120636,-671.1435546875,65.53378295898438,-1,-671.8705444335938,57.463539123535156,-671.8705736134359,57.463537277120636,0.0,0,0.0,0.0,193,/yh/study/uav-sat/v36_GvsK/v36_training_data/routes/route_C/vi/vi_000193.jpg,-671.1435546875,65.53378295898438,655.8628098767954,1.8981691289094857,0,3.367314199121546,3.367314199121546,1,3.367314199121546,172.46754218549137,-0.00036207893783687787,655.7724409661909,9.975320637226105,-671.9106051188979,57.49262777679833,8.07765702591446,8.194889731876147,1,0.0,0,0,0.4197322072422877,1.0,656.7737426757812,5.924345016479492,1,1,6,18,1,172.72214967854953,-685.1539306640625,56.214149475097656,-680.3682861328125,55.660884857177734,1,-680.3682861328125,55.660884857177734,663.988037109375,12.694005966186523,0.8253335952758789,0.07239250838756561,4.0,4.0,1,659.9896850585938,12.353428840637207,11.240264872582818,21.21369171142578,8.341392517089844,0.4197322072422877,659.9896850585938,12.353428840637207,659.1767045361072,12.01787877917588,0.812980522486602,0.33555006146132715,0.0,1,3.375262592179891,3.375172365261068,-0.024679362773895264,3.2052066326141357,-0.024836648255586624,0.7896487712860107,0.04094758629798889,-1.1857351406227883,0.0,172.72426415570618,172.72426415570618,0.25672197021481713,3.5991694927215576,-0.07885918021202087,0.055432039360785244,1.0,655.7295491528213,10.0,0,0,1,75.8338024341258,0.8963400746228977,0.1332607239741037,0.1621075665074101,-671.8705736134359,57.463537277120636,3.332280551891526,3.367314199121546,0.0,0,8.102926748052788,nan
GT+smooth-jitter_controlled_forward3x6_SoftMS_local_prior_3frame_causal_heading_continuous_waypoint_RNN_polynomial_Kalman,1,controlled_gt_jitter,8.0,-675.6362057233063,62.045429812031955,-1.1889400983062237,-3.9296831030071058,0,0,6,-675.1517659674523,57.81361641731965,-674.447265625,65.97511291503906,-1,-675.1517944335938,57.81361770629883,-675.1517659674523,57.81361641731965,0.0,0,0.0,0.0,194,/yh/study/uav-sat/v36_GvsK/v36_training_data/routes/route_C/vi/vi_000194.jpg,-674.447265625,65.97511291503906,659.1946971687272,1.8098222980006706,0,3.3330583686260824,3.3330583686260824,1,3.3330583686260824,172.39112596614893,-0.07641621934242092,659.0731746932297,9.975234130397439,-675.1927018926473,57.84289040974738,8.166316066911467,7.324071651805371,1,0.0,0,0,0.5015468032992259,1.0,659.9600219726562,5.84346342086792,1,1,6,18,1,172.72288979357913,-685.1539306640625,56.214149475097656,-683.4679565429688,55.1263427734375,1,-683.4679565429688,55.1263427734375,667.0135498046875,13.554376602172852,0.6936897039413452,0.07615669071674347,4.0,4.0,1,663.0151977539062,13.218881607055664,12.031743807066665,21.21773910522461,8.34119701385498,0.5015468032992259,663.0151977539062,13.218881607055664,662.7024284023025,12.152786355841162,0.31276935160367536,1.0660952512145023,0.0,1,3.343717258197679,3.3436255404084703,-0.024765869602560997,3.208846092224121,-0.02489456720650196,0.788664698600769,0.040959157049655914,-1.1895805371255055,0.0,172.72041875920345,172.72041875920345,0.3292927930545208,3.6023104190826416,-0.07921820133924484,0.07718377919862972,1.0,659.029364097399,10.0,0,0,1,72.53398748954805,0.9008507091939428,0.16533307132817754,0.12421227640196131,-675.1517659674523,57.81361641731965,3.2998149445776868,3.3330583686260824,0.0,0,8.191846300731092,nan
GT+smooth-jitter_controlled_forward3x6_SoftMS_local_prior_3frame_causal_heading_continuous_waypoint_RNN_polynomial_Kalman,1,controlled_gt_jitter,8.0,-678.7980119616998,62.469299302154425,-1.0450212390435771,-3.947425856536984,0,0,6,-678.4001037393691,58.160190214761485,-677.7529907226562,66.4167251586914,-1,-678.4000854492188,58.16019058227539,-678.4001037393691,58.160190214761485,0.0,0,0.0,0.0,195,/yh/study/uav-sat/v36_GvsK/v36_training_data/routes/route_C/vi/vi_000195.jpg,-677.7529907226562,66.4167251586914,662.5286172018934,1.72140845592454,0,3.335092171892417,3.335092171892417,1,3.335092171892417,172.39090078699803,-0.0002251791508990828,662.3775891438996,9.975163348019123,-678.4784602859843,58.19352789693482,8.255136539941446,5.9075588053277315,1,0.0,0,0,0.7432312356269732,1.0,663.1489868164062,5.7574238777160645,1,1,6,18,1,172.72202492087547,-685.1539306640625,56.214149475097656,-687.1705932617188,54.639259338378906,1,-687.1705932617188,54.639259338378906,670.6436157226562,14.431526184082031,0.4535512328147888,0.47520601749420166,4.0,4.0,1,666.645263671875,14.094306945800781,13.039762083703522,21.246566772460938,8.34747314453125,0.7432312356269732,666.645263671875,14.094306945800781,666.645263671875,12.55149488680363,0.0,1.5428120589971521,0.0,1,3.348317162590099,3.348225046500577,-0.024836651980876923,3.2144267559051514,-0.025231612846255302,0.7920244932174683,0.040852345526218414,-1.2006362655142289,0.0,172.70936303081473,172.70936303081473,0.3184622438166965,3.609545946121216,-0.08045580238103867,0.17787199431459513,1.0,662.2961379918604,10.0,0,0,1,69.26721359508667,0.905316178776823,0.23247921003303418,0.12066541598726577,-678.4001037393691,58.160190214761485,3.266773894461418,3.335092171892417,0.0,0,8.281855138598784,nan
GT+smooth-jitter_controlled_forward3x6_SoftMS_local_prior_3frame_causal_heading_continuous_waypoint_RNN_polynomial_Kalman,1,controlled_gt_jitter,8.0,-681.9612325217373,62.89840079641637,-0.9013570334560436,-3.960081564423474,0,0,6,-681.6372153149423,58.505566259453815,-681.0598754882812,66.85848236083984,-1,-681.63720703125,58.50556564331055,-681.6372153149423,58.505566259453815,0.0,0,0.0,0.0,196,/yh/study/uav-sat/v36_GvsK/v36_training_data/routes/route_C/vi/vi_000196.jpg,-681.0598754882812,66.85848236083984,665.8637057371371,1.6329735032271426,0,3.3362608229532547,3.3362608229532547,1,3.3362608229532547,172.3910703592938,0.00016957229575950182,665.6509033685995,9.97494611889124,-681.7332784316627,58.541011564714964,8.344686451182277,5.225752009100399,1,0.0,0,0,0.7445038707888499,1.0,666.33984375,5.666331768035889,1,1,6,18,1,172.7175933020429,-685.1539306640625,56.214149475097656,-687.5441284179688,54.76091384887695,1,-687.5441284179688,54.76091384887695,671.0279541015625,14.350187301635742,0.45123735070228577,0.5180489420890808,4.0,4.0,1,667.0296630859375,14.019914627075195,12.441694697463822,21.231054306030273,8.342845916748047,0.7445038707888499,667.0296630859375,14.019914627075195,667.0296630859375,12.553377505692842,0.0,1.4665371213823537,0.0,1,3.354858928468717,3.354765376739133,-0.025053881108760834,3.2178804874420166,-0.0250869058072567,0.7906432151794434,0.041005801409482956,-1.2141763684918387,0.0,172.69582292783713,172.69582292783713,0.30475256854332716,3.6122937202453613,-0.08114596456289291,0.07428120836267468,1.0,665.5516219750735,10.0,0,0,1,66.01172961187353,0.9097662157779264,0.3120837620635939,0.11838033551123806,-681.6372153149423,58.505566259453815,3.2554839832131255,3.3362608229532547,0.0,0,8.372844718030006,nan
GT+smooth-jitter_controlled_forward3x6_SoftMS_local_prior_3frame_causal_heading_continuous_waypoint_RNN_polynomial_Kalman,1,controlled_gt_jitter,8.0,-685.117680441996,63.32833097887322,-0.7581223365271637,-3.96769715833381,0,0,6,-684.9628133163711,58.86038315629398,-684.3595581054688,67.29602813720703,-1,-684.9628295898438,58.860382080078125,-684.9628133163711,58.86038315629398,0.0,0,0.0,0.0,197,/yh/study/uav-sat/v36_GvsK/v36_training_data/routes/route_C/vi/vi_000197.jpg,-684.3595581054688,67.29602813720703,669.1911859770298,1.5479621292243295,0,3.3285660096483163,3.3285660096483163,1,3.3285660096483163,172.44650943030854,0.05543907101474009,668.9050678241065,9.974927954375744,-684.9690759992351,58.886265682007654,8.431821666502584,5.408971600335159,1,0.0,0,0,0.5477903889453783,1.0,669.5241088867188,5.573697090148926,1,1,6,18,1,172.70997369241522,-699.2872314453125,65.81985473632812,-696.546142578125,57.967411041259766,1,-696.546142578125,57.967411041259766,680.3193359375,12.116814613342285,0.6352229118347168,0.08179143071174622,4.0,4.0,1,676.3211059570312,11.78951358795166,12.478987747529056,21.215843200683594,8.33932876586914,0.5477903889453783,676.3211059570312,11.78951358795166,672.6614913937062,11.78951358795166,3.659614563324978,0.0,0.0,1,3.3535395733266857,3.353445849032953,-0.025072045624256134,3.2167510986328125,-0.025215184316039085,0.7911226153373718,0.04090268164873123,-1.2241654134312765,0.0,172.6858338828977,172.6858338828977,0.23932445258914922,3.6113860607147217,-0.08193652331829071,0.08700386073545235,1.0,668.896094593797,10.0,0,0,1,62.66725699315009,0.9143378945142497,0.2950913832328297,0.11181491101550378,-684.9628133163711,58.86038315629398,3.344472618723423,3.3285660096483163,0.015906609075106548,0,8.457187658641876,nan
GT+smooth-jitter_controlled_forward3x6_SoftMS_local_prior_3frame_causal_heading_continuous_waypoint_RNN_polynomial_Kalman,1,controlled_gt_jitter,8.0,-688.2759499794518,63.763408745376374,-0.6154885536704987,-3.9703253854829983,0,0,6,-688.2449889932182,59.54791084529049,-687.6604614257812,67.73373413085938,-1,-688.2449951171875,59.54791259765625,-688.2449889932182,59.54791084529049,0.0,0,0.0,0.0,198,/yh/study/uav-sat/v36_GvsK/v36_training_data/routes/route_C/vi/vi_000198.jpg,-687.6604614257812,67.73373413085938,672.5198970285159,1.4629209471770395,0,3.329797181050112,3.329797181050112,1,3.329797181050112,172.44653759009964,2.815979110157551e-05,672.2494121951406,9.974849227815866,-688.2945381246008,59.24114725524607,8.516224815011944,5.670367805401841,1,0.0,0,0,0.5438184903896228,1.0,672.710693359375,5.476137161254883,1,1,6,18,1,172.7015247484119,-699.2872314453125,65.81985473632812,-700.37109375,62.42041778564453,1,-700.37109375,62.42041778564453,684.5950927734375,8.09472942352295,0.6440335512161255,0.08214101195335388,4.0,4.0,1,680.5967407226562,7.758517265319824,10.24060237781863,21.261241912841797,8.350423812866211,0.5438184903896228,680.5967407226562,7.758517265319824,675.9949130437121,7.758517265319824,4.601827678944165,0.0,0.0,1,3.3534119187511604,3.353317601343613,-0.02515077218413353,3.217863082885742,-0.0252232626080513,0.7923337817192078,0.04092354327440262,-1.211811842378545,0.0,172.69818745395042,172.69818745395042,0.25164986385077937,3.6131210327148438,-0.08119184523820877,0.08340329333913388,1.0,672.2326874096237,9.664560172019305,0,0,1,59.33066417732334,0.9188988020673534,0.2872096188921205,0.11193409816436972,-688.2449889932182,59.54791084529049,3.3534119187512825,3.329797181050112,0.02361473770117062,0,8.206666518121441,nan
GT+smooth-jitter_controlled_forward3x6_SoftMS_local_prior_3frame_causal_heading_continuous_waypoint_RNN_polynomial_Kalman,1,controlled_gt_jitter,8.0,-691.4396268751341,64.20403350711585,-0.47362345716531645,-3.968024598352896,0,0,6,-691.4911965337138,60.40504652431655,-690.9660034179688,68.17205810546875,-1,-691.4912109375,60.40504837036133,-691.4911965337138,60.40504652431655,0.0,0,0.0,0.0,199,/yh/study/uav-sat/v36_GvsK/v36_training_data/routes/route_C/vi/vi_000199.jpg,-690.9660034179688,68.17205810546875,675.8532861353445,1.3777573909553766,0,3.334476835851805,3.334476835851805,1,3.334476835851805,172.44648845909586,-4.913100378063215e-05,675.590053996665,9.639369529915752,-691.5807357067691,59.92914414822294,8.265804636782287,5.285554229685208,1,0.0,0,0,0.6181031124627963,1.0,675.9032592773438,5.373635292053223,1,1,6,18,1,172.70035667934212,-699.2872314453125,65.81985473632812,-700.1846923828125,62.543495178222656,1,-700.1846923828125,62.543495178222656,684.4227905273438,7.952570915222168,0.6384528875350952,0.11062711477279663,4.0,4.0,1,680.4244995117188,7.624876022338867,7.740961369682648,21.22705078125,8.341482162475586,0.6181031124627963,680.4244995117188,7.624876022338867,679.5398375559377,7.624876022338867,0.8846619557810542,0.0,0.0,1,3.3574610896079062,3.3573665870413256,-0.02519064210355282,3.2197656631469727,-0.02508687973022461,0.7911031246185303,0.04105347767472267,-1.228923814126954,0.0,172.681075482202,172.681075482202,0.23458702310615082,3.6143879890441895,-0.08209724724292755,0.15991769596653369,1.0,675.5515088789816,9.156653662157375,0,0,1,56.01184270796546,0.9234354173340401,0.3017772563629251,0.11471117270483244,-691.4911965337138,60.40504652431655,3.3574610896078085,3.334476835851805,0.022984253756003437,0,7.784747697297477,nan
GT+smooth-jitter_controlled_forward3x6_SoftMS_local_prior_3frame_causal_heading_continuous_waypoint_RNN_polynomial_Kalman,1,controlled_gt_jitter,8.0,-694.714099705879,64.68230704919705,-0.33269101447276067,-3.9608585391818583,0,0,6,-694.8841454674896,61.14098973965598,-694.3814086914062,68.6431655883789,-1,-694.8841552734375,61.1409912109375,-694.8841454674896,61.14098973965598,0.0,0,0.0,0.0,200,/yh/study/uav-sat/v36_GvsK/v36_training_data/routes/route_C/vi/vi_000200.jpg,-694.3814086914062,68.6431655883789,679.2993965271758,1.271650795534344,0,3.447743529075013,3.447743529075013,1,3.447743529075013,172.14640518356666,-0.3000832755291917,679.0232639375862,9.131520089638549,-694.9406922190879,60.798358614137946,7.864718337450845,4.946490228931367,1,0.0,0,0,0.5960491375959293,1.0,679.2100219726562,5.2454514503479,1,1,6,18,1,172.69360823899873,-699.2872314453125,65.81985473632812,-701.7078857421875,62.52168273925781,1,-701.7078857421875,62.52168273925781,685.9351196289062,8.135856628417969,0.721155047416687,0.1302599161863327,4.0,4.0,1,681.9368286132812,7.808737754821777,7.049081778650596,21.233713150024414,8.34266185760498,0.5960491375959293,681.9368286132812,7.808737754821777,681.9368286132812,7.808737754821777,0.0,0.0,0.0,1,3.4718460339441606,3.4717550586045434,-0.02513357251882553,3.228045701980591,-0.02497357316315174,0.7940105199813843,0.0413307324051857,-1.2483623190613988,0.0,172.66163697726756,172.66163697726756,0.5152317937008977,3.624096632003784,-0.08328366279602051,0.09494577747015166,1.0,679.0033862292105,8.78482353643993,0,0,1,52.55996535773659,0.9281539114230904,0.29601029796526745,0.21969782709442232,-694.8841454674896,61.14098973965598,3.4718460339442143,3.447743529075013,0.02410250486920118,0,7.519001711077625,nan
GT+smooth-jitter_controlled_forward3x6_SoftMS_local_prior_3frame_causal_heading_continuous_waypoint_RNN_polynomial_Kalman,1,controlled_gt_jitter,8.0,-697.9810592363601,65.16418676587125,-0.19285122854764378,-3.9488961198709367,0,0,6,-698.2929415311121,61.74957677519913,-697.7882080078125,69.11308288574219,-1,-698.29296875,61.749576568603516,-698.2929415311121,61.74957677519913,0.0,0,0.0,0.0,201,/yh/study/uav-sat/v36_GvsK/v36_training_data/routes/route_C/vi/vi_000201.jpg,-697.7882080078125,69.11308288574219,682.7368232624916,1.1658146582126963,0,3.439055662333383,3.439055662333383,1,3.439055662333383,172.1464565755874,5.139202071569539e-05,682.4659924012196,8.759777962728535,-698.324553234086,61.5332437169996,7.598791221355585,4.477989309464805,1,0.0,0,0,0.7018587106913402,1.0,682.5096435546875,5.112884998321533,1,1,6,18,1,172.68241825470415,-704.109619140625,51.5751838684082,-705.9208984375,62.83470153808594,1,-705.9208984375,62.83470153808594,690.1575317382812,8.271565437316895,0.5199177861213684,0.19377532601356506,4.0,9.557443618774414,1,686.1592407226562,7.94166374206543,7.591117972919889,21.243453979492188,13.902138710021973,0.7018587106913402,686.1592407226562,7.94166374206543,686.1592407226562,7.94166374206543,0.0,0.0,0.0,1,3.462696750106592,3.4626061720092025,-0.025045573711395264,3.2218821048736572,-0.024971716105937958,0.791480541229248,0.04119454324245453,-1.2319863001960585,0.0,172.6780129961329,172.6780129961329,0.5315564205455223,3.616692304611206,-0.08215433359146118,0.1705712933566365,1.0,682.4575099900679,8.541312083159378,0,0,1,49.105841596879145,0.9328754762108352,0.2793132724236784,0.21717355745972577,-698.2929415311121,61.74957677519913,3.4626967501066965,3.439055662333383,0.02364108777331353,0,7.380784387146623,nan
GT+smooth-jitter_controlled_forward3x6_SoftMS_local_prior_3frame_causal_heading_continuous_waypoint_RNN_polynomial_Kalman,1,controlled_gt_jitter,8.0,-700.9467770800684,65.60907145585556,-0.054259990224622606,-3.932211197953034,0,0,6,-701.4863772542882,62.18378537803178,-700.8925170898438,69.5412826538086,-1,-701.4863891601562,62.18378448486328,-701.4863772542882,62.18378537803178,0.0,0,0.0,0.0,202,/yh/study/uav-sat/v36_GvsK/v36_training_data/routes/route_C/vi/vi_000202.jpg,-700.8925170898438,69.5412826538086,685.8690410397601,1.0693692647688509,0,3.1337022701835964,3.1337022701835964,1,3.1337022701835964,172.14633885169386,-0.00011772389353767537,685.6802329972701,8.516307130013397,-701.4948242291731,62.116341027395976,7.449330979740528,4.257338098058335,1,0.0,0,0,0.6868598587925385,1.0,685.5057983398438,4.985145568847656,1,1,6,18,1,172.68087644622074,-704.109619140625,51.5751838684082,-706.386474609375,62.52940368652344,1,-706.386474609375,62.52940368652344,690.5880737304688,8.624533653259277,0.5460737347602844,0.2738627791404724,4.0,10.270811080932617,1,686.5897827148438,8.290199279785156,7.256711008987639,21.197092056274414,14.60710334777832,0.6868598587925385,686.5897827148438,8.290199279785156,686.5897827148438,8.290199279785156,0.0,0.0,0.0,1,3.222820011857921,3.2227230072021484,-0.025004953145980835,3.209995746612549,-0.02515670284628868,0.7924225330352783,0.040837809443473816,-1.232942633401566,0.0,172.67705666292738,172.67705666292738,0.5307178112335524,3.6052699089050293,-0.08233234286308289,0.010908243777260023,1.0,685.6789889004968,8.448347259202679,0,0,1,45.88436268645023,0.9372790304668551,0.19005213926322995,0.07629347642895246,-701.4863772542882,62.18378537803178,3.2228200118577988,3.1337022701835964,0.08911774167420239,0,7.381425069590372,nan
GT+smooth-jitter_controlled_forward3x6_SoftMS_local_prior_3frame_causal_heading_continuous_waypoint_RNN_polynomial_Kalman,1,controlled_gt_jitter,8.0,-704.0212559544432,66.04015219662926,0.0829310572755487,-3.9108823492691682,0,0,6,-704.6744691866851,62.83011823550692,-704.1041870117188,69.95103454589844,-1,-704.6744995117188,62.83012008666992,-704.6744691866851,62.83011823550692,0.0,0,0.0,0.0,203,/yh/study/uav-sat/v36_GvsK/v36_training_data/routes/route_C/vi/vi_000203.jpg,-704.1041870117188,69.95103454589844,689.1060566181369,1.002657605414238,0,3.2377029357474685,3.2377029357474685,1,3.2377029357474685,172.7293576152949,0.5830187636010425,688.9318410187957,8.423258844652851,-704.7182101745668,62.55382903419812,7.4226460124974,4.630283784293082,1,0.0,0,0,0.5144509078896419,1.0,688.6087036132812,4.8826704025268555,1,1,6,18,1,172.6795395434124,-708.689208984375,75.395751953125,-711.90234375,66.29541015625,1,-711.90234375,66.29541015625,696.4723510742188,5.464962005615234,0.7734237909317017,0.09885983169078827,4.0,4.0,1,692.47412109375,5.13258171081543,5.32917736881216,21.138254165649414,8.321537971496582,0.5144509078896419,692.47412109375,5.13258171081543,692.47412109375,6.224414846634942,0.0,-1.0918331358195124,0.0,1,3.2529488671152067,3.252852118298876,-0.025088414549827576,3.2029526233673096,-0.024232547730207443,0.7878755927085876,0.04136186093091965,-1.2316762736407634,0.0,172.6783230226882,172.6783230226882,0.05103459260668747,3.5959832668304443,-0.0808665007352829,0.10434943228468671,1.0,688.9176585540998,8.143888383659071,0,0,1,42.64569303284725,0.9417060833619701,0.1883980640370737,0.03475031238015891,-704.6744691866851,62.83011823550692,3.2529488671152196,3.2377029357474685,0.015245931367751098,0,7.143715479964486,nan
GT+smooth-jitter_controlled_forward3x6_SoftMS_local_prior_3frame_causal_heading_continuous_waypoint_RNN_polynomial_Kalman,1,controlled_gt_jitter,8.0,-707.4087446942297,66.51552768671401,0.21857464170782404,-3.884992637993029,0,0,6,-708.1434689250091,63.65957806792205,-707.6273193359375,70.40052032470703,-1,-708.1434936523438,63.659576416015625,-708.1434689250091,63.65957806792205,0.0,0,0.0,0.0,204,/yh/study/uav-sat/v36_GvsK/v36_training_data/routes/route_C/vi/vi_000204.jpg,-707.6273193359375,70.40052032470703,692.6569922421621,0.9294795121418277,0,3.5516895753016167,3.5516895753016167,1,3.5516895753016167,172.72940833664342,5.072134852367872e-05,692.4843596584222,8.119270696791357,-708.2184298179104,63.23299022808835,7.191863408591191,4.798510041595332,1,0.0,0,0,0.6421526865995303,1.0,692.0274658203125,4.769358158111572,1,1,6,18,1,172.67911372380632,-713.450927734375,70.66738891601562,-716.881591796875,67.78533935546875,1,-716.881591796875,67.78533935546875,701.5816040039062,4.511692523956299,0.6373304128646851,0.15434125065803528,4.0,4.0,1,697.5833740234375,4.184571743011475,5.904647566650241,21.178062438964844,8.330415725708008,0.6421526865995303,697.5833740234375,4.184571743011475,696.5002795465709,5.709718763902132,1.0830944768665418,-1.5251470208906577,0.0,1,3.566786060038063,3.566701104322471,-0.024617686867713928,3.214613676071167,-0.024832990020513535,0.791273832321167,0.04113245755434036,-1.2495198226823043,0.0,172.66047947364666,172.66047947364666,0.06892886299675212,3.6092991828918457,-0.08299269527196884,0.17011608559390984,1.0,692.4550787423489,7.687137675011658,0,0,1,39.10827284459822,0.9465415090029285,0.20191349981325857,0.33707589923044967,-708.1434689250091,63.65957806792205,3.5667860600380865,3.5516895753016167,0.01509648473646985,0,6.760673998027725,nan
GT+smooth-jitter_controlled_forward3x6_SoftMS_local_prior_3frame_causal_heading_continuous_waypoint_RNN_polynomial_Kalman,1,controlled_gt_jitter,8.0,-710.4869495660071,66.95569623791938,0.35252797305546213,-3.854629384639212,0,0,6,-711.3432466997255,64.2532542824198,-710.8394775390625,70.8103256225586,-1,-711.34326171875,64.25325775146484,-711.3432466997255,64.2532542824198,0.0,0,0.0,0.0,205,/yh/study/uav-sat/v36_GvsK/v36_training_data/routes/route_C/vi/vi_000205.jpg,-710.8394775390625,70.8103256225586,695.894499012007,0.8627665504423969,0,3.2381940497830635,3.2381940497830635,1,3.2381940497830635,172.7295136519791,0.00010531533566939762,695.709370889722,7.662401572341227,-711.3767711244774,64.02942417394824,6.80215472131397,5.188766913303923,1,0.0,0,0,0.38707005399826916,1.0,695.135009765625,4.658242225646973,1,1,6,18,1,172.67259174692262,-713.4205322265625,75.425537109375,-717.5556640625,65.9609603881836,1,-717.5556640625,65.9609603881836,702.0582885742188,6.3972883224487305,0.8084595203399658,0.05561535060405731,4.0,4.0,1,698.0599975585938,6.062725067138672,5.632845864270658,21.175142288208008,8.331799507141113,0.38707005399826916,698.0599975585938,6.062725067138672,698.0599975585938,6.062725067138672,0.0,0.0,0.0,1,3.254386156440161,3.2542921473730724,-0.024736102670431137,3.21156644821167,-0.024892892688512802,0.7929658889770508,0.04106868803501129,-1.2410753609906415,0.0,172.6689239353383,172.6689239353383,0.06058971664075856,3.6071085929870605,-0.08250483870506287,0.0406504302690659,1.0,695.6997819173778,7.436278030615212,0,0,1,35.8635696695693,0.9509768093333651,0.19471709462925446,0.026627601571393544,-711.3432466997255,64.2532542824198,3.254386156440151,3.2381940497830635,0.01619210665708737,0,6.576394751450416,nan
GT+smooth-jitter_controlled_forward3x6_SoftMS_local_prior_3frame_causal_heading_continuous_waypoint_RNN_polynomial_Kalman,1,controlled_gt_jitter,8.0,-713.5570341689915,67.40024698772632,0.48465284272718856,-3.819883932683836,0,0,6,-714.5679694448286,64.60583947984185,-714.0416870117188,71.22013092041016,-1,-714.5679931640625,64.60584259033203,-714.5679694448286,64.60583947984185,0.0,0,0.0,0.0,206,/yh/study/uav-sat/v36_GvsK/v36_training_data/routes/route_C/vi/vi_000206.jpg,-714.0416870117188,71.22013092041016,699.1221131972995,0.7949981225828878,0,3.2283255549768564,3.2283255549768564,1,3.2283255549768564,172.70716827516225,-0.022345376816835672,698.9436279303502,7.411455694924952,-714.566152569314,64.62207789879712,6.618864539867897,5.92395286207633,1,0.0,0,0,0.2651174994147197,1.0,698.2349243164062,4.54190731048584,1,1,6,18,1,172.67130799152378,-727.6145629882812,75.51490783691406,-723.7542724609375,64.98551940917969,1,-723.7542724609375,64.98551940917969,708.1184692382812,8.024837493896484,0.9014661312103271,0.027295783162117004,4.0,4.0,1,704.1201782226562,7.6937761306762695,8.519025296513929,21.191274642944336,8.334383964538574,0.2651174994147197,704.1201782226562,7.6937761306762695,701.9227010537406,7.6937761306762695,2.1974771689155674,0.0,0.0,1,3.2439409834684683,3.243846012972449,-0.024822335690259933,3.212134838104248,-0.025280872359871864,0.7921251654624939,0.040759533643722534,-1.2472311757018213,0.0,172.66276812062713,172.66276812062713,0.04440015453510266,3.607235908508301,-0.08343803137540817,0.013665873981977753,1.0,698.9437118096904,7.427795225244357,0,0,1,32.61963977725668,0.9554110526361164,0.17840138760914215,0.016190716872608313,-714.5679694448286,64.60583947984185,3.2439409834684967,3.2283255549768564,0.015615428491640326,0,6.635195887098978,nan
GT+smooth-jitter_controlled_forward3x6_SoftMS_local_prior_3frame_causal_heading_continuous_waypoint_RNN_polynomial_Kalman,1,controlled_gt_jitter,8.0,-716.9405431759321,67.88894076087544,0.6148157107866671,-3.7808514144175307,0,0,6,-718.065204494957,65.25309025879807,-717.5553588867188,71.66979217529297,-1,-718.065185546875,65.25308990478516,-718.065204494957,65.25309025879807,0.0,0,0.0,0.0,207,/yh/study/uav-sat/v36_GvsK/v36_training_data/routes/route_C/vi/vi_000207.jpg,-717.5553588867188,71.66979217529297,702.6636603787457,0.7206418794000155,0,3.5423276654353706,3.5423276654353706,1,3.5423276654353706,172.7072274930008,5.9217838560752384e-05,702.5002491474154,7.402720694851472,-718.1017752021597,65.00808745828174,6.684076639778287,6.121182951285075,1,0.0,0,0,0.48278720546130094,1.0,701.6511840820312,4.4149298667907715,1,1,6,18,1,172.66831903670996,-727.6145629882812,75.51490783691406,-727.708251953125,67.16160583496094,1,-727.708251953125,67.16160583496094,712.281005859375,6.280511856079102,0.7466632723808289,0.08030703663825989,4.0,4.0,1,708.2830810546875,5.968762397766113,7.688995884281394,20.989608764648438,8.287263870239258,0.48278720546130094,708.2830810546875,5.968762397766113,706.077913962434,5.968762397766113,2.205167092253534,0.0,0.0,1,3.556625727667477,3.5565373377249654,-0.025074530392885208,3.191805362701416,-0.024225708097219467,0.7864702939987183,0.04113997519016266,-1.2689214019065487,0.0,172.6410778944224,172.6410778944224,0.06614959857839095,3.584080457687378,-0.08304571360349655,0.06718845715071395,1.0,702.4898773066672,7.155220767971364,0,0,1,29.073474280279925,0.9602584325510399,0.1737830720785496,0.35052230273395457,-718.065204494957,65.25309025879807,3.556625727667489,3.5423276654353706,0.01429806223211827,0,6.436925199921868,nan
GT+smooth-jitter_controlled_forward3x6_SoftMS_local_prior_3frame_causal_heading_continuous_waypoint_RNN_polynomial_Kalman,1,controlled_gt_jitter,8.0,-720.01291055851,68.34173807466858,0.7428877813336606,-3.737630516640011,0,0,6,-721.2691289435322,65.73845486250138,-720.7557983398438,72.0793685913086,-1,-721.2691040039062,65.73845672607422,-721.2691289435322,65.73845486250138,0.0,0,0.0,0.0,208,/yh/study/uav-sat/v36_GvsK/v36_training_data/routes/route_C/vi/vi_000208.jpg,-720.7557983398438,72.0793685913086,705.889490251461,0.6529132593529563,0,3.226540799939659,3.226540799939659,1,3.226540799939659,172.7072098826278,-1.7610372988139736e-05,705.7302638781952,7.130613090958682,-721.2846932198023,65.62133341392827,6.479656483667023,6.84381707958902,1,0.0,0,0,0.3063779504931346,1.0,704.7542724609375,4.290637016296387,1,1,6,18,1,172.65878462623715,-732.3155517578125,80.30284881591797,-728.0236206054688,70.74458312988281,1,-728.0236206054688,70.74458312988281,712.9746704101562,2.7512130737304688,0.824647068977356,0.02689976990222931,4.0,4.0,1,708.9765014648438,2.423290729522705,3.558633813478915,21.07959747314453,8.309555053710938,0.3063779504931346,708.9765014648438,2.423290729522705,708.8228032420512,5.27508947264501,0.15369822279246925,-2.8517987431223046,0.0,1,3.2404800062192787,3.2403865715279925,-0.02460767701268196,3.202681541442871,-0.024083148688077927,0.7909989356994629,0.041494470089673996,-1.25162170667767,0.0,172.65837758965128,172.65837758965128,0.04883229297652409,3.5972495079040527,-0.08193083852529526,0.017918380470751432,1.0,705.7272129167179,7.01250139786379,0,0,1,25.83613867022916,0.9646836618945113,0.1622773347430666,0.023859258496787827,-721.2691289435322,65.73845486250138,3.2404800062191446,3.226540799939659,0.013939206279485639,0,6.361658213458101,nan
GT+smooth-jitter_controlled_forward3x6_SoftMS_local_prior_3frame_causal_heading_continuous_waypoint_RNN_polynomial_Kalman,1,controlled_gt_jitter,8.0,-723.1686694845955,68.81577263943635,0.8687450661857432,-3.690323246794117,0,0,6,-724.548314331648,66.27161592997732,-724.0374145507812,72.50609588623047,-1,-724.54833984375,66.27161407470703,-724.548314331648,66.27161592997732,0.0,0,0.0,0.0,209,/yh/study/uav-sat/v36_GvsK/v36_training_data/routes/route_C/vi/vi_000209.jpg,-724.0374145507812,72.50609588623047,709.1978583048237,0.5767426376722959,0,3.309244799062036,3.309244799062036,1,3.309244799062036,172.5910758347808,-0.11613404784701632,709.0493697629034,6.9881822110571115,-724.5699570764667,66.11508620789458,6.413158835569761,7.508438841418011,1,0.0,0,0,0.3515522988474742,1.0,707.9425048828125,4.154073715209961,1,1,6,18,1,172.65864215275994,-732.3155517578125,80.30284881591797,-731.3695678710938,72.47550964355469,1,-731.3695678710938,72.47550964355469,716.4854125976562,1.38502836227417,0.751131534576416,0.028796091675758362,4.0,4.0,1,712.4874877929688,1.0725544691085815,3.3267839637501173,20.998424530029297,8.28884506225586,0.3515522988474742,712.4874877929688,1.0725544691085815,712.266138584734,5.058120917958779,0.22134920823475746,-3.9855664488501974,0.0,1,3.322245856872183,3.322156846185539,-0.024319186806678772,3.195981740951538,-0.024184543639421463,0.7847822308540344,0.04123291000723839,-1.2751616334870017,0.0,172.63483766284196,172.63483766284196,0.04376182806116062,3.58740496635437,-0.08342261612415314,0.02063790617623828,1.0,709.0444554817789,6.830239778064526,0,0,1,22.51889610516821,0.9692181189006817,0.15340282304487118,0.11326305811049808,-724.548314331648,66.27161592997732,3.3222458568721818,3.309244799062036,0.0130010578101456,0,6.255378398707153,nan
GT+smooth-jitter_controlled_forward3x6_SoftMS_local_prior_3frame_causal_heading_continuous_waypoint_RNN_polynomial_Kalman,1,controlled_gt_jitter,8.0,-726.3257247270212,69.29365115192785,0.992268437041313,-3.639034700122934,0,0,6,-727.798028201316,66.95352907252555,-727.3179931640625,72.93268585205078,-1,-727.7980346679688,66.95352935791016,-727.798028201316,66.95352907252555,0.0,0,0.0,0.0,210,/yh/study/uav-sat/v36_GvsK/v36_training_data/routes/route_C/vi/vi_000210.jpg,-727.3179931640625,72.93268585205078,712.5051800469213,0.5005984907801047,0,3.308198155621411,3.308198155621411,1,3.308198155621411,172.59111712890876,4.129412796116972e-05,712.364855750162,6.805994646303691,-727.8474036566117,66.64798728197349,6.306957395317716,7.742680387946314,1,0.0,0,0,0.413150073770322,1.0,711.1324462890625,4.0138258934021,1,1,6,18,1,172.65031060263297,-732.345947265625,75.54469299316406,-735.8938598632812,71.70590209960938,1,-735.8938598632812,71.70590209960938,720.9025268554688,2.630277156829834,0.6882420182228088,0.03959950804710388,4.0,4.0,1,716.9044799804688,2.3148555755615234,4.758715023510994,21.078126907348633,8.307544708251953,0.413150073770322,716.9044799804688,2.3148555755615234,715.7510184530304,4.774297024582659,1.153461527438414,-2.459441449021136,0.0,1,3.320488784605755,3.320400268383091,-0.024245131760835648,3.2080578804016113,-0.02494891732931137,0.7910102009773254,0.04095559939742088,-1.2904870838806293,0.0,172.61951221244834,172.61951221244834,0.028395083539571774,3.602548599243164,-0.08562707155942917,0.03926044190912942,1.0,712.3481740392219,6.496938920131965,0,0,1,19.215177547725148,0.97373408945918,0.15700600769935136,0.10014027521979951,-727.798028201316,66.95352907252555,3.3204887846057236,3.308198155621411,0.012290628984312768,0,5.998395571411864,nan
GT+smooth-jitter_controlled_forward3x6_SoftMS_local_prior_3frame_causal_heading_continuous_waypoint_RNN_polynomial_Kalman,1,controlled_gt_jitter,8.0,-729.4873033063234,69.77567001826057,1.1133436663328298,-3.5838728284191146,0,0,6,-731.0449716108121,67.65981329305218,-730.6006469726562,73.35954284667969,-1,-731.0449829101562,67.6598129272461,-731.0449716108121,67.65981329305218,0.0,0,0.0,0.0,211,/yh/study/uav-sat/v36_GvsK/v36_training_data/routes/route_C/vi/vi_000211.jpg,-730.6006469726562,73.35954284667969,715.8145936021428,0.4244089806488104,0,3.3102904586967403,3.3102904586967403,1,3.3102904586967403,172.59116551675154,4.8387842778092684e-05,715.6709548262567,6.472306706494733,-731.0994435446887,67.33053787239422,6.049603210147776,7.94567187202262,1,0.0,0,0,0.39386441576842224,1.0,714.3273315429688,3.869940996170044,1,1,6,18,1,172.63953117674052,-732.345947265625,75.54469299316406,-736.0980224609375,71.85348510742188,1,-736.0980224609375,71.85348510742188,721.1211547851562,2.5051867961883545,0.7216958999633789,0.03924509882926941,4.0,4.0,1,717.1231689453125,2.1903791427612305,2.1979581529734817,21.03783416748047,8.298423767089844,0.39386441576842224,717.1231689453125,2.1903791427612305,717.1231689453125,4.472430420476836,0.0,-2.2820512777156052,0.0,1,3.322872086709846,3.3227807870346746,-0.02463221363723278,3.2006726264953613,-0.024388954043388367,0.7873021960258484,0.04119246453046799,-1.2652803774704031,0.0,172.64471891885856,172.64471891885856,0.053553402107019955,3.5933635234832764,-0.083159901201725,0.014474653935599338,1.0,715.6517233124118,6.139110603418805,0,0,1,15.911628274535246,0.9782498286170037,0.1628702897310177,0.109617832201379,-731.0449716108121,67.65981329305218,3.3228720867097996,3.3102904586967403,0.012581628013059287,0,5.717022071722932,nan
GT+smooth-jitter_controlled_forward3x6_SoftMS_local_prior_3frame_causal_heading_continuous_waypoint_RNN_polynomial_Kalman,1,controlled_gt_jitter,8.0,-732.4178577812739,70.22080221632746,1.231861457007331,-3.5249482109186334,0,0,6,-734.1939814785757,68.2409309264915,-733.6497192382812,73.7457504272461,-1,-734.1939697265625,68.24092864990234,-734.1939814785757,68.2409309264915,0.0,0,0.0,0.0,212,/yh/study/uav-sat/v36_GvsK/v36_training_data/routes/route_C/vi/vi_000212.jpg,-733.6497192382812,73.7457504272461,718.8874313196692,0.36385868718725844,0,3.0734342316520338,3.0734342316520338,1,3.0734342316520338,172.7811315650306,0.18996604827904537,718.8538102379184,6.1146121817199965,-734.226388425629,68.02388457943191,5.750851774478167,7.246789098025183,1,0.0,0,0,0.43735552746418865,1.0,717.28857421875,3.738224983215332,1,1,6,18,1,172.6413469398427,-746.5703125,70.87588500976562,-742.1013793945312,69.45284271240234,1,-742.1013793945312,69.45284271240234,726.8359375,5.529180526733398,0.8426558971405029,0.08325274288654327,4.0,4.0,1,722.8380126953125,5.216103553771973,6.257105836636961,21.020736694335938,8.295321464538574,0.43735552746418865,722.8380126953125,5.216103553771973,722.306537938445,5.216103553771973,0.5314747568675573,0.0,0.0,1,3.202180639996125,3.202086925506592,-0.02449842169880867,3.201430082321167,-0.02464347332715988,0.786787211894989,0.040993429720401764,-1.2825795390907528,0.0,172.62741975723821,172.62741975723821,0.1537118077923752,3.5938303470611572,-0.0846099704504013,0.05501647214736255,1.0,718.844612743866,5.895352670883192,0,0,1,12.718738843081042,0.9826143028959955,0.04281857580315318,0.12799585066913322,-734.1939814785757,68.2409309264915,3.202180639996166,3.0734342316520338,0.1287464083441323,0,5.531659707727721,nan
GT+smooth-jitter_controlled_forward3x6_SoftMS_local_prior_3frame_causal_heading_continuous_waypoint_RNN_polynomial_Kalman,1,controlled_gt_jitter,8.0,-735.3485105658443,70.66925611597445,1.3477174614994782,-3.4623738278732112,0,0,6,-737.2599854367413,68.84769186006281,-736.6962280273438,74.13162994384766,-1,-737.260009765625,68.84769439697266,-737.2599854367413,68.84769186006281,0.0,0,0.0,0.0,213,/yh/study/uav-sat/v36_GvsK/v36_training_data/routes/route_C/vi/vi_000213.jpg,-736.6962280273438,74.13162994384766,721.9576852231966,0.3033626456474418,0,3.0708498503130555,3.0708498503130555,1,3.0708498503130555,172.78119383030344,6.226527285624499e-05,721.9576852231966,5.870774470229996,-737.2868777387421,68.59563795117582,5.567411824582554,7.516114777464748,1,0.0,0,0,0.3299484612381831,1.0,720.250244140625,3.6032164096832275,1,1,6,18,1,172.63647242593112,-746.5703125,70.87588500976562,-746.0865478515625,71.5825424194336,1,-746.0865478515625,71.5825424194336,731.0245971679688,3.8342883586883545,0.7482463717460632,0.01951982080936432,4.0,4.0,1,727.0308227539062,3.537518262863159,6.01635163216549,19.090835571289062,7.878211975097656,0.3299484612381831,727.0308227539062,3.537518262863159,725.1150434916016,3.976359509186994,1.915779262304683,-0.4388412463238347,0.0,1,3.201819819424422,3.201725482940674,-0.02457820065319538,2.829880952835083,-0.01866675540804863,0.6733071208000183,0.03619992733001709,-1.0805015623067555,0.0,172.8294977340222,172.8294977340222,0.048303903718765806,3.1659607887268066,-0.06027863919734955,0.031123968640099236,1.0,721.9576852231966,5.617290015298119,0,0,1,9.605666363750515,0.9868696725404391,0.0,0.24096889747797245,-737.2599854367413,68.84769186006281,3.1254662215413194,3.0708498503130555,0.054616371228263905,0,5.313927369650674,nan
GT+smooth-jitter_controlled_forward3x6_SoftMS_local_prior_3frame_causal_heading_continuous_waypoint_RNN_polynomial_Kalman,1,controlled_gt_jitter,8.0,-738.2799714012197,71.12100048250733,1.4608122901865825,-3.396264837316885,0,0,6,-740.1505824460135,69.87853866632423,-739.7407836914062,74.51726531982422,-1,-740.1505737304688,69.8785400390625,-740.1505824460135,69.87853866632423,0.0,0,0.0,0.0,214,/yh/study/uav-sat/v36_GvsK/v36_training_data/routes/route_C/vi/vi_000214.jpg,-739.7407836914062,74.51726531982422,725.0259711232253,0.2429021588382119,0,3.068881528306304,3.068881528306304,1,3.068881528306304,172.78113367524966,-6.015505377918336e-05,725.0259711232253,5.595963108319035,-740.3086928033115,69.19441450757412,5.3530609494808195,6.033683727736867,1,0.0,0,0,0.5807342978155986,1.0,723.2130737304688,3.4650216102600098,1,1,6,18,1,172.7040313211156,-746.5399780273438,75.63404083251953,-746.0736694335938,71.45353698730469,1,-746.0736694335938,71.45353698730469,730.9981079101562,3.9611995220184326,0.7388492226600647,0.11776678264141083,4.0,4.0,1,727.0025634765625,3.654684066772461,3.942990377692756,19.595165252685547,7.988064765930176,0.5807342978155986,727.0025634765625,3.654684066772461,727.0025634765625,3.654684066772461,0.0,0.0,0.0,1,3.0689079829790398,3.068833878044099,-0.021326906979084015,2.921532154083252,-0.021064316853880882,0.7041003704071045,0.03681221604347229,-1.1241253402053923,0.0,172.78587395612357,172.78587395612357,0.004740280873908235,3.272900104522705,-0.0668802410364151,0.05275074151791734,1.0,724.9413321653251,4.898925809119026,0,0,1,6.622019421621985,0.9909481258085754,0.0846389579002107,0.14734937422305183,-740.1505824460135,69.87853866632423,3.0689079829790313,3.068881528306304,2.6454672727549422e-05,0,4.656792886222106,nan
GT+smooth-jitter_controlled_forward3x6_SoftMS_local_prior_3frame_causal_heading_continuous_waypoint_RNN_polynomial_Kalman,1,controlled_gt_jitter,8.0,-740.2576228067646,71.49206352436195,1.571051509641598,-3.3267383555208587,0,0,6,-742.3500708436593,69.93190031339361,-741.8286743164062,74.81880187988281,-1,-742.35009765625,69.93190002441406,-742.3500708436593,69.93190031339361,0.0,0,0.0,0.0,215,/yh/study/uav-sat/v36_GvsK/v36_training_data/routes/route_C/vi/vi_000215.jpg,-741.8286743164062,74.81880187988281,727.134068859399,0.16457276618064948,0,2.1095524546725213,2.1095524546725213,1,2.1095524546725213,171.78207140624133,-0.9990622690083327,727.134068859399,4.880027533512259,-742.328939445912,70.12995890288401,4.715454767331612,6.3357802479715035,1,0.0,0,0,0.289546169523038,1.0,725.2189331054688,3.3058629035949707,1,1,6,18,1,172.732676280721,-746.5703125,70.87588500976562,-750.9267578125,69.23322296142578,1,-750.9267578125,69.23322296142578,731.5633544921875,6.683849811553955,0.8061166405677795,0.016090363264083862,4.0,4.0,1,727.5669555664062,6.365148544311523,6.215668176587825,19.86737823486328,8.049662590026855,0.289546169523038,727.5669555664062,6.365148544311523,727.5669555664062,6.365148544311523,0.0,0.0,0.0,0,2.6369405683406515,2.636872847927979,-0.018898275606766407,2.95196795463562,-0.021722519770264626,0.7097783088684082,0.03706039488315582,-1.0649154975076096,0.0,172.84508379882135,172.84508379882135,1.0630123925800237,3.3062264919281006,-0.06465041637420654,0.0069482052533996605,1.0,727.134068859399,5.079210215595012,0,0,1,4.42928272754807,0.9939454556902833,0.0,0.8424154999630988,-742.3500708436593,69.93190031339361,2.2001356041745717,2.1095524546725213,0.09058314950205038,0,4.914637449414365,nan
GT+smooth-jitter_controlled_forward3x6_SoftMS_local_prior_3frame_causal_heading_continuous_waypoint_RNN_polynomial_Kalman,1,controlled_gt_jitter,8.0,-742.2423086658526,71.86701266171043,1.6783456310223075,-3.2539132416098777,0,0,6,-743.8030121746676,69.85003395563398,-743.920654296875,75.12092590332031,-1,-743.8030395507812,69.85003662109375,-743.8030121746676,69.85003395563398,0.0,0,0.0,0.0,216,/yh/study/uav-sat/v36_GvsK/v36_training_data/routes/route_C/vi/vi_000216.jpg,-743.920654296875,75.12092590332031,729.2462951969641,0.08609306742745625,0,2.113683790026336,2.113683790026336,1,2.113683790026336,171.78215532620578,8.391996444702094e-05,729.2462951969641,5.059996490075828,-744.4483383830673,70.17509283264226,4.973903422648375,5.546370238816845,1,0.0,0,0,0.5720521228349582,1.0,727.2322387695312,3.1435861587524414,1,1,6,18,1,172.7720189173922,-746.5399780273438,75.63404083251953,-750.8038330078125,69.88638305664062,1,-750.8038330078125,69.88638305664062,731.5633544921875,6.021334648132324,0.7305341958999634,0.11246460676193237,4.0,4.0,1,727.5670776367188,5.694681644439697,5.854574061435131,19.735408782958984,8.028251647949219,0.5720521228349582,727.5670776367188,5.694681644439697,727.5670776367188,5.694681644439697,0.0,0.0,0.0,0,2.6421047375329194,2.6420348742674786,-0.019213725519184034,2.8787729740142822,-0.02051989547908306,0.6885653734207153,0.03613099828362465,-1.0115517631308288,0.0,172.89844753319812,172.89844753319812,1.1162922069923573,3.2225098609924316,-0.05935381352901459,0.025203873917419427,1.0,728.5701252327391,5.314757884814578,0,0,1,2.993226354207991,0.9959084522923204,0.6761699642249823,0.7650891839879463,-743.8030121746676,69.85003395563398,1.4552458939591943,2.113683790026336,0.0,0,5.272204623599327,nan
GT+smooth-jitter_controlled_forward3x6_SoftMS_local_prior_3frame_causal_heading_continuous_waypoint_RNN_polynomial_Kalman,1,controlled_gt_jitter,8.0,-744.4329050477604,72.27444454436285,1.7826100889583059,-3.1779098867894926,0,0,6,-744.8582867377256,70.7022730783022,-746.2155151367188,75.45235443115234,-1,-744.8582763671875,70.7022705078125,-744.8582867377256,70.7022730783022,0.0,0,0.0,0.0,217,/yh/study/uav-sat/v36_GvsK/v36_training_data/routes/route_C/vi/vi_000217.jpg,-746.2155151367188,75.45235443115234,731.5633515869471,2.0247330389562075e-06,1,2.318670123866107,2.318670123866107,1,2.318670123866107,171.78204712778523,-0.00010819842055216846,731.4683878936005,5.29390818271641,-746.6827064595186,70.17824423459913,5.294762137951621,4.681407219447848,1,0.0,0,0,0.7170725765852725,1.0,733.6712036132812,-2.972154140472412,1,1,6,18,1,172.81626893826035,-751.1802978515625,89.93827819824219,-751.2589111328125,80.02801513671875,1,-751.2589111328125,80.02801513671875,731.5633544921875,4.0181708335876465,0.493057519197464,0.5737111568450928,4.0,9.046589851379395,1,727.5670776367188,3.7037441730499268,5.448675013187781,19.781898498535156,13.08232307434082,0.7170725765852725,727.5670776367188,3.7037441730499268,727.5670776367188,3.7037441730499268,0.0,0.0,0.0,0,2.898337654832634,2.8982626608613566,-0.020849702098168443,2.898728609085083,-0.01954510807991028,0.6886464357376099,0.037304434925317764,-0.9888485344948238,0.0,172.92115076183413,172.92115076183413,1.1391036340489145,3.242553234100342,-0.05686071515083313,0.20057447567310385,1.0,729.709858833007,4.579283040877817,0,0,1,1.8534927539400314,0.9974663947422744,1.8534927539400314,0.5800584852189759,-744.8582867377256,70.7022730783022,1.356435006052092,2.318670123866107,0.0,0,4.940176290956439,nan
GT+smooth-jitter_controlled_forward3x6_SoftMS_local_prior_3frame_causal_heading_continuous_waypoint_RNN_polynomial_Kalman,1,controlled_gt_jitter,8.0,-745.1349115464958,72.50930428826416,1.8837652113166448,-3.098850008610846,0,0,6,-744.6538805869159,71.15604235656457,-747.0186767578125,75.608154296875,-1,-744.6538696289062,71.15604400634766,-744.6538805869159,71.15604235656457,0.0,0,0.0,0.0,218,/yh/study/uav-sat/v36_GvsK/v36_training_data/routes/route_C/vi/vi_000218.jpg,-747.0186767578125,75.608154296875,731.5633515869471,0.07021689616205952,1,0.8181333557294546,0.8181333557294546,1,0.8181333557294546,169.02192562746347,-2.760121500321761,730.7325008567254,4.57217954204741,-745.8744038408581,70.81782913003487,4.925096518093553,4.272234868168075,1,0.0,0,0,0.7138404624498264,1.0,732.9483642578125,-2.8126509189605713,1,1,6,18,1,172.8529775765112,-751.1802978515625,89.93827819824219,-755.49560546875,80.08436584472656,1,-755.49560546875,80.08436584472656,731.5633544921875,3.627328872680664,0.5069890022277832,0.610761284828186,4.0,4.0,1,727.5667114257812,3.3150923252105713,5.883065643549072,20.065208435058594,8.095270156860352,0.7138404624498264,727.5667114257812,3.3150923252105713,727.5667114257812,3.3150923252105713,0.0,0.0,0.0,0,1.0226666946618181,1.0226420237184148,-0.00710349883040735,2.9791078567504883,-0.020743127912282944,0.718531608581543,0.03841172903776169,-1.0662653136423335,0.0,172.84373398268664,172.84373398268664,3.821808355223166,3.3377671241760254,-0.06366001069545746,0.14855810104652614,1.0,729.5547468800748,4.106389062864575,0,0,1,2.0086047068722337,0.9972543666894808,2.0086047068722337,2.160974501021034,-744.6538805869159,71.15604235656457,0.4976830641920713,0.8181333557294546,0.0,0,5.041186532845422,nan
GT+smooth-jitter_controlled_forward3x6_SoftMS_local_prior_3frame_causal_heading_continuous_waypoint_RNN_polynomial_Kalman,1,controlled_gt_jitter,8.0,-745.8408956556896,72.74725792920925,1.9817361802479316,-3.016856450673556,0,0,6,-744.4739024362877,70.9791198724719,-747.8226318359375,75.76411437988281,-1,-744.473876953125,70.97911834716797,-744.4739024362877,70.9791198724719,0.0,0,0.0,0.0,219,/yh/study/uav-sat/v36_GvsK/v36_training_data/routes/route_C/vi/vi_000219.jpg,-747.8226318359375,75.76411437988281,731.5633515869471,0.14050739886075123,1,0.8189428033353603,0.8189428033353603,1,0.8189428033353603,169.02149292955366,-0.0004326979098041055,730.5784006230235,4.099269059688516,-745.6710019486603,71.27172215333684,4.981074089888154,3.846340839400595,1,0.0,0,0,0.8277592176293794,1.0,732.22119140625,-2.6504902839660645,1,1,6,18,1,172.84974230800043,-751.1802978515625,89.93827819824219,-754.9671630859375,81.23838806152344,1,-754.9671630859375,81.23838806152344,731.5633544921875,4.830652713775635,0.2994688153266907,0.7960271835327148,4.0,4.2439093589782715,1,727.566162109375,4.505513668060303,7.297549552806313,20.28887367248535,8.38801383972168,0.8277592176293794,727.566162109375,4.505513668060303,727.566162109375,4.505513668060303,0.0,0.0,0.0,0,1.0236785041692005,1.023653742948691,-0.007120003176058688,3.006028413772583,-0.021678593009710312,0.7244437336921692,0.03835420310497284,-1.0497381768416065,0.0,172.86026111948735,172.86026111948735,3.8387681899336967,3.3676393032073975,-0.06420864164829254,0.1505463379216857,1.0,729.3570146393878,4.263219101677005,0,0,1,2.2063369475592935,0.9969840794474283,2.2063369475592935,2.1870856104372227,-744.4739024362877,70.9791198724719,0.25237610838001984,0.8189428033353603,0.0,0,5.840390485920546,nan
GT+smooth-jitter_controlled_forward3x6_SoftMS_local_prior_3frame_causal_heading_continuous_waypoint_RNN_polynomial_Kalman,1,controlled_gt_jitter,8.0,-746.5492184017874,72.98783836927952,2.076452984931371,-2.932052988142365,0,0,6,-745.2890685784388,71.22200902039737,-748.6256713867188,75.91989135742188,-1,-745.2890625,71.22200775146484,-745.2890685784388,71.22200902039737,0.0,0,0.0,0.0,220,/yh/study/uav-sat/v36_GvsK/v36_training_data/routes/route_C/vi/vi_000220.jpg,-748.6256713867188,75.91989135742188,731.5633515869471,0.2107123855178975,1,0.8180091606150615,0.8180091606150615,1,0.8180091606150615,169.0218712093914,0.00037827983773837425,730.3795003355061,4.255961816594984,-745.489847778793,71.09481225768043,5.754544119110245,4.406480513631504,1,0.0,0,0,0.5472370283639804,1.0,731.5633544921875,-2.48596453666687,1,1,6,18,1,172.85342388668477,-760.7643432617188,70.96521759033203,-756.94482421875,73.23851776123047,1,-756.94482421875,73.23851776123047,731.5633544921875,-3.333191156387329,0.8099043369293213,0.18096134066581726,4.0,4.0,1,727.5658569335938,-3.664426565170288,7.3115916386246385,20.406274795532227,8.170541763305664,0.5472370283639804,727.5658569335938,-3.664426565170288,727.5658569335938,2.0030207197944163,0.0,-5.667447284964704,0.0,0,1.0225114507688269,1.0224856961183415,-0.007257285082020753,3.027379035949707,-0.02207311987876892,0.7300111055374146,0.03863758593797684,-1.032315431485962,0.0,172.877683864843,172.877683864843,3.8558126554516035,3.391784429550171,-0.06387219578027725,0.04135010364337802,1.0,730.1933486106255,4.108182118853554,0,0,1,1.3700029763215298,0.9981272941388472,1.3700029763215298,2.2093698753346454,-745.2890685784388,71.22200902039737,0.8505827281866082,0.8180091606150615,0.032573567571546724,0,5.762205892950078,nan
GT+smooth-jitter_controlled_forward3x6_SoftMS_local_prior_3frame_causal_heading_continuous_waypoint_RNN_polynomial_Kalman,1,controlled_gt_jitter,8.0,-746.0729943601076,73.04563361448041,2.167850366454857,-2.844564139425848,0,0,6,-745.6188526160068,71.35396302024951,-748.2408447265625,75.89019775390625,-1,-745.6188354492188,71.35396575927734,-745.6188526160068,71.35396302024951,0.0,0,0.0,0.0,221,/yh/study/uav-sat/v36_GvsK/v36_training_data/routes/route_C/vi/vi_000221.jpg,-748.2408447265625,75.89019775390625,731.5633515869471,0.2217751723333318,1,0.38597055387264595,0.38597055387264595,1,0.38597055387264595,-4.412255959650077,-12.000000000000002,730.6757992810731,4.104706122820131,-745.768427755825,71.27664885036796,5.234279240022476,5.128233288550872,1,0.0,0,0,0.42568473238114274,1.0,731.9589233398438,-2.378260374069214,1,1,6,18,1,172.86191487904014,-760.7643432617188,70.96521759033203,-756.555419921875,72.29965209960938,1,-756.555419921875,72.29965209960938,731.5633544921875,-4.225746154785156,0.851269006729126,0.08047930896282196,4.0,4.0,1,727.5984497070312,-4.462539196014404,7.368764546669689,15.633546829223633,7.180077075958252,0.42568473238114274,727.5984497070312,-4.462539196014404,727.5984497070312,2.0523263143912454,0.0,-6.51486551040565,0.0,0,0.48246319234080737,0.4824506704475169,-0.0034759960334223893,1.7582255601882935,-0.010651882737874985,0.308811217546463,0.01334449090063572,-0.2729171770390787,0.0,173.6370821192899,173.6370821192899,178.04933807893997,1.912590503692627,-0.013089999556541443,0.02267673036381535,1.0,730.5352705742233,4.011959770507859,0,0,1,1.02808101272376,0.9985946794484803,1.02808101272376,1.3722550063156476,-745.6188526160068,71.35396302024951,0.3552032791398069,0.38597055387264595,0.0,0,5.239491214483514,nan
GT+smooth-jitter_controlled_forward3x6_SoftMS_local_prior_3frame_causal_heading_continuous_waypoint_RNN_polynomial_Kalman,1,controlled_gt_jitter,8.0,-745.6004554869081,73.10600442484072,2.255867755279388,-2.7545149843389733,0,0,6,-746.0352084657638,71.43700173879964,-747.8563232421875,75.86051940917969,-1,-746.0352172851562,71.43700408935547,-746.0352084657638,71.43700173879964,0.0,0,0.0,0.0,222,/yh/study/uav-sat/v36_GvsK/v36_training_data/routes/route_C/vi/vi_000222.jpg,-747.8563232421875,75.86051940917969,731.5633515869471,0.2328209434859947,1,0.3856651087299213,0.3856651087299213,1,0.3856651087299213,-4.413483734733082,-0.00122777508300499,731.0173410532391,4.0087169469372625,-746.0978584849735,71.40833065895883,4.786876118091729,6.016764077485779,1,0.0,0,0,0.2536377089059726,1.0,732.4224243164062,-2.2683839797973633,1,1,6,18,1,173.13322343980798,-760.7643432617188,70.96521759033203,-756.463134765625,72.5599365234375,1,-756.463134765625,72.5599365234375,731.5633544921875,-3.957179307937622,0.8316664695739746,0.0073479413986206055,4.0,4.0,1,727.5980224609375,-4.186314105987549,6.888400435927851,15.556218147277832,7.164301872253418,0.2536377089059726,727.5980224609375,-4.186314105987549,728.0698373537476,2.2402147272424076,-0.471814892810154,-6.426528833229956,0.0,0,0.4820813859124017,0.48207047901578876,-0.003242823570596586,1.7402609586715698,-0.01372089609503746,0.2618368864059448,0.010328925214707851,-0.020813454030880026,0.0,173.88918584229808,173.88918584229808,178.30266957703117,1.8711761236190796,-0.009236162528395653,0.006429791201641825,1.0,730.9580863312883,3.973561098878566,0,0,1,0.6052652556587645,0.9991726413654459,0.6052652556587645,1.3545958499416484,-746.0352084657638,71.43700173879964,0.4245557942194619,0.3856651087299213,0.038890685489540555,0,4.783719014435644,nan
GT+smooth-jitter_controlled_forward3x6_SoftMS_local_prior_3frame_causal_heading_continuous_waypoint_RNN_polynomial_Kalman,1,controlled_gt_jitter,8.0,-745.1311694505918,73.16880244601597,2.3404492017520324,-2.662030989042623,0,0,6,-746.0696102864076,71.695495936022,-747.4716186523438,75.8308334350586,-1,-746.069580078125,71.69549560546875,-746.0696102864076,71.695495936022,0.0,0,0.0,0.0,223,/yh/study/uav-sat/v36_GvsK/v36_training_data/routes/route_C/vi/vi_000223.jpg,-747.4716186523438,75.8308334350586,731.5633515869471,0.24387844140331885,1,0.3858482583948853,0.3858482583948853,1,0.3858482583948853,-4.412520925695121,0.0009628090379612983,731.4403838719638,3.9700496996561885,-746.5144116216267,71.49166052654061,4.443497139604189,6.632241971202227,1,0.0,0,0,0.4762871043718234,1.0,732.8825073242188,-2.1564369201660156,1,1,6,18,1,173.39781024065888,-756.0330200195312,70.93544006347656,-756.2818603515625,73.47189331054688,1,-756.2818603515625,73.47189331054688,731.5633544921875,-3.031189441680908,0.8588229417800903,0.1023821234703064,4.0,4.0,1,727.6032104492188,-3.2440271377563477,6.0465739009220725,15.37627124786377,7.12560510635376,0.4762871043718234,727.6032104492188,-3.2440271377563477,727.8805943349413,1.8341759774426798,-0.2773838857225668,-5.0782031151990275,0.0,0,0.48231032299360654,0.4822975406755649,-0.0035113992223773692,1.7249680757522583,-0.008767209015786648,0.246746227145195,0.013592176139354706,0.3212225160052303,0.0,174.23122181233418,174.23122181233418,178.64374273802932,1.8483232259750366,0.008391378447413445,0.040843051822977115,1.0,731.0197177926236,3.7201754279441017,0,0,1,0.5436337943234548,0.999256887604957,0.5436337943234548,1.339119817357373,-746.0696102864076,71.695495936022,0.26077334077938263,0.3858482583948853,0.0,0,4.36653680725276,nan
GT+smooth-jitter_controlled_forward3x6_SoftMS_local_prior_3frame_causal_heading_continuous_waypoint_RNN_polynomial_Kalman,1,controlled_gt_jitter,8.0,-743.9985616803268,73.01136018443573,2.4215433001419564,-2.5672378380252057,0,0,6,-745.9934128870358,72.04421673164624,-746.4201049804688,75.57859802246094,-1,-745.993408203125,72.04421997070312,-745.9934128870358,72.04421673164624,0.0,0,0.0,0.0,224,/yh/study/uav-sat/v36_GvsK/v36_training_data/routes/route_C/vi/vi_000224.jpg,-746.4201049804688,75.57859802246094,731.5633515869471,0.10396165466953099,1,1.0813434724953745,1.0813434724953745,1,1.0813434724953745,-13.489145148110111,-9.076624222414992,731.5633515869471,3.7118589250378022,-746.6092937671611,71.7614399058212,3.8218435975898757,7.041672063089693,1,0.0,0,0,0.4648378552830592,1.0,734.025390625,-2.193535566329956,1,1,6,18,1,173.68950427473698,-751.2106323242188,85.18013000488281,-751.3924560546875,74.41389465332031,1,-751.3924560546875,74.41389465332031,731.5633544921875,-1.5787183046340942,0.8555678129196167,0.09708629548549652,4.0,4.0,1,727.5997314453125,-1.784468412399292,4.505643806353851,15.727214813232422,7.199516296386719,0.4648378552830592,727.5997314453125,-1.784468412399292,728.0350474849187,1.5948764638207544,-0.43531603960616483,-3.3793448762200464,0.0,0,1.3516793406192182,1.3516537558251425,-0.008316502906299672,1.851488709449768,-0.002456529764458537,0.32434993982315063,0.021927043795585632,0.5609475349989858,0.0,174.47094683132795,174.47094683132795,172.03990802056197,2.013484001159668,0.028220806270837784,0.047078266943583504,1.0,730.980946391784,3.3653388240702133,1,0,1,0.5824051951631191,0.9992038895963012,0.5824051951631191,0.7701452369543935,-745.9934128870358,72.04421673164624,0.3569485074514782,1.0813434724953745,0.0,0,3.5600445575103605,nan
GT+smooth-jitter_controlled_forward3x6_SoftMS_local_prior_3frame_causal_heading_continuous_waypoint_RNN_polynomial_Kalman,1,controlled_gt_jitter,8.0,-742.8685726745648,72.85588008406006,2.4991031066852223,-2.4702612733618157,0,0,6,-746.3717563777318,72.63714607910642,-745.36767578125,75.32614135742188,-1,-746.3717651367188,72.63714599609375,-746.3717563777318,72.63714607910642,0.0,0,0.0,0.0,225,/yh/study/uav-sat/v36_GvsK/v36_training_data/routes/route_C/vi/vi_000225.jpg,-745.36767578125,75.32614135742188,732.4197593162792,-0.03607858228077136,1,1.082285353818883,1.082285353818883,1,1.082285353818883,-13.489229430486656,-8.428237654460203e-05,732.3337948120881,3.3606079139956604,-745.80589021169,72.02944447643091,3.32569424514362,7.082675514753083,1,0.0,0,0,0.5826299922502414,1.0,735.1654663085938,-2.228959321975708,1,1,6,18,1,173.9629017407415,-746.5399780273438,75.63404083251953,-750.3822021484375,72.7214584350586,1,-750.3822021484375,72.7214584350586,731.5633544921875,-3.15515398979187,0.7455534934997559,0.17300604283809662,4.0,4.0,1,727.665283203125,-3.2767598628997803,4.49699553469629,14.295698165893555,6.891436576843262,0.5826299922502414,727.665283203125,-3.2767598628997803,728.4815623333999,1.049268426782762,-0.8162791302748942,-4.326028289682542,0.0,0,1.3528566922736038,1.3528484203041162,-0.004730910074553127,1.668696641921997,-0.013152026571333408,0.34052029252052307,0.009956198744475842,0.5973965193396416,0.0,174.50739581566862,174.50739581566862,172.00337475384475,1.838942050933838,0.011000118218362331,0.07283163863927263,1.0,731.4200588842593,2.8158943528234914,1,0,1,0.14329270268774508,0.9998041281013095,0.9997004320198357,0.586411288103114,-746.3717563777318,72.63714607910642,0.7033555345851672,1.082285353818883,0.0,0,2.870343786209952,nan
GT+smooth-jitter_controlled_forward3x6_SoftMS_local_prior_3frame_causal_heading_continuous_waypoint_RNN_polynomial_Kalman,1,controlled_gt_jitter,8.0,-741.7428929517753,72.70264085639334,2.573086052131032,-2.371226941458221,0,0,6,-746.389818833404,73.3424439683636,-744.3159790039062,75.07386779785156,-1,-746.3898315429688,73.34244537353516,-746.389818833404,73.3424439683636,0.0,0,0.0,0.0,226,/yh/study/uav-sat/v36_GvsK/v36_training_data/routes/route_C/vi/vi_000226.jpg,-744.3159790039062,75.07386779785156,733.492198658207,-0.17601398958986017,1,1.081530425061406,1.081530425061406,1,1.081530425061406,-13.488847592695976,0.00038183779068041144,732.7719492093504,2.8080589717666418,-745.311566354224,72.53266014344177,2.729272891255788,6.809582270791546,1,0.0,0,0,0.6171987699306384,1.0,736.301025390625,-2.2626094818115234,1,1,6,18,1,174.1532811325641,-746.5399780273438,75.63404083251953,-750.5284423828125,73.13084411621094,1,-750.5284423828125,73.13084411621094,731.5633544921875,-2.763477087020874,0.6827011704444885,0.14585405588150024,4.0,4.0,1,727.634521484375,-2.895673990249634,3.6643510935640946,14.717645645141602,6.981245517730713,0.6171987699306384,727.634521484375,-2.895673990249634,728.8246525920412,0.4396810013810879,-1.19013110766614,-3.3353549916307212,0.0,0,1.3519130313267573,1.3518903250910541,-0.007835381056849621,1.7518072128295898,-0.017269901931285858,0.35130512714385986,0.009114769287407398,0.6156492394011486,0.0,174.5256480674619,174.5256480674619,171.98550433984215,1.9274849891662598,0.007998576387763023,0.0947870776712199,1.0,731.6138583648043,2.1165241975432414,1,1,2,186.54086708174646,0.00027068120466925235,1.8783402934027436,0.6702767877681839,-746.389818833404,73.3424439683636,0.7055291382328195,1.081530425061406,0.0,0,2.7015995476254324,nan
GT+smooth-jitter_controlled_forward3x6_SoftMS_local_prior_3frame_causal_heading_continuous_waypoint_RNN_polynomial_Kalman,1,controlled_gt_jitter,8.0,-740.4023225178975,72.53634985996585,2.643453849289992,-2.270260247456027,0,0,6,-745.7840471763559,73.94260692708319,-743.0457763671875,74.80661010742188,-1,-745.7840576171875,73.9426040649414,-745.7840471763559,73.94260692708319,0.0,0,0.0,0.0,227,/yh/study/uav-sat/v36_GvsK/v36_training_data/routes/route_C/vi/vi_000227.jpg,-743.0457763671875,74.80661010742188,734.78350545055,-0.30780237857048265,1,1.298014411099151,1.298014411099151,1,1.298014411099151,-11.882032429444129,1.6068151632518477,733.2363240576271,2.1034941953038575,-744.7750398883467,73.18426795367482,2.3711487489055685,6.598784651756193,1,0.0,0,0,0.6098245637452975,1.0,737.6516723632812,-2.286571979522705,1,1,6,18,1,174.2832763162662,-746.5399780273438,75.63404083251953,-750.5223388671875,72.63201904296875,1,-750.5223388671875,72.63201904296875,731.5633544921875,-3.258875608444214,0.6961088180541992,0.1415219008922577,4.0,4.0,1,727.6093139648438,-3.4265992641448975,3.803847026640588,15.314373970031738,7.107771873474121,0.6098245637452975,727.6093139648438,-3.4265992641448975,729.3093065073276,-0.2527163348758834,-1.699992542483825,-3.1738829292690145,0.0,0,1.6225180138739388,1.6224656928228323,-0.013030002239383937,1.862093448638916,-0.019709477201104164,0.3610314130783081,0.01039099134504795,0.6107682154655282,0.0,174.52070451986788,174.52070451986788,173.59726305068799,2.0426478385925293,0.007260473445057869,0.09628094748708843,1.0,732.1525414086523,1.4558134556147104,1,1,2,186.00218403789847,0.0031576476956995474,2.630964041897755,0.5640790375397651,-745.7840471763559,73.94260692708319,0.8527337670702586,1.298014411099151,0.0,0,2.871346116367568,nan
GT+smooth-jitter_controlled_forward3x6_SoftMS_local_prior_3frame_causal_heading_continuous_waypoint_RNN_polynomial_Kalman,1,controlled_gt_jitter,8.0,-739.065767545317,72.37193486409623,2.7101723960891633,-2.1674862174467364,0,0,6,-745.4144187827482,74.54473746591042,-741.7759399414062,74.53942108154297,-1,-745.4144287109375,74.54473876953125,-745.4144187827482,74.54473746591042,0.0,0,0.0,0.0,228,/yh/study/uav-sat/v36_GvsK/v36_training_data/routes/route_C/vi/vi_000228.jpg,-741.7759399414062,74.53942108154297,736.0744408322134,-0.43956111323547226,1,1.2976419089221105,1.2976419089221105,1,1.2976419089221105,-11.882394867164843,-0.00036243772071483136,733.7745210026145,1.4404466018881625,-744.1695058516243,73.78680607811718,2.5091008568687707,6.0904853120143105,1,0.0,0,0,0.5901158885991946,1.0,738.9981079101562,-2.3090927600860596,1,1,6,18,1,174.36584030992177,-741.7479248046875,85.12056732177734,-745.9472045898438,75.20838928222656,1,-745.9472045898438,75.20838928222656,731.8558959960938,-0.21430133283138275,0.7319427728652954,0.18712088465690613,4.0,4.0,1,727.8959350585938,-0.3940301537513733,1.1842670354159612,15.568253517150879,7.1600117683410645,0.5901158885991946,727.8959350585938,-0.3940301537513733,729.9017023089667,-0.3940301537513733,-2.0057672503729704,0.0,0.0,0,1.622052386152638,1.621979593962271,-0.015366853726547856,1.9255727529525757,-0.013876551762223244,0.3770785927772522,0.016609786078333855,0.7292013477960221,0.0,174.63905657292437,174.63905657292437,173.47854855991082,2.114011764526367,0.021334296092391014,0.1111915782339485,1.0,732.4562039566433,0.8180540335749527,1,1,2,185.69852148990742,0.004785067772575858,3.618236875570119,0.6279308440304652,-745.4144187827482,74.54473746591042,0.7065311989922338,1.2976419089221105,0.0,0,3.638482725372692,nan
GT+smooth-jitter_controlled_forward3x6_SoftMS_local_prior_3frame_causal_heading_continuous_waypoint_RNN_polynomial_Kalman,1,controlled_gt_jitter,8.0,-737.7335021925448,72.20933238675981,2.7732116746426505,-2.0630293686112777,0,0,6,-745.2062319989514,74.63919839178051,-740.5067138671875,74.2723617553711,-1,-745.2062377929688,74.63919830322266,-745.2062319989514,74.63919839178051,0.0,0,0.0,0.0,229,/yh/study/uav-sat/v36_GvsK/v36_training_data/routes/route_C/vi/vi_000229.jpg,-740.5067138671875,74.2723617553711,737.3647555866111,-0.5712552503711096,1,1.297017930166008,1.297017930166008,1,1.297017930166008,-11.88233978046786,5.508669698399802e-05,734.0774219583955,0.8047714509422847,-743.8008494017556,74.3869437439107,3.296127720857012,5.576843387354957,1,0.0,0,0,0.6550986157691852,1.0,740.340087890625,-2.330263376235962,1,1,6,18,1,174.46094102895123,-741.7479248046875,85.12056732177734,-745.79443359375,76.16089630126953,1,-745.79443359375,76.16089630126953,731.9073486328125,0.7490062117576599,0.613792359828949,0.3725823163986206,4.0,4.0,1,727.9241333007812,0.5119481682777405,2.163254566557952,17.041202545166016,7.471778869628906,0.6550986157691852,727.9241333007812,0.5119481682777405,730.0259007650302,0.5119481682777405,-2.1017674642489528,0.0,0.0,0,1.6212724127075102,1.6212180017520894,-0.013282582632667949,2.2671074867248535,-0.015971684828400612,0.5081988573074341,0.024343103170394897,0.41740662727952504,0.0,174.3271916280207,174.3271916280207,173.79046859151146,2.521167755126953,0.014567099511623383,0.1209421214905562,1.0,732.6531950291553,0.702160896747685,1,1,2,185.50153041739543,0.005840802924942618,4.711560557455755,0.9700895565588454,-745.2062319989514,74.63919839178051,0.22861453029913284,1.297017930166008,0.0,0,4.7138137201834125,nan
GT+smooth-jitter_controlled_forward3x6_SoftMS_local_prior_3frame_causal_heading_continuous_waypoint_RNN_polynomial_Kalman,1,controlled_gt_jitter,8.0,-735.971226325809,72.237383385283,2.8325456468472345,-1.95701358737326,0,0,6,-744.4993989535028,74.59806799728804,-738.8037719726562,74.19439697265625,-1,-744.4993896484375,74.59806823730469,-744.4993989535028,74.59806799728804,0.0,0,0.0,0.0,230,/yh/study/uav-sat/v36_GvsK/v36_training_data/routes/route_C/vi/vi_000230.jpg,-738.8037719726562,74.19439697265625,739.0664214213366,-0.46916220251240237,1,1.7047256681042424,1.7047256681042424,1,1.7047256681042424,-2.6213084013811767,9.261031379086683,734.7436529454151,0.6864653024965292,-743.1257899908247,74.43431018090767,4.328671631905852,5.205333119978663,1,0.0,0,0,0.7018162475860492,1.0,742.089599609375,-2.116487503051758,1,1,6,18,1,174.41307696207943,-741.7479248046875,85.12056732177734,-745.70068359375,76.28536224365234,1,-745.70068359375,76.28536224365234,731.9874267578125,0.8826664090156555,0.5288512110710144,0.5083245038986206,4.0,4.0,1,728.0006103515625,0.6320037245750427,3.9441728946354417,17.390247344970703,7.545560836791992,0.7018162475860492,728.0006103515625,0.6320037245750427,730.5636582645534,0.6320037245750427,-2.5630479129909434,0.0,0.0,0,2.09051683832779,2.0904579162597656,-0.015695594251155853,2.3254358768463135,-0.019152963533997536,0.5141472220420837,0.02335295081138611,0.29580772894915663,0.0,174.20522440669464,174.20522440669464,176.82653280807583,2.5825135707855225,0.0058565810322761536,0.14280047909681864,1.0,733.3604068955289,0.668506507238701,1,1,2,184.7943185510219,0.009630966702318876,5.7060145258077455,0.6207102087420711,-744.4993989535028,74.59806799728804,0.7080287165709981,1.7047256681042424,0.0,0,5.709913922387493,nan
GT+smooth-jitter_controlled_forward3x6_SoftMS_local_prior_3frame_causal_heading_continuous_waypoint_RNN_polynomial_Kalman,1,controlled_gt_jitter,8.0,-734.2142038100178,72.26694646826387,2.8881521470134257,-1.8495620156228498,0,0,6,-742.8407958170276,74.80759479605716,-737.1023559570312,74.11650848388672,-1,-742.8408203125,74.8075942993164,-742.8407958170276,74.80759479605716,0.0,0,0.0,0.0,231,/yh/study/uav-sat/v36_GvsK/v36_training_data/routes/route_C/vi/vi_000231.jpg,-737.1023559570312,74.11650848388672,740.7665618417305,-0.3671542329675537,1,1.7031978965780963,1.7031978965780963,1,1.7031978965780963,-2.621092135824729,0.00021626555644746047,735.4893373668508,0.6516289238665519,-742.380580431956,74.39029782527984,5.285320634659267,5.450713017659803,1,0.0,0,0,0.5153037788308039,1.0,743.8336791992188,-1.9017622470855713,1,1,6,18,1,174.33880562230829,-737.0772705078125,75.57447814941406,-741.667724609375,71.71675109863281,1,-741.667724609375,71.71675109863281,736.4797973632812,-3.2350709438323975,0.7518429756164551,0.09445320069789886,4.0,4.0,1,732.49072265625,-3.4965603351593018,9.131374344015603,17.700307846069336,7.610782623291016,0.5153037788308039,732.49072265625,-3.4965603351593018,732.49072265625,-1.5486223112042747,0.0,-1.947938023955027,0.0,0,2.12899737072262,2.1289304713220076,-0.016877583372149056,2.3914294242858887,-0.01955261081457138,0.5316483378410339,0.024788565933704376,0.20939799190312042,0.0,174.1172048169487,174.1172048169487,176.73829695277345,2.657262086868286,0.002553121652454138,0.06490980261187225,1.0,734.987425276277,0.28520230431446986,1,1,2,183.16730017027373,0.018350653722643655,5.779136565453541,0.6882315277077924,-742.8407958170276,74.80759479605716,1.671785226555097,1.7031978965780963,0.0,0,5.779904178934464,nan
GT+smooth-jitter_controlled_forward3x6_SoftMS_local_prior_3frame_causal_heading_continuous_waypoint_RNN_polynomial_Kalman,1,controlled_gt_jitter,8.0,-732.4604999232726,72.29780016189383,2.940012772039916,-1.7407969450397582,0,0,6,-741.183757156182,74.94691007863044,-735.4005126953125,74.0385971069336,-1,-741.1837768554688,74.94690704345703,-741.183757156182,74.94691007863044,0.0,0,0.0,0.0,232,/yh/study/uav-sat/v36_GvsK/v36_training_data/routes/route_C/vi/vi_000232.jpg,-735.4005126953125,74.0385971069336,742.4671295390841,-0.2651239588618098,1,1.703625742384825,1.703625742384825,1,1.703625742384825,-2.6212039934446336,-0.00011185761990452307,737.1168881336669,0.2680198698585625,-740.7214087556121,74.60007087684389,5.3504380828871065,5.811656997875921,1,0.0,0,0,0.4434511886871234,1.0,745.5743408203125,-1.6861034631729126,1,1,6,18,1,174.2573438271422,-737.0772705078125,75.57447814941406,-741.8359375,71.66265869140625,1,-741.8359375,71.66265869140625,736.3182373046875,-3.3066043853759766,0.7303707599639893,0.060988277196884155,4.0,4.0,1,732.3268432617188,-3.596137046813965,10.8484875731129,18.00261116027832,7.676253318786621,0.4434511886871234,732.3268432617188,-3.596137046813965,733.6473973647772,-1.813674591475191,-1.3205541030585226,-1.782462455338774,0.0,0,2.129532177981031,2.1294628573898167,-0.01718243445590736,2.429790496826172,-0.01877254992723465,0.5429478883743286,0.026448864489793777,0.13640035848882234,0.0,174.0411593050026,174.0411593050026,176.66236329844722,2.7012698650360107,0.0008826171979308128,0.05945909358290431,1.0,736.62031918829,-0.02811702809718536,1,1,2,181.5344062582608,0.027101829504443616,5.846810350794158,0.726164754441347,-741.183757156182,74.94691007863044,1.6628848040364974,1.703625742384825,0.0,0,5.85413947124,nan
GT+smooth-jitter_controlled_forward3x6_SoftMS_local_prior_3frame_causal_heading_continuous_waypoint_RNN_polynomial_Kalman,1,controlled_gt_jitter,8.0,-729.9943091053631,72.29284344699059,2.9881127696368788,-1.6308397195133235,0,0,6,-738.7362874781812,75.57675898962916,-732.982421875,73.9236831665039,-1,-738.7362670898438,75.5767593383789,-738.7362874781812,75.57675898962916,0.0,0,0.0,0.0,233,/yh/study/uav-sat/v36_GvsK/v36_training_data/routes/route_C/vi/vi_000233.jpg,-732.982421875,73.9236831665039,744.8838522621023,-0.12434147049035592,1,2.4208197844913317,2.4208197844913317,1,2.4208197844913317,-2.7207969002260803,-0.09959290678144668,739.508556035927,-0.04684462494638847,-738.3096326026988,74.66088518521907,5.377977403606943,4.697987886318105,1,0.0,0,0,0.7584361614621058,1.0,748.02734375,-1.4309035539627075,1,1,6,18,1,174.16924539361906,-732.345947265625,75.54469299316406,-735.5209350585938,72.83909606933594,1,-735.5209350585938,72.83909606933594,742.473876953125,-1.4706356525421143,0.42590591311454773,0.6161097288131714,4.0,4.0,1,738.4813842773438,-1.7580585479736328,6.672067429692647,18.33839988708496,7.74538516998291,0.7584361614621058,738.4813842773438,-1.7580585479736328,738.4813842773438,-1.7580585479736328,0.0,0.0,0.0,0,2.8882975627403673,2.888236847637015,-0.01872759684920311,2.5172386169433594,-0.018818099051713943,0.5750070214271545,0.028579583391547203,-0.0002384162907157576,0.0,173.89498781807217,173.89498781807217,176.61578471829824,2.8047420978546143,-0.004539978224784136,0.04523627445995024,1.0,738.9869232141796,-0.9126069743909864,1,1,2,179.16780223237117,0.03978518124218424,5.896929047922754,0.09641883245202765,-738.7362874781812,75.57675898962916,2.5272153599207434,2.4208197844913317,0.10639557542941169,0,5.986620837874508,nan
GT+smooth-jitter_controlled_forward3x6_SoftMS_local_prior_3frame_causal_heading_continuous_waypoint_RNN_polynomial_Kalman,1,controlled_gt_jitter,8.0,-727.5282890553713,72.28879073376447,3.0324409250974553,-1.519810645630055,0,0,6,-737.2738533766512,75.58685114382206,-730.5607299804688,73.80860137939453,-1,-737.2738647460938,75.58685302734375,-737.2738533766512,75.58685114382206,0.0,0,0.0,0.0,234,/yh/study/uav-sat/v36_GvsK/v36_training_data/routes/route_C/vi/vi_000234.jpg,-730.5607299804688,73.80860137939453,747.3041736753698,0.01665394163778392,1,2.424424766777192,2.424424766777192,1,2.424424766777192,-2.720719337773646,7.756245243456358e-05,741.8827740365098,-0.9313843485691575,-735.853751185007,75.28989079608922,5.49638897893002,4.222152506292835,1,0.0,0,0,0.7475995929873362,1.0,750.47998046875,-1.1748228073120117,1,1,6,18,1,174.02357228067774,-732.345947265625,75.54469299316406,-735.689453125,73.32513427734375,1,-735.689453125,73.32513427734375,742.2550659179688,-1.005083680152893,0.4456087648868561,0.598737895488739,4.0,4.0,1,738.2619018554688,-1.2979965209960938,9.131572686039377,18.480440139770508,7.774641990661621,0.7475995929873362,738.2619018554688,-1.2979965209960938,738.2619018554688,-1.2979965209960938,0.0,0.0,0.0,0,2.8959117001337846,2.895850822330239,-0.018777374178171158,2.5446081161499023,-0.01903356797993183,0.5786182880401611,0.02907385863363743,-0.06273084523556396,0.0,173.81867520619303,173.81867520619303,176.5393945439667,2.8339104652404785,-0.0075993770733475685,0.17810519334953576,1.0,740.4397315082682,-1.0768977842216585,1,1,2,177.71499393828253,0.04757122335140721,6.864442167101629,0.12018334937271025,-737.2738533766512,75.58685114382206,1.4624689237361908,2.424424766777192,0.0,0,6.944652472014649,nan
GT+smooth-jitter_controlled_forward3x6_SoftMS_local_prior_3frame_causal_heading_continuous_waypoint_RNN_polynomial_Kalman,1,controlled_gt_jitter,8.0,-724.8315515685135,72.27454413570581,3.0729894471114467,-1.4078289111691908,0,0,6,-734.2986971472499,72.96863448801541,-727.904541015625,73.682373046875,-1,-734.2987060546875,72.96863555908203,-734.2986971472499,72.96863448801541,0.0,0,0.0,0.0,235,/yh/study/uav-sat/v36_GvsK/v36_training_data/routes/route_C/vi/vi_000235.jpg,-727.904541015625,73.682373046875,749.9588597643367,0.17129927113189572,1,2.659186606631504,2.659186606631504,1,2.659186606631504,-2.7207829412496194,-6.360347597379614e-05,743.6361831863692,-1.0958160637800787,-734.2890258312366,73.08596868782512,6.412280758066401,4.600337478511156,1,0.0,0,0,0.6474135326183215,1.0,753.1632080078125,-0.9045434594154358,1,1,6,18,1,-4.039349111813135,-722.8832397460938,75.48511505126953,-719.8534545898438,70.78703308105469,1,-719.8534545898438,70.78703308105469,758.2704467773438,-1.8586769104003906,0.6277652382850647,0.17980049550533295,4.0,4.0,1,754.2766723632812,-2.1531667709350586,4.9037480421912525,18.659231185913086,7.812591552734375,0.6474135326183215,754.2766723632812,-2.1531667709350586,747.6665704010695,-2.1531667709350586,6.610101962211686,0.0,0.0,1,3.196507661767143,3.196451678100984,-0.01891827955842018,2.587534189224243,-0.01923786662518978,0.589800238609314,0.030014511197805405,-0.12153772011252915,0.0,-4.176819113856137,-4.176819113856137,1.4560361726065179,2.8824188709259033,-0.010344913229346275,0.09544588753154065,1.0,743.6333130288771,-1.2136395224062226,1,1,2,174.52141241767367,0.06468659934414628,6.325546735459625,0.07165241740726103,-734.2986971472499,72.96863448801541,3.9631569545110237,2.659186606631504,1.3039703478795195,0,6.43386783871093,nan
GT+smooth-jitter_controlled_forward3x6_SoftMS_local_prior_3frame_causal_heading_continuous_waypoint_RNN_polynomial_Kalman,1,controlled_gt_jitter,8.0,-720.3159053265812,71.9197396857462,3.109753853106285,-1.2950125115194373,0,0,6,-729.4801602329817,72.40881760008807,-723.4256591796875,73.21475219726562,-1,-729.4801635742188,72.40882110595703,-729.4801602329817,72.40881760008807,0.0,0,0.0,0.0,236,/yh/study/uav-sat/v36_GvsK/v36_training_data/routes/route_C/vi/vi_000236.jpg,-723.4256591796875,73.21475219726562,754.4620804821016,0.17871050404728275,1,4.503226816326296,4.503226816326296,1,4.503226816326296,-5.960412022144777,-3.2396290808951576,748.5262816998973,-1.2327335741994403,-729.4769543756532,72.4372495038977,6.101039582473823,5.244255072231534,1,0.0,0,0,0.4559198470747844,1.0,757.6911010742188,-0.7810673117637634,1,1,6,18,1,-6.022744050348162,-708.689208984375,75.395751953125,-712.712646484375,70.46102142333984,1,-712.712646484375,70.46102142333984,765.40576171875,-1.4296717643737793,0.7661141753196716,0.07383929193019867,4.0,4.0,1,761.4113159179688,-1.7314196825027466,7.206973738864487,18.890396118164062,7.860200881958008,0.4559198470747844,761.4113159179688,-1.7314196825027466,752.0300612793529,-1.7314196825027466,9.38125463861584,0.0,0.0,1,4.893005926667062,4.892968671020193,-0.01909405179321766,2.6422688961029053,-0.019278815016150475,0.6115097999572754,0.03131978213787079,-0.2167906044626014,0.0,-6.258977905789134,-6.258977905789134,0.2985658836443572,2.9479892253875732,-0.014773338101804256,0.026558013880381336,1.0,748.5260863920779,-1.2613450226283496,1,1,2,169.62863905447284,0.09090846192007802,5.935994090023655,1.8609579202233908,-729.4801602329817,72.40881760008807,4.850947633419037,4.503226816326296,0.34772081709274083,0,6.107905825998644,nan
GT+smooth-jitter_controlled_forward3x6_SoftMS_local_prior_3frame_causal_heading_continuous_waypoint_RNN_polynomial_Kalman,1,controlled_gt_jitter,8.0,-715.8054482977527,71.56580575164404,3.142732854591038,-1.1814781839028365,0,0,6,-724.6154131338285,71.89840836788647,-718.9481811523438,72.74728393554688,-1,-724.6154174804688,71.89840698242188,-724.6154131338285,71.89840836788647,0.0,0,0.0,0.0,237,/yh/study/uav-sat/v36_GvsK/v36_training_data/routes/route_C/vi/vi_000237.jpg,-718.9481811523438,72.74728393554688,758.9638891275615,0.1861254027318403,1,4.501814751970635,4.501814751970635,1,4.501814751970635,-5.960335789696131,7.623244864584413e-05,753.4177559638908,-1.2805406947529738,-724.6180584599558,71.873792535561,5.736767025879958,5.760193903009964,1,0.0,0,0,0.5712755249774829,1.0,762.2136840820312,-0.6572728753089905,1,1,6,18,1,-6.117111738403538,-703.9882202148438,70.60780334472656,-707.4448852539062,70.5631332397461,1,-707.4448852539062,70.5631332397461,770.6334228515625,-0.7724965810775757,0.7661979794502258,0.188405841588974,4.0,4.0,1,766.6385498046875,-1.076627254486084,7.777850653126091,19.055435180664062,7.894559860229492,0.5712755249774829,766.6385498046875,-1.076627254486084,757.2387636575789,-1.076627254486084,9.399786147108582,0.0,0.0,1,4.8917072350693,4.891669571812984,-0.019195672124624252,2.6837220191955566,-0.018967753276228905,0.6291283369064331,0.03261832147836685,-0.29892010741571395,0.0,-6.352793952916522,-6.352793952916522,0.3924581632203909,2.9982316493988037,-0.018300965428352356,0.048326043126824765,1.0,753.4177904652262,-1.2557831547713114,1,1,2,164.73693498132457,0.11712459384495963,5.546098662335339,1.818092732775078,-724.6154131338285,71.89840836788647,4.891449879436159,4.501814751970635,0.38963512746552453,0,5.730454437593435,nan
GT+smooth-jitter_controlled_forward3x6_SoftMS_local_prior_3frame_causal_heading_continuous_waypoint_RNN_polynomial_Kalman,1,controlled_gt_jitter,8.0,-712.5773393351568,71.27932307944695,3.1719282429682285,-1.0673413492639903,0,0,6,-720.9669747230988,71.52423717982927,-715.749267578125,72.34666442871094,-1,-720.9669799804688,71.52423858642578,-720.9669747230988,71.52423717982927,0.0,0,0.0,0.0,238,/yh/study/uav-sat/v36_GvsK/v36_training_data/routes/route_C/vi/vi_000238.jpg,-715.749267578125,72.34666442871094,762.1872145443479,0.12515572110429574,1,3.2239019905354516,3.2239019905354516,1,3.2239019905354516,-7.138336200398497,-1.1780004107023656,757.0853342228485,-1.2748534708773924,-720.9703579319631,71.49260115845848,5.290482827921833,5.956114266567769,1,0.0,0,0,0.622571043852605,1.0,765.4540405273438,-0.6016629338264465,1,1,6,18,1,-6.200433871680328,-703.9882202148438,70.60780334472656,-706.8924560546875,70.46952056884766,1,-706.8924560546875,70.46952056884766,771.192626953125,-0.8073179125785828,0.6729333996772766,0.34296557307243347,4.0,4.0,1,767.197509765625,-1.1122121810913086,5.160827213706739,19.15258026123047,7.913309574127197,0.622571043852605,767.197509765625,-1.1122121810913086,761.0474045934432,-1.1122121810913086,6.150105172181863,0.0,0.0,1,3.6675933377394845,3.66754375762235,-0.01907031610608101,2.715773344039917,-0.017476504668593407,0.635530948638916,0.034548185765743256,-0.34124729663038544,0.0,-6.395954493335143,-6.395954493335143,0.7423817070633537,3.0334837436676025,-0.018269721418619156,0.0749354026589759,1.0,757.085361654504,-1.2430370726227709,1,1,2,161.06936379204672,0.13678022482840171,5.101852889843826,0.5081286464955346,-720.9669747230988,71.52423717982927,3.667575072832166,3.2239019905354516,0.4436730822967143,0,5.2821259385226575,nan
GT+smooth-jitter_controlled_forward3x6_SoftMS_local_prior_3frame_causal_heading_continuous_waypoint_RNN_polynomial_Kalman,1,controlled_gt_jitter,8.0,-709.3506288565474,70.9930236844352,3.1973447762651457,-0.9527160616585423,0,0,6,-717.3675455874389,71.0209156349514,-712.5479736328125,71.94573974609375,-1,-717.3675537109375,71.02091217041016,-717.3675455874389,71.0209156349514,0.0,0,0.0,0.0,239,/yh/study/uav-sat/v36_GvsK/v36_training_data/routes/route_C/vi/vi_000239.jpg,-712.5479736328125,71.94573974609375,765.4129392429845,0.0641336428725643,1,3.2263018342098997,3.2263018342098997,1,3.2263018342098997,-7.138460736473977,-0.00012453607548051888,760.7197655490555,-1.261230792531366,-717.3547638933276,71.12279527686239,4.876727407598362,6.709779429586948,1,0.0,0,0,0.3342099832332507,1.0,768.6929321289062,-0.5460182428359985,1,1,6,18,1,-6.2688660972636425,-699.3175659179688,61.06169891357422,-702.6586303710938,67.00970458984375,1,-702.6586303710938,67.00970458984375,775.7677612304688,-3.8012583255767822,0.6628926992416382,0.0024466216564178467,4.0,4.0,1,771.7719116210938,-4.11033296585083,7.606753655331799,19.44622039794922,7.975466728210449,0.3342099832332507,771.7719116210938,-4.11033296585083,763.8888430029469,-3.16267726486623,7.883068618146787,-0.9476557009846003,0.0,1,3.6344494328819006,3.6344038945515473,-0.018193719908595085,2.786566972732544,-0.019061138853430748,0.6606355905532837,0.03509589284658432,-0.43226164839406805,0.0,-6.4869688450988265,-6.4869688450988265,0.6514918913751508,3.1167845726013184,-0.025027915835380554,0.01649092163579557,1.0,760.7178012173225,-1.3638903003283158,1,1,2,157.43692422922823,0.15624757472610726,4.695138025662004,0.43973486147735574,-717.3675455874389,71.0209156349514,3.634449432881884,3.2263018342098997,0.40814759867198447,0,4.907501753679969,nan
GT+smooth-jitter_controlled_forward3x6_SoftMS_local_prior_3frame_causal_heading_continuous_waypoint_RNN_polynomial_Kalman,1,controlled_gt_jitter,8.0,-706.1294596398083,70.7073213509698,3.218990067223045,-0.8377149649481603,0,0,6,-713.8904800563555,70.08766270110992,-709.3484497070312,71.54503631591797,-1,-713.8905029296875,70.08766174316406,-713.8904800563555,70.08766270110992,0.0,0,0.0,0.0,240,/yh/study/uav-sat/v36_GvsK/v36_training_data/routes/route_C/vi/vi_000240.jpg,-709.3484497070312,71.54503631591797,768.6368804586367,0.003144884725626386,1,3.2245180400489772,3.2245180400489772,1,3.2245180400489772,-7.138468173870881,-7.437396903898047e-06,764.3178841534727,-1.3825611014016286,-713.7895145828431,70.6226194183937,4.535847237728403,6.421483114681395,1,0.0,0,0,0.6481077032125369,1.0,771.92626953125,-0.49036434292793274,1,1,6,18,1,-6.3452020790162775,-699.2872314453125,65.81985473632812,-701.1822509765625,66.33452606201172,1,-701.1822509765625,66.33452606201172,777.30712890625,-4.3169450759887695,0.6265031099319458,0.15883971750736237,4.0,4.0,1,773.3111572265625,-4.626340866088867,6.578829806292693,19.532814025878906,7.99213171005249,0.6481077032125369,773.3111572265625,-4.626340866088867,768.3501803373072,-3.801938811702314,4.960976889255291,-0.8244020543865531,0.0,1,3.600131351211026,3.6000829361501947,-0.01867080107331276,2.807737350463867,-0.019221456721425056,0.6661620736122131,0.03549056127667427,-0.48362424406574084,0.0,-6.5383314407704995,-6.5383314407704995,0.600136733100382,3.1406939029693604,-0.027986938133835793,0.11491406575758292,1.0,764.2739080697208,-1.9251832722225997,1,1,2,153.8808173768299,0.17530583438110095,4.362972388915864,0.41678068958511005,-713.8904800563555,70.08766270110992,3.600131351210992,3.2245180400489772,0.3756133111620148,0,4.770112949115696,nan
GT+smooth-jitter_controlled_forward3x6_SoftMS_local_prior_3frame_causal_heading_continuous_waypoint_RNN_polynomial_Kalman,1,controlled_gt_jitter,8.0,-702.9135771869895,70.45545296509341,3.2368744731666874,-0.7224492565862783,0,0,6,-710.4291454159091,69.22142502583773,-706.1504516601562,71.17790222167969,-1,-710.4291381835938,69.22142791748047,-710.4291454159091,69.22142502583773,0.0,0,0.0,0.0,241,/yh/study/uav-sat/v36_GvsK/v36_training_data/routes/route_C/vi/vi_000241.jpg,-706.1504516601562,71.17790222167969,771.8557634806873,-0.024622746119407003,1,3.2190027882821846,3.2190027882821846,1,3.2190027882821846,-6.548955847799646,0.5895123260712349,767.8419390678177,-1.944156933809242,-710.3443541375618,69.6924460880057,4.449201941366371,5.758939534743346,1,0.0,0,0,0.6204953836238757,1.0,775.1507568359375,-0.40162286162376404,1,1,6,18,1,-6.412797366302425,-699.2872314453125,65.81985473632812,-701.3562622070312,67.2422866821289,1,-701.3562622070312,67.2422866821289,777.038330078125,-3.4326024055480957,0.6767073273658752,0.2482452690601349,4.0,4.0,1,773.0418701171875,-3.7478880882263184,3.907627638463561,19.76840591430664,8.041637420654297,0.6204953836238757,773.0418701171875,-3.7478880882263184,771.7983013727834,-3.7478880882263184,1.2435687444040937,0.0,0.0,1,3.568081445709242,3.5680309980969263,-0.018973661586642265,2.8633830547332764,-0.019798606634140015,0.6845101118087769,0.03640974685549736,-0.5520227722704535,0.0,-6.606729968975212,-6.606729968975212,0.05777412117556561,3.2054741382598877,-0.032478272914886475,0.13550158088013683,1.0,767.8073031482976,-2.4214940840171764,1,1,2,150.34742229825315,0.19424237472318218,4.048460332389709,0.3556197335489082,-710.4291454159091,69.22142502583773,3.568081445709283,3.2190027882821846,0.34907865742709854,0,4.704787271850709,nan
GT+smooth-jitter_controlled_forward3x6_SoftMS_local_prior_3frame_causal_heading_continuous_waypoint_RNN_polynomial_Kalman,1,controlled_gt_jitter,8.0,-699.6994284650643,70.20351058735095,3.2510109880606897,-0.6070286582545156,0,0,6,-707.0683474351913,68.09372375048675,-702.950439453125,70.81053924560547,-1,-707.068359375,68.0937271118164,-707.0683474351913,68.09372375048675,0.0,0,0.0,0.0,242,/yh/study/uav-sat/v36_GvsK/v36_training_data/routes/route_C/vi/vi_000242.jpg,-702.950439453125,70.81053924560547,775.0766735691755,-0.05240553241801884,1,3.2210299100348507,3.2210299100348507,1,3.2210299100348507,-6.548914385530791,4.146226885508212e-05,771.3522002991999,-2.4409214654730746,-706.9060721527588,68.82819733594214,4.4245575486392035,4.5598093229184125,1,0.0,0,0,0.8025561364329235,1.0,778.3735961914062,-0.31313779950141907,1,1,6,18,1,-6.480673758561602,-699.2872314453125,65.81985473632812,-698.6167602539062,65.78108215332031,1,-698.6167602539062,65.78108215332031,779.9166870117188,-4.596698760986328,0.34568777680397034,0.4689459800720215,4.0,4.0,1,775.9205932617188,-4.900933265686035,4.921424755874211,19.749317169189453,8.03322982788086,0.8025561364329235,775.9205932617188,-4.900933265686035,775.8092296743905,-4.900933265686035,0.1113635873282881,0.0,0.0,1,3.544950385213511,3.5448971509022917,-0.019427381455898285,2.885193109512329,-0.018428722396492958,0.6923873424530029,0.03801003098487854,-0.6061838778719802,0.0,-6.660891074576739,-6.660891074576739,0.1119766890459475,3.2312119007110596,-0.033610861748456955,0.31119476570345544,1.0,771.268301056286,-3.1884143631374497,1,1,2,146.88642439026478,0.21279091657910162,3.808372512889491,0.33583680052252163,-707.0683474351913,68.09372375048675,3.5449503852135087,3.2210299100348507,0.32392047517865796,0,4.933381455278168,nan
GT+smooth-jitter_controlled_forward3x6_SoftMS_local_prior_3frame_causal_heading_continuous_waypoint_RNN_polynomial_Kalman,1,controlled_gt_jitter,8.0,-696.4873031245781,69.95140888278975,3.261415137140597,-0.4915613930891553,0,0,6,-703.5689709634074,67.64948039173964,-699.7487182617188,70.4429702758789,-1,-703.5689697265625,67.64948272705078,-703.5689709634074,67.64948039173964,0.0,0,0.0,0.0,243,/yh/study/uav-sat/v36_GvsK/v36_training_data/routes/route_C/vi/vi_000243.jpg,-699.7487182617188,70.4429702758789,778.2993048365014,-0.0802129029979682,1,3.222751236910119,3.222751236910119,1,3.222751236910119,-6.549087503068302,-0.00017311753751059138,774.7957124966605,-3.2072924822038074,-703.5626044058109,67.70288661686774,4.696145864267668,4.831132923406663,1,0.0,0,0,0.7282616393602268,1.0,781.5943603515625,-0.22502462565898895,1,1,6,18,1,-6.543749808494729,-685.0932006835938,65.73046112060547,-686.3445434570312,65.75065612792969,1,-686.3445434570312,65.75065612792969,792.1236572265625,-3.332505941390991,0.48076868057250977,0.23624475300312042,4.0,4.0,1,788.1270141601562,-3.6376731395721436,10.451765108586024,20.037105560302734,8.094637870788574,0.7282616393602268,788.1270141601562,-3.6376731395721436,779.0484320049011,-3.6376731395721436,9.078582155255141,0.0,0.0,1,3.527461956288785,3.5274114403745442,-0.018878119066357613,2.958355665206909,-0.019753772765398026,0.7165921330451965,0.03882863372564316,-0.6892909516500508,0.0,-6.74399814835481,-6.74399814835481,0.19491064528650753,3.3164076805114746,-0.04023910313844681,0.10411864733153185,1.0,774.7950146361508,-3.261072319771167,1,1,2,143.35971081039997,0.23169164873469633,3.504290200350624,0.26439557170321004,-703.5689709634074,67.64948039173964,3.5274619562888945,3.222751236910119,0.30471071937877525,0,4.732643704901944,nan
GT+smooth-jitter_controlled_forward3x6_SoftMS_local_prior_3frame_causal_heading_continuous_waypoint_RNN_polynomial_Kalman,1,controlled_gt_jitter,8.0,-693.3268047934804,69.72192932687923,3.26810487448832,-0.3761541692145132,0,0,6,-700.1359286128271,67.27870670714016,-696.5949096679688,70.09808349609375,-1,-700.1359252929688,67.2787094116211,-700.1359286128271,67.27870670714016,0.0,0,0.0,0.0,244,/yh/study/uav-sat/v36_GvsK/v36_training_data/routes/route_C/vi/vi_000244.jpg,-696.5949096679688,70.09808349609375,781.4718983079193,-0.09051833838877273,1,3.172610208784232,3.172610208784232,1,3.172610208784232,-6.24081861708718,0.30826888598112134,778.2479667219737,-3.2804320480926,-700.1373227263869,67.26601815967169,4.535337291339479,5.297364019191916,1,0.0,0,0,0.5056563066280262,1.0,784.761474609375,-0.11986099928617477,1,1,6,18,1,-6.613836727445758,-685.0932006835938,65.73046112060547,-686.6356201171875,66.25952911376953,1,-686.6356201171875,66.25952911376953,791.780517578125,-2.8571739196777344,0.5572917461395264,0.0477929413318634,4.0,4.0,1,787.7835083007812,-3.1701295375823975,7.022850264685495,20.203937530517578,8.12956714630127,0.5056563066280262,787.7835083007812,-3.1701295375823975,781.8885215652008,-3.1701295375823975,5.894986735580439,0.0,0.0,1,3.4530063576642798,3.4529520858229783,-0.019359728321433067,2.989393711090088,-0.020370127633213997,0.7248426675796509,0.039121516048908234,-0.721410343108859,0.0,-6.776117539813618,-6.776117539813618,0.5352989227264379,3.351539134979248,-0.04301084578037262,0.0461237111459281,1.0,778.24801469598,-3.2676672336414767,1,1,2,139.9067107505707,0.25019732768654,3.2238836119393,0.18321649769414394,-700.1359286128271,67.27870670714016,3.4530063576642087,3.172610208784232,0.2803961488799769,0,4.526334128843794,nan
GT+smooth-jitter_controlled_forward3x6_SoftMS_local_prior_3frame_causal_heading_continuous_waypoint_RNN_polynomial_Kalman,1,controlled_gt_jitter,8.0,-690.1681695356303,69.49208618276931,3.2711004839009106,-0.26091216928147415,0,0,6,-696.7061001634651,67.14537365651205,-693.4392700195312,69.75299835205078,-1,-696.7061157226562,67.14537048339844,-696.7061001634651,67.14537365651205,0.0,0,0.0,0.0,245,/yh/study/uav-sat/v36_GvsK/v36_training_data/routes/route_C/vi/vi_000245.jpg,-693.4392700195312,69.75299835205078,784.6463335428016,-0.10082789549284114,1,3.1744519759211833,3.1744519759211833,1,3.1744519759211833,-6.240785031106365,3.358598081538861e-05,781.6803760215732,-3.2875826802805377,-696.7248148893424,66.89686372907587,4.353425097104378,5.7459812861134525,1,0.0,0,0,0.5011347727811709,1.0,787.9266967773438,-0.015255446545779705,1,1,6,18,1,-6.67063503311885,-680.270751953125,79.9751205444336,-683.1292114257812,69.53363800048828,1,-683.1292114257812,69.53363800048828,794.9219970703125,0.7685198187828064,0.7215025424957275,0.0821107029914856,4.0,4.0,1,790.9249877929688,0.46379536390304565,6.303990689887873,20.329397201538086,8.154295921325684,0.5011347727811709,790.9249877929688,0.46379536390304565,785.3084966467214,-1.1107103051916059,5.6164911462472915,1.5745056690946515,0.0,1,3.4324191023886974,3.432361325593213,-0.019915446639060974,3.0277745723724365,-0.02151312306523323,0.7393831014633179,0.039221957325935364,-0.8212145613649662,0.0,-6.875921758069724,-6.875921758069724,0.6351367269633597,3.397090196609497,-0.05059581995010376,0.061408977028162476,1.0,781.6727740183879,-3.038485039692416,1,1,2,136.4819514281628,0.2685516559256621,2.973559524413645,0.1466774035487468,-696.7061001634651,67.14537365651205,3.432419102388733,3.1744519759211833,0.2579671264675496,0,4.179938485444266,nan
GT+smooth-jitter_controlled_forward3x6_SoftMS_local_prior_3frame_causal_heading_continuous_waypoint_RNN_polynomial_Kalman,1,controlled_gt_jitter,8.0,-687.0113137978691,69.26176053927126,3.2704244833809013,-0.14593904568967644,0,0,6,-693.2919243664771,67.17482457412933,-690.28173828125,69.40769958496094,-1,-693.2919311523438,67.1748275756836,-693.2919243664771,67.17482457412933,0.0,0,0.0,0.0,246,/yh/study/uav-sat/v36_GvsK/v36_training_data/routes/route_C/vi/vi_000246.jpg,-690.28173828125,69.40769958496094,787.8226728452948,-0.11115031011361533,1,3.1763560752546587,3.1763560752546587,1,3.1763560752546587,-6.240905412257854,-0.00012038115148901577,785.0870135137748,-3.0592792078070783,-693.313099865812,66.76456831330783,4.021852306530992,5.893593077042453,1,0.0,0,0,0.6128712432420627,1.0,791.0902709960938,0.08868259936571121,1,1,6,18,1,-6.742485368175356,-675.6305541992188,65.67085266113281,-679.6763305664062,68.12789916992188,1,-679.6763305664062,68.12789916992188,798.50390625,-0.2651742696762085,0.6905694007873535,0.4003078043460846,4.0,4.0,1,794.5072021484375,-0.5699904561042786,6.700258672927833,20.16531753540039,8.115094184875488,0.6128712432420627,794.5072021484375,-0.5699904561042786,789.0224094326904,-0.6980416564576748,5.484792715747063,0.12805120035339623,0.0,1,3.4143028174558503,3.414239495386839,-0.02079416811466217,3.0267984867095947,-0.018038956448435783,0.7314592599868774,0.0418209508061409,-0.8171754116054029,0.0,-6.871882608310162,-6.871882608310162,0.6309771960523072,3.392224073410034,-0.04551273211836815,0.10343354568079488,1.0,785.0647978763027,-2.649077956264591,1,1,2,133.08992757024805,0.2867305448407895,2.757874968992155,0.14955758854506396,-693.2919243664771,67.17482457412933,3.414302817455811,3.1763560752546587,0.23794674220115253,0,3.7479262374933815,nan
GT+smooth-jitter_controlled_forward3x6_SoftMS_local_prior_3frame_causal_heading_continuous_waypoint_RNN_polynomial_Kalman,1,controlled_gt_jitter,8.0,-683.8302729781647,69.06104741722267,3.2661015335540755,-0.03133692115623787,0,0,6,-689.873626157515,67.32533342780033,-687.0963745117188,69.0923843383789,-1,-689.8735961914062,67.32533264160156,-689.873626157515,67.32533342780033,0.0,0,0.0,0.0,247,/yh/study/uav-sat/v36_GvsK/v36_training_data/routes/route_C/vi/vi_000247.jpg,-687.0963745117188,69.0923843383789,791.0235263198965,-0.08872079606767802,1,3.200932059411668,3.200932059411668,1,3.200932059411668,-5.653221946656929,0.5876834656009252,788.486353646449,-2.6683567582422256,-689.8914887691097,66.79475443772853,3.618254672108234,5.645959234064932,1,0.0,0,0,0.611911173347272,1.0,794.2747192382812,0.22461897134780884,1,1,6,18,1,-6.787774431571007,-675.6305541992188,65.67085266113281,-679.67919921875,68.34275817871094,1,-679.67919921875,68.34275817871094,798.4783935546875,-0.051816411316394806,0.6923149824142456,0.39467158913612366,4.0,4.0,1,794.481689453125,-0.35340768098831177,3.4682778728167762,20.21820068359375,8.13039779663086,0.611911173347272,794.481689453125,-0.35340768098831177,792.4191093731539,-0.35340768098831177,2.0625800799710543,0.0,0.0,1,3.4216100830496057,3.4215557701462407,-0.01927880197763443,3.029059886932373,-0.020365580916404724,0.7410324215888977,0.04018408805131912,-0.8913378190568129,0.0,-6.946045015761571,-6.946045015761571,1.2928230691046423,3.399160623550415,-0.053157828748226166,0.14061758615737777,1.0,788.4481522002236,-2.1388534182103784,1,1,2,129.70657324632714,0.30486297108288707,2.575374119672915,0.17187217247929487,-689.873626157515,67.32533342780033,3.4216100830496665,3.200932059411668,0.2206780236379986,0,3.2917465918041904,nan
GT+smooth-jitter_controlled_forward3x6_SoftMS_local_prior_3frame_causal_heading_continuous_waypoint_RNN_polynomial_Kalman,1,controlled_gt_jitter,8.0,-680.6512044426711,68.85970248023537,3.2581583502976854,0.08279360572365309,0,0,6,-686.4710347153366,67.52879921349837,-683.9093627929688,68.77690887451172,-1,-686.4710083007812,67.52880096435547,-686.4710347153366,67.52879921349837,0.0,0,0.0,0.0,248,/yh/study/uav-sat/v36_GvsK/v36_training_data/routes/route_C/vi/vi_000248.jpg,-683.9093627929688,68.77690887451172,794.2260354502561,-0.06627678315971454,1,3.2025877761198127,3.2025877761198127,1,3.2025877761198127,-5.65317011754449,5.1829112439162474e-05,791.8567636142565,-2.1587299486043365,-686.4861257551335,66.94603424219612,3.1609823287137524,5.30430329407558,1,0.0,0,0,0.6576900767124072,1.0,797.457275390625,0.35971900820732117,1,1,6,18,1,-6.8431691333696625,-675.6305541992188,65.67085266113281,-676.3848876953125,68.72976684570312,1,-676.3848876953125,68.72976684570312,801.7135009765625,0.6805108189582825,0.6090806126594543,0.4642154574394226,4.0,4.0,1,797.7164306640625,0.3710307776927948,3.5176834211368746,20.38115692138672,8.16429328918457,0.6576900767124072,797.7164306640625,0.3710307776927948,795.9154113252156,0.27645867797113555,1.8010193388469151,0.09457209972165925,0.0,1,3.408669366238878,3.408611414032825,-0.019876530393958092,3.063547372817993,-0.020355533808469772,0.7489472031593323,0.04099752753973007,-0.92014152719955,0.0,-6.9748487239043095,-6.9748487239043095,1.3216786063598194,3.437580108642578,-0.055067308247089386,0.17806404520531882,1.0,791.8103015838501,-1.5776240796014682,1,1,2,126.34442386270064,0.32288175359185917,2.415733866405958,0.13904040330181955,-686.4710347153366,67.52879921349837,3.4086693662388763,3.2025877761198127,0.20608159011906357,0,2.849550975814022,nan
GT+smooth-jitter_controlled_forward3x6_SoftMS_local_prior_3frame_causal_heading_continuous_waypoint_RNN_polynomial_Kalman,1,controlled_gt_jitter,8.0,-677.4762767687866,68.6578402666984,3.2466236218383853,0.19635345029215043,0,0,6,-683.0793886844953,67.37028930394206,-680.722900390625,68.46148681640625,-1,-683.0794067382812,67.37029266357422,-683.0793886844953,67.37028930394206,0.0,0,0.0,0.0,249,/yh/study/uav-sat/v36_GvsK/v36_training_data/routes/route_C/vi/vi_000249.jpg,-680.722900390625,68.46148681640625,797.4279926953631,-0.04383760320574637,1,3.20203587055014,3.20203587055014,1,3.20203587055014,-5.653187387959763,-1.7270415273446668e-05,795.2055898736772,-1.5977640625253335,-683.096810904373,67.15064334156756,2.7117820234691568,4.926992505591927,1,0.0,0,0,0.7511387975848094,1.0,800.6358032226562,0.4938679039478302,1,1,6,18,1,-6.889257008733086,-675.6305541992188,65.67085266113281,-672.3389892578125,67.20428466796875,1,-672.3389892578125,67.20428466796875,805.8977661132812,-0.4097083806991577,0.4391738474369049,0.6831288933753967,4.0,4.0,1,801.9005126953125,-0.7145318388938904,4.52252870723154,20.527311325073242,8.194128036499023,0.7511387975848094,801.9005126953125,-0.7145318388938904,799.5212215670355,-0.7145318388938904,2.3792911282770337,0.0,0.0,1,3.395348021919056,3.395288289827165,-0.02013998292386532,3.0961127281188965,-0.021624043583869934,0.7578083276748657,0.040810659527778625,-0.9731114584819971,0.0,-7.027818655186755,-7.027818655186755,1.3746312672269925,3.4744949340820312,-0.06023538485169411,0.18262067459338546,1.0,795.1997470880289,-1.3775057042531513,1,1,2,122.95497835852188,0.3410468243240628,2.228245607334202,0.10592314243124346,-683.0793886844953,67.37028930394206,3.395348021919018,3.20203587055014,0.19331215136887803,0,2.596872944592321,nan
GT+smooth-jitter_controlled_forward3x6_SoftMS_local_prior_3frame_causal_heading_continuous_waypoint_RNN_polynomial_Kalman,1,controlled_gt_jitter,8.0,-674.2309964835081,68.44056979546883,3.2315279305544697,0.30924502740241877,0,0,6,-679.6322448501968,67.13199383959623,-677.4625244140625,68.1313247680664,-1,-679.6322631835938,67.13199615478516,-679.6322448501968,67.13199383959623,0.0,0,0.0,0.0,250,/yh/study/uav-sat/v36_GvsK/v36_training_data/routes/route_C/vi/vi_000250.jpg,-677.4625244140625,68.1313247680664,800.7050059426465,-0.028259932063267244,1,3.277050272228035,3.277050272228035,1,3.277050272228035,-5.782346964685264,-0.1291595767255004,798.655054046848,-1.3984619206331514,-679.6455671051932,66.98499110229987,2.4657161768072466,4.363043120041213,1,0.0,0,0,0.7392820360100643,1.0,803.8858642578125,0.6201151609420776,1,1,6,18,1,-6.937753592995999,-675.6305541992188,65.67085266113281,-672.303466796875,67.00335693359375,1,-672.303466796875,67.00335693359375,805.9542846679688,-0.6057684421539307,0.4607315957546234,0.6709969639778137,4.0,4.0,1,801.9566650390625,-0.9206571578979492,1.5372128357251498,20.700578689575195,8.232295989990234,0.7392820360100643,801.9566650390625,-0.9206571578979492,801.9566650390625,-0.9206571578979492,0.0,0.0,0.0,1,3.4553705072928684,3.455306958819203,-0.020956216380000114,3.1186392307281494,-0.02264925092458725,0.7655684947967529,0.04057810455560684,-1.005010789783484,0.0,-7.059717986488241,-7.059717986488241,1.277371021802978,3.5008432865142822,-0.06377426534891129,0.1420539888919601,1.0,798.652796429914,-1.2508740132132306,1,1,2,119.50192901663672,0.3595527673934532,2.0522095127324746,0.15841104149988539,-679.6322448501968,67.13199383959623,3.4553705072929115,3.277050272228035,0.1783202350648767,0,2.3887965747580653,nan
GT+smooth-jitter_controlled_forward3x6_SoftMS_local_prior_3frame_causal_heading_continuous_waypoint_RNN_polynomial_Kalman,1,controlled_gt_jitter,8.0,-670.9893668281204,68.2225349528693,3.212903679692054,0.4213722331427387,0,0,6,-676.2111189149331,66.76109805736489,-674.2022705078125,67.80116271972656,-1,-676.2111206054688,66.76110076904297,-676.2111189149331,66.76109805736489,0.0,0,0.0,0.0,251,/yh/study/uav-sat/v36_GvsK/v36_training_data/routes/route_C/vi/vi_000251.jpg,-674.2022705078125,67.80116271972656,803.9818978005702,-0.012695136653886208,1,3.276928823057093,3.276928823057093,1,3.276928823057093,-5.782561999969287,-0.00021503528402336546,802.093899056779,-1.2727613975682988,-676.2126465836573,66.74726790897783,2.2698692117503336,5.033418620707368,1,0.0,0,0,0.2110185759103671,1.0,807.1324462890625,0.7452172040939331,1,1,6,18,1,-6.980441154730668,-666.137451171875,70.36940002441406,-666.2172241210938,66.5755386352539,1,-666.2172241210938,66.5755386352539,812.0516967773438,-0.3892354667186737,0.8821905255317688,0.0014155805110931396,4.0,4.0,1,808.05419921875,-0.6968753337860107,4.129375422828146,20.7232608795166,8.233108520507812,0.2110185759103671,808.05419921875,-0.6968753337860107,804.9242001405325,-0.6968753337860107,3.129999078217453,0.0,0.0,1,3.441172234313658,3.441102626865021,-0.021887384355068207,3.148765802383423,-0.023247838020324707,0.771898627281189,0.04087367653846741,-1.0828796420766835,0.0,-7.137586838781443,-7.137586838781443,1.355024838812156,3.5340306758880615,-0.06961198896169662,0.007732202656427044,1.0,802.0939594271424,-1.2588472633315724,1,1,2,116.06076601940833,0.37799500792177265,1.8879383734278008,0.12816302067367014,-676.2111189149331,66.76109805736489,3.4411722343136275,3.276928823057093,0.16424341125653452,0,2.262124316805864,nan
GT+smooth-jitter_controlled_forward3x6_SoftMS_local_prior_3frame_causal_heading_continuous_waypoint_RNN_polynomial_Kalman,1,controlled_gt_jitter,8.0,-667.7485460295086,68.00338169508761,3.190785025178916,0.5326404231149603,0,0,6,-672.851804295173,66.39803732459119,-670.9393310546875,67.47074127197266,-1,-672.851806640625,66.39804077148438,-672.851804295173,66.39803732459119,0.0,0,0.0,0.0,252,/yh/study/uav-sat/v36_GvsK/v36_training_data/routes/route_C/vi/vi_000252.jpg,-670.9393310546875,67.47074127197266,807.261487585344,0.0028949724940083286,1,3.2796268397327557,3.2796268397327557,1,3.2796268397327557,-5.782343643131056,0.00021835683823120397,805.5246183723526,-1.2814828983201187,-672.8019849953761,66.37672962883914,2.1601715621853654,5.849249618887455,1,0.0,0,0,0.5578977512157336,1.0,810.3782958984375,0.869121789932251,1,1,6,18,1,-7.035442106795843,-656.7051391601562,65.55162811279297,-661.0103149414062,66.14761352539062,1,-661.0103149414062,66.14761352539062,645.8518676757812,0.21276187896728516,0.7905212044715881,0.18616244196891785,4.0,4.0,1,641.8540649414062,-0.10657253861427307,14.011282931777442,20.858943939208984,8.264222145080566,0.5578977512157336,641.8540649414062,-0.10657253861427307,801.7403995565094,-0.10657253861427307,-159.8863346151031,0.0,0.0,0,3.4307336198432115,3.4306589452102596,-0.02263563498854637,3.15525484085083,-0.02338043414056301,0.7741280794143677,0.04090005159378052,-1.0743049799039672,0.0,-7.129012176608726,-7.129012176608726,1.3466685334776707,3.5416412353515625,-0.06934504210948944,0.006194409968300153,1.0,805.4728294894878,-1.2655489050305886,1,1,2,112.68189595706292,0.3961034016403792,1.7886580958561353,0.12437199888192563,-672.851804295173,66.39803732459119,3.378876708347912,3.2796268397327557,0.09924986861515617,0,2.1927716831218165,nan
GT+smooth-jitter_controlled_forward3x6_SoftMS_local_prior_3frame_causal_heading_continuous_waypoint_RNN_polynomial_Kalman,1,controlled_gt_jitter,8.0,-664.5044088865251,67.78361953465152,3.1652078126936356,0.6429563876788655,0,0,6,-669.4979414664384,66.05374561106454,-667.6696166992188,67.14066314697266,-1,-669.4979248046875,66.05374908447266,-669.4979414664384,66.05374561106454,0.0,0,0.0,0.0,253,/yh/study/uav-sat/v36_GvsK/v36_training_data/routes/route_C/vi/vi_000253.jpg,-667.6696166992188,67.14066314697266,810.5477782665914,0.019541092403726132,1,3.286332839954276,3.286332839954276,1,3.286332839954276,-5.76448811635958,0.017855526771475734,808.902251604414,-1.2885941803909344,-669.44394351446,66.0133919992083,2.102136029819692,6.75063854363481,1,0.0,0,0,0.3379161925948039,1.0,813.6275024414062,0.9927706718444824,1,1,6,18,1,-7.068191583205584,-661.527587890625,51.30697250366211,-661.7483520507812,59.922142028808594,1,-661.7483520507812,59.922142028808594,645.92529296875,6.481398582458496,0.8458783626556396,0.044185951352119446,4.0,4.0,1,641.927734375,6.143022537231445,12.32994942938391,20.55987548828125,8.205105781555176,0.3379161925948039,641.927734375,6.143022537231445,805.7229820747783,0.6189675373904922,-163.7952476997783,5.524054999840953,0.0,0,3.429499544694747,3.429422114926222,-0.02304527536034584,3.0729312896728516,-0.02236606366932392,0.7540465593338013,0.03978611156344414,-1.0723554945044576,0.0,-7.127062691209216,-7.127062691209216,1.362574574849636,3.4493041038513184,-0.06703861057758331,0.005398645946600809,1.0,808.8442984541654,-1.254161271946147,1,1,2,109.31042699238537,0.4141721306225364,1.7034798124260533,0.2134015502814246,-669.4979414664384,66.05374561106454,3.3714881963267516,3.286332839954276,0.0851553563724754,0,2.1270075656408522,nan
GT+smooth-jitter_controlled_forward3x6_SoftMS_local_prior_3frame_causal_heading_continuous_waypoint_RNN_polynomial_Kalman,1,controlled_gt_jitter,8.0,-661.2621669447226,67.56266075866309,3.1362095201211067,0.7522283245810492,0,0,6,-666.1821685761153,65.73494912931304,-664.3983764648438,66.81043243408203,-1,-666.1821899414062,65.73494720458984,-666.1821685761153,65.73494912931304,0.0,0,0.0,0.0,254,/yh/study/uav-sat/v36_GvsK/v36_training_data/routes/route_C/vi/vi_000254.jpg,-664.3983764648438,66.81043243408203,813.8356024095036,0.036196422277383525,1,3.2878663285982377,3.2878663285982377,1,3.2878663285982377,-5.764462979278523,2.5137081057020728e-05,812.2684397929028,-1.2768329807832985,-666.095292600771,65.67002877405511,2.044515805801736,7.710033284643097,1,0.0,0,0,0.6077294634616748,1.0,816.875,1.1150296926498413,1,1,6,18,1,-7.088796449662514,-661.527587890625,51.30697250366211,-658.067138671875,59.217124938964844,1,-658.067138671875,59.217124938964844,642.1900634765625,6.791894912719727,0.6999180912971497,0.14756031334400177,4.0,4.0,1,638.1925659179688,6.466307163238525,12.888852361860918,20.57883071899414,8.207155227661133,0.6077294634616748,638.1925659179688,6.466307163238525,808.3471837683832,1.075920633928465,-170.1546178504144,5.39038652931006,0.0,0,3.4242163941597235,3.424141338737439,-0.022671708837151527,3.090785026550293,-0.02225886844098568,0.7574700117111206,0.04020814225077629,-1.1274145031775766,0.0,-7.182121699882336,-7.182121699882336,1.417658720603813,3.468806028366089,-0.0704200491309166,0.008166301692880714,1.0,812.1752007737696,-1.2214382795032759,1,1,2,105.97952467278117,0.4320234505989382,1.660401635734047,0.19708130204794472,-666.1821685761153,65.73494912931304,3.331063052086997,3.2878663285982377,0.04319672348875914,0,2.08292549916489,nan
GT+smooth-jitter_controlled_forward3x6_SoftMS_local_prior_3frame_causal_heading_continuous_waypoint_RNN_polynomial_Kalman,1,controlled_gt_jitter,8.0,-658.0212928648142,67.34036916632687,3.1038292054983385,0.8603658093932751,0,0,6,-662.8964228051248,65.43795374776984,-661.1251220703125,66.4800033569336,-1,-662.8964233398438,65.43795013427734,-662.8964228051248,65.43795374776984,0.0,0,0.0,0.0,255,/yh/study/uav-sat/v36_GvsK/v36_training_data/routes/route_C/vi/vi_000255.jpg,-661.1251220703125,66.4800033569336,817.1254503999202,0.05286694403743442,1,3.2898902270962336,3.2898902270962336,1,3.2898902270962336,-5.764376954438025,8.60248404983461e-05,815.5979197527902,-1.2438829263088007,-662.7809101856743,65.35160811536672,2.003724058887402,8.701216467016858,1,0.0,0,0,0.6653886007106677,1.0,820.1212158203125,1.2358189821243286,1,1,6,18,1,-7.121460335264219,-656.7051391601562,65.55162811279297,-655.12548828125,62.16661071777344,1,-655.12548828125,62.16661071777344,639.5779418945312,3.546973466873169,0.5950832962989807,0.13580118119716644,4.0,4.0,1,635.5801391601562,3.2121756076812744,10.936547727321031,20.734716415405273,8.241510391235352,0.6653886007106677,635.5801391601562,3.2121756076812744,811.5181011008358,1.2040082648638013,-175.9379619406796,2.008167342817473,0.0,0,3.4227925691630694,3.4227189790205825,-0.022444646805524826,3.1126134395599365,-0.02348063327372074,0.7647733688354492,0.03985412046313286,-1.1325326627434433,0.0,-7.1872398594482005,-7.1872398594482005,1.4228629050101764,3.4942471981048584,-0.07263202965259552,0.008810268200615286,1.0,815.4739439396704,-1.1702030019828487,1,1,2,102.6807815068803,0.4497024198763869,1.6515064602497205,0.17727678753629705,-662.8964228051248,65.43795374776984,3.299141028849776,3.2898902270962336,0.009250801753542426,0,2.0550848355006606,nan
GT+smooth-jitter_controlled_forward3x6_SoftMS_local_prior_3frame_causal_heading_continuous_waypoint_RNN_polynomial_Kalman,1,controlled_gt_jitter,8.0,-654.8690263285347,67.13136515237123,3.0681074605277647,0.9672797641876429,0,0,6,-659.7126787846776,65.161147829749,-657.9371337890625,66.1640853881836,-1,-659.7127075195312,65.16114807128906,-659.7126787846776,65.161147829749,0.0,0,0.0,0.0,256,/yh/study/uav-sat/v36_GvsK/v36_training_data/routes/route_C/vi/vi_000256.jpg,-657.9371337890625,66.1640853881836,820.3289773196913,0.07497392638068293,1,3.2036031970839423,3.2036031970839423,1,3.2036031970839423,-5.659325259235843,0.10505169520218136,818.8096615513894,-1.193217441252749,-659.5817405572715,65.06322285057408,1.9790476873362162,9.700609805957722,1,0.0,0,0,0.5395034672654049,1.0,823.2779541015625,1.3604756593704224,1,1,6,18,1,-7.144483195409039,-656.7051391601562,65.55162811279297,-655.0491943359375,61.67735290527344,1,-655.0491943359375,61.67735290527344,639.4501342773438,4.025375843048096,0.5999531745910645,0.07071731984615326,4.0,4.0,1,635.452392578125,3.696247100830078,8.28205012371041,20.742094039916992,8.241633415222168,0.5395034672654049,635.452392578125,3.696247100830078,815.0760270164095,1.0469632797351693,-179.62363443828448,2.6492838210949086,0.0,0,3.335797003647928,3.335717611718892,-0.023014439269900322,3.1188008785247803,-0.02330682799220085,0.76492840051651,0.040114693343639374,-1.150639067346324,0.0,-7.205346264051082,-7.205346264051082,1.5460210048152383,3.5004937648773193,-0.07355803996324539,0.007298606850340077,1.0,818.6691248135651,-1.10964982632698,1,1,2,99.48560063298567,0.4668263672904767,1.6598525061261853,0.08480231855916198,-659.7126787846776,65.161147829749,3.19575460634646,3.2036031970839423,0.0,0,2.0392262693414986,nan
GT+smooth-jitter_controlled_forward3x6_SoftMS_local_prior_3frame_causal_heading_continuous_waypoint_RNN_polynomial_Kalman,1,controlled_gt_jitter,8.0,-651.7167022045111,66.92072940974272,3.0290863697076826,1.0728824248794426,0,0,6,-656.5286414506274,64.88658928228824,-654.7457885742188,65.84784698486328,-1,-656.5286254882812,64.88658905029297,-656.5286414506274,64.88658928228824,0.0,0,0.0,0.0,257,/yh/study/uav-sat/v36_GvsK/v36_training_data/routes/route_C/vi/vi_000257.jpg,-654.7457885742188,65.84784698486328,823.5358762456583,0.09711634431456923,1,3.206975367545046,3.206975367545046,1,3.206975367545046,-5.659107907493005,0.00021735174283870584,822.008882266274,-1.1328250789284844,-656.393996193807,64.78583090192646,1.960731118150864,10.684729664409225,1,0.0,0,0,0.33265579957131297,1.0,826.4348754882812,1.4835158586502075,1,1,6,18,1,-7.1657852747698385,-651.9738159179688,65.52182006835938,-649.1719360351562,62.302520751953125,1,-649.1719360351562,62.302520751953125,633.67236328125,2.780214786529541,0.7799419164657593,0.027575775980949402,4.0,4.0,1,629.6743774414062,2.4419267177581787,10.250616853571772,20.846656799316406,8.265281677246094,0.33265579957131297,629.6743774414062,2.4419267177581787,818.8440788174529,0.7660569903641821,-189.16970137604662,1.6758697273939969,0.0,0,3.3398378606240433,3.3397574527089002,-0.023175252601504326,3.1312665939331055,-0.02382197231054306,0.7703591585159302,0.0400346964597702,-1.152432632333687,0.0,-7.207139829038445,-7.207139829038445,1.5480319215454401,3.515658140182495,-0.07452798634767532,0.005200423029303134,1.0,821.8643603166882,-1.0468308786279894,1,1,2,96.2903651298625,0.48395060747923996,1.6715159289700523,0.0757087736119404,-656.5286414506274,64.88658928228824,3.1958529597916012,3.206975367545046,0.0,0,2.0254828435902903,nan
GT+smooth-jitter_controlled_forward3x6_SoftMS_local_prior_3frame_causal_heading_continuous_waypoint_RNN_polynomial_Kalman,1,controlled_gt_jitter,8.0,-648.2526314428666,66.67747640679038,2.986809475102197,1.1770873076692878,0,0,6,-653.0456160198603,64.59074773282627,-651.2394409179688,65.5003890991211,-1,-653.0455932617188,64.59074401855469,-653.0456160198603,64.59074773282627,0.0,0,0.0,0.0,258,/yh/study/uav-sat/v36_GvsK/v36_training_data/routes/route_C/vi/vi_000258.jpg,-651.2394409179688,65.5003890991211,827.0593133835245,0.12143926273091073,1,3.523521089599763,3.523521089599763,1,3.523521089599763,-5.659190438500978,-8.253100797362808e-05,825.5215959644669,-1.0703618275351263,-652.8942891917271,64.47743167553422,1.9454985735365036,11.632429031845074,1,0.0,0,0,0.2731232391631976,1.0,829.9053344726562,1.607003092765808,1,1,6,18,1,-7.1802594061164475,-647.2424926757812,65.49200439453125,-643.567626953125,63.121131896972656,1,-643.567626953125,63.121131896972656,628.1865234375,1.3716593980789185,0.8926811218261719,0.02856537699699402,4.0,4.0,1,624.188720703125,1.0495376586914062,11.94225263535603,20.84678840637207,8.262242317199707,0.2731232391631976,624.188720703125,1.0495376586914062,822.5205070567681,0.7302915170841497,-198.33178635364308,0.3192461416072565,0.0,0,3.6573113470061034,3.6572356477786783,-0.023530948907136917,3.1478776931762695,-0.024067072197794914,0.7732409834861755,0.04021088778972626,-1.2056748106875828,0.0,-7.26038200739234,-7.26038200739234,1.6011915688913623,3.533632278442383,-0.07833168655633926,0.0046348967366899585,1.0,825.3591609407264,-0.9736395404679505,1,1,2,92.79556450582436,0.5026803083852835,1.7001524427980712,0.3756433964234933,-653.0456160198603,64.59074773282627,3.4955669602739405,3.523521089599763,0.0,0,2.0223046046448157,nan
GT+smooth-jitter_controlled_forward3x6_SoftMS_local_prior_3frame_causal_heading_continuous_waypoint_RNN_polynomial_Kalman,1,controlled_gt_jitter,8.0,-645.0013052063789,66.4167491774554,2.9413217467460724,1.2798091750139922,0,0,6,-649.7871888419172,64.33219017668428,-647.942626953125,65.1369400024414,-1,-649.7871704101562,64.33219146728516,-649.7871888419172,64.33219017668428,0.0,0,0.0,0.0,259,/yh/study/uav-sat/v36_GvsK/v36_training_data/routes/route_C/vi/vi_000259.jpg,-647.942626953125,65.1369400024414,830.376072406201,0.10775897913346154,1,3.3167872353628667,3.3167872353628667,1,3.3167872353628667,-6.291027671751376,-0.6318372332503974,828.8119581144982,-0.9974653572780816,-649.6145929048415,64.20286066555062,1.9151956430886248,12.525344570506942,1,0.0,0,0,0.25542120281223213,1.0,833.166015625,1.6906737089157104,1,1,6,18,1,-7.208302348579521,-647.2424926757812,65.49200439453125,-643.0928344726562,63.02178192138672,1,-643.0928344726562,63.02178192138672,627.7039184570312,1.4200776815414429,0.954271137714386,0.03503436595201492,4.0,4.0,1,623.7061157226562,1.0969581604003906,9.13271572447317,20.823944091796875,8.255918502807617,0.25542120281223213,623.7061157226562,1.0969581604003906,825.8595498067646,0.7739796273621014,-202.15343408410834,0.3229785330382895,0.0,0,3.452879377092874,3.4527971737718106,-0.023825816810131073,3.1461331844329834,-0.023376327008008957,0.7721881866455078,0.04070684313774109,-1.207479047845524,0.0,-7.262186244550283,-7.262186244550283,0.9711585727989075,3.531379222869873,-0.07745659351348877,0.004444861279494072,1.0,828.6266835614712,-0.8870623684337644,1,1,2,89.52804188507957,0.5201919572528424,1.7493888447298787,0.17065405092988328,-649.7871888419172,64.33219017668428,3.2686694057056616,3.3167872353628667,0.0,0,2.012468842899394,nan
GT+smooth-jitter_controlled_forward3x6_SoftMS_local_prior_3frame_causal_heading_continuous_waypoint_RNN_polynomial_Kalman,1,controlled_gt_jitter,8.0,-641.7504578827538,66.15416499032423,2.8926695586524476,1.3809640015547073,0,0,6,-646.5263482587021,64.07642438749099,-644.6431274414062,64.77320098876953,-1,-646.5263671875,64.07642364501953,-646.5263482587021,64.07642438749099,0.0,0,0.0,0.0,260,/yh/study/uav-sat/v36_GvsK/v36_training_data/routes/route_C/vi/vi_000260.jpg,-644.6431274414062,64.77320098876953,833.695532574661,0.09407366193453977,1,3.319488378937221,3.319488378937221,1,3.319488378937221,-6.290922254127018,0.00010541762435702583,832.0861207911486,-0.9106409656664638,-646.349536635413,63.94384857005146,1.8972764089146708,13.348768134726017,1,0.0,0,0,0.1501897932923213,1.0,836.4263916015625,1.772447109222412,1,1,6,18,1,-7.227161674816691,-642.6022338867188,51.18772888183594,-637.9398193359375,62.598052978515625,1,-637.9398193359375,62.598052978515625,622.5350341796875,1.2947291135787964,0.9865874648094177,5.1394104957580566e-05,4.0,4.0,1,618.5370483398438,0.96888267993927,10.952221896823888,20.933483123779297,8.280912399291992,0.1501897932923213,618.5370483398438,0.96888267993927,829.4230988595947,0.6871721932658665,-210.88605051975094,0.2817104866734035,0.0,0,3.459517581444805,3.4594372296774303,-0.023578597232699394,3.1643009185791016,-0.02396848425269127,0.7781416177749634,0.040696486830711365,-1.2134498071188786,0.0,-7.268157003823636,-7.268157003823636,0.9772347496966176,3.5524981021881104,-0.07886958122253418,0.003583350355249928,1.0,831.8963116546253,-0.7974544417680824,1,1,2,86.25841379192548,0.5377148899882767,1.7992209200357365,0.15518746035811937,-646.5263482587021,64.07642438749099,3.270855766930767,3.319488378937221,0.0,0,2.0079886152032294,nan
GT+smooth-jitter_controlled_forward3x6_SoftMS_local_prior_3frame_causal_heading_continuous_waypoint_RNN_polynomial_Kalman,1,controlled_gt_jitter,8.0,-638.5026662241665,65.88992328612905,2.840900670364704,1.4804689404259175,0,0,6,-643.2914960054636,63.81697992509199,-641.3435668945312,64.40945434570312,-1,-643.29150390625,63.816978454589844,-643.2914960054636,63.81697992509199,0.0,0,0.0,0.0,261,/yh/study/uav-sat/v36_GvsK/v36_training_data/routes/route_C/vi/vi_000261.jpg,-641.3435668945312,64.40945434570312,837.0150542425342,0.08038719576718979,1,3.319549882564823,3.319549882564823,1,3.319549882564823,-6.290937709064748,-1.5454937728789307e-05,835.3597969536177,-0.821247476023587,-643.0846931828762,63.68744255776536,1.8848930404367725,14.092283095767806,1,0.0,0,0,0.1857589030599967,1.0,839.6839599609375,1.852250099182129,1,1,6,18,1,-7.241510087993889,-637.8101806640625,60.674224853515625,-633.052001953125,62.5180549621582,1,-633.052001953125,62.5180549621582,617.666259765625,0.8557245135307312,0.9842328429222107,0.013761021196842194,4.0,4.0,1,613.6683349609375,0.5331405997276306,12.46186720926467,20.92125701904297,8.277076721191406,0.1857589030599967,613.6683349609375,0.5331405997276306,832.5989599702027,0.5331405997276306,-218.93062500926516,0.0,0.0,0,3.463567023289032,3.463485298992355,-0.023793034255504608,3.1699419021606445,-0.02365400828421116,0.7782337069511414,0.04104258865118027,-1.2316054104281244,0.0,-7.286312607132884,-7.286312607132884,0.9953748980681364,3.55816912651062,-0.07963009178638458,0.003482472007485632,1.0,835.1404844092775,-0.7142458645444475,1,1,2,83.01424103727322,0.5551013998121084,1.8745698332567144,0.14960798040417833,-643.2914960054636,63.81697992509199,3.2452396720969174,3.319549882564823,0.0,0,2.036038742336758,nan
GT+smooth-jitter_controlled_forward3x6_SoftMS_local_prior_3frame_causal_heading_continuous_waypoint_RNN_polynomial_Kalman,1,controlled_gt_jitter,8.0,-635.2553176219702,65.61291025911332,2.7860642139672374,1.578242290363319,0,0,6,-640.0673331275206,63.501509044044255,-638.0413818359375,64.03466796875,-1,-640.0673217773438,63.50151062011719,-640.0673331275206,63.501509044044255,0.0,0,0.0,0.0,262,/yh/study/uav-sat/v36_GvsK/v36_training_data/routes/route_C/vi/vi_000262.jpg,-638.0413818359375,64.03466796875,840.3383502307572,0.05599940762781596,1,3.3233854711046473,3.3233854711046473,1,3.3233854711046473,-6.475160943450199,-0.18422323438545082,838.6138283084122,-0.7379624334912859,-639.8400292589464,63.42703426864294,1.8985129090428532,14.75000131574575,1,0.0,0,0,0.1591394068634883,1.0,842.9423828125,1.9193061590194702,1,1,6,18,1,-7.257190921667769,-623.5857543945312,65.34292602539062,-628.3679809570312,62.71992492675781,1,-628.3679809570312,62.71992492675781,613.0300903320312,0.15806348621845245,0.9847428798675537,0.0032254308462142944,4.0,4.0,1,609.0321655273438,-0.15966542065143585,13.75629140163135,20.965166091918945,8.28592586517334,0.1591394068634883,609.0321655273438,-0.15966542065143585,835.9261949395376,-0.15966542065143585,-226.89402941219382,0.0,0.0,0,3.473424868526526,3.4733438991346515,-0.02371656894683838,3.177698850631714,-0.024272268638014793,0.7813647389411926,0.0407765656709671,-1.2496478887292422,0.0,-7.304355085434,-7.304355085434,0.8291941419838016,3.567448139190674,-0.08170496672391891,0.0027600892431933676,1.0,838.3799369727582,-0.6878786642051972,1,1,2,79.77478847379257,0.5724626126938899,1.958413257999041,0.14568662047293346,-640.0673331275206,63.501509044044255,3.2395598682992572,3.3233854711046473,0.0,0,2.094931281655901,nan
GT+smooth-jitter_controlled_forward3x6_SoftMS_local_prior_3frame_causal_heading_continuous_waypoint_RNN_polynomial_Kalman,1,controlled_gt_jitter,8.0,-632.0117185127754,65.33416134976451,2.7282106864433553,1.6742034640223245,0,0,6,-636.8535705319758,63.19385115372224,-634.7399291992188,63.65995788574219,-1,-636.8535766601562,63.193851470947266,-636.8535705319758,63.19385115372224,0.0,0,0.0,0.0,263,/yh/study/uav-sat/v36_GvsK/v36_training_data/routes/route_C/vi/vi_000263.jpg,-634.7399291992188,63.65995788574219,843.6609098354878,0.03161023343975693,1,3.322649117617584,3.322649117617584,1,3.322649117617584,-6.475278026238008,-0.0001170827878090123,841.8592519899847,-0.7119008671439923,-636.6099608096449,63.110629636913494,1.9490458560419466,15.320356720147267,1,0.0,0,0,0.15410218704108153,1.0,846.1973266601562,1.9842406511306763,1,1,6,18,1,-7.273698421674633,-623.5857543945312,65.34292602539062,-628.3901977539062,62.657501220703125,1,-628.3901977539062,62.657501220703125,613.0455932617188,0.22249189019203186,0.9813137054443359,0.00045612454414367676,4.0,4.0,1,609.0475463867188,-0.10153084993362427,10.418287726733176,21.013629913330078,8.297040939331055,0.15410218704108153,609.0475463867188,-0.10153084993362427,839.1854709756218,-0.10153084993362427,-230.137924588903,0.0,0.0,0,3.4793979443766148,3.479315017226549,-0.02402220293879509,3.1847662925720215,-0.02409634180366993,0.7823392748832703,0.041056498885154724,-1.2489671109680622,0.0,-7.30367430767282,-7.30367430767282,0.8283962814348126,3.5750086307525635,-0.08151142299175262,0.0027262526259399047,1.0,841.6082231717212,-0.6548390578904382,1,1,2,76.54650227482955,0.5897639816274401,2.0526866637666217,0.13788282504556237,-636.8535705319758,63.19385115372224,3.2284552649835088,3.322649117617584,0.0,0,2.1644249049513022,nan
GT+smooth-jitter_controlled_forward3x6_SoftMS_local_prior_3frame_causal_heading_continuous_waypoint_RNN_polynomial_Kalman,1,controlled_gt_jitter,8.0,-628.7700470176003,65.05340250502799,2.6673919472434915,1.7682729579088465,0,0,6,-633.3765950128391,62.916948535949814,-631.4374389648438,63.28512954711914,-1,-633.3765869140625,62.91695022583008,-633.3765950128391,62.916948535949814,0.0,0,0.0,0.0,264,/yh/study/uav-sat/v36_GvsK/v36_training_data/routes/route_C/vi/vi_000264.jpg,-631.4374389648438,63.28512954711914,846.9845137231438,0.007212907040680429,1,3.3236934322493035,3.3236934322493035,1,3.3236934322493035,-6.475286415612505,-8.3893744975185e-06,845.0961243735044,-0.6789020378568402,-633.387664227485,62.802025543410444,2.0091709866119656,14.873301103464769,1,0.0,0,0,0.18209618273738776,1.0,849.4505004882812,2.0469729900360107,1,1,6,18,1,-7.284190019126595,-618.8848266601562,60.55495071411133,-623.34765625,62.70615768432617,1,-623.34765625,62.70615768432617,855.0902099609375,0.2847649157047272,0.9748468995094299,0.010231025516986847,4.0,4.0,1,851.0922241210938,-0.035737067461013794,4.107934932996908,21.012712478637695,8.295711517333984,0.18209618273738776,851.0922241210938,-0.035737067461013794,847.8468888760322,-0.035737067461013794,3.2453352450615527,0.0,0.0,1,3.487984205870967,3.487901201783166,-0.024062979966402054,3.1859447956085205,-0.024221094325184822,0.7825514078140259,0.04100342094898224,-1.2603766218114512,0.0,-7.315083818516211,-7.315083818516211,0.8397974029037057,3.576273202896118,-0.08240284025669098,0.005836219564648479,1.0,845.0950099919952,-0.5634525689064288,1,1,2,73.05971545455554,0.6084507341184613,1.8895037311485794,0.13774863664078296,-633.3765950128391,62.916948535949814,3.4879842058710144,3.3236934322493035,0.16429077362171096,0,1.9737992388949952,nan
GT+smooth-jitter_controlled_forward3x6_SoftMS_local_prior_3frame_causal_heading_continuous_waypoint_RNN_polynomial_Kalman,1,controlled_gt_jitter,8.0,-625.6528085056614,64.80019928964744,2.6036612209011256,1.8603723243154089,0,0,6,-630.0335780384416,62.687196262709634,-628.2564697265625,62.93982696533203,-1,-630.0335693359375,62.68719482421875,-630.0335780384416,62.687196262709634,0.0,0,0.0,0.0,265,/yh/study/uav-sat/v36_GvsK/v36_training_data/routes/route_C/vi/vi_000265.jpg,-628.2564697265625,62.93982696533203,850.1841601850998,-0.0006411602419332298,1,3.1996561015022285,3.1996561015022285,1,3.1996561015022285,-6.195348985990163,0.27993742962234175,848.4458256208256,-0.5876025120495582,-630.0470187407918,62.53949596040159,1.8347563014924448,14.724486228232802,1,0.0,0,0,0.2011836940384284,1.0,852.5770874023438,2.1239824295043945,1,1,6,18,1,-7.29500284891296,-618.8848266601562,60.55495071411133,-618.6802978515625,62.663795471191406,1,-618.6802978515625,62.663795471191406,859.7360229492188,0.7349426746368408,0.9754297733306885,0.017994262278079987,4.0,4.0,1,855.7379150390625,0.4091621935367584,5.568853721070734,21.051105499267578,8.304925918579102,0.2011836940384284,855.7379150390625,0.4091621935367584,851.2490807794313,0.4091621935367584,4.488834259631178,0.0,0.0,1,3.35090265423632,3.350815628830419,-0.02414994314312935,3.1905932426452637,-0.02413344383239746,0.7836974859237671,0.04116811975836754,-1.2570891663865595,0.0,-7.311796363091317,-7.311796363091317,1.116447377101154,3.5815019607543945,-0.08214224129915237,0.005671556166377688,1.0,848.4436122127368,-0.4393084372987947,1,1,2,69.71111323381399,0.6263969132556658,1.7405479723630606,0.009062858856964784,-630.0335780384416,62.687196262709634,3.350902654236359,3.1996561015022285,0.15124655273413046,0,1.7949752711548526,nan
GT+smooth-jitter_controlled_forward3x6_SoftMS_local_prior_3frame_causal_heading_continuous_waypoint_RNN_polynomial_Kalman,1,controlled_gt_jitter,8.0,-622.2311153720526,64.51160044569177,2.537073104509881,1.9504241456429408,0,0,6,-626.3910226231052,62.486229245387435,-624.7681884765625,62.56117630004883,-1,-626.3910522460938,62.486228942871094,-626.3910226231052,62.486229245387435,0.0,0,0.0,0.0,266,/yh/study/uav-sat/v36_GvsK/v36_training_data/routes/route_C/vi/vi_000266.jpg,-624.7681884765625,62.56117630004883,853.6929218498786,-0.009242625190356906,1,3.5087722076847587,3.5087722076847587,1,3.5087722076847587,-6.195163203424106,0.0001857825660569439,852.091627414778,-0.463449305634757,-626.4084591233618,62.27840469310621,1.6644661535892917,13.525333289836697,1,0.0,0,0,0.19253711346153174,1.0,856.0101318359375,2.197906732559204,1,1,6,18,1,-7.300880546858873,-618.8848266601562,60.55495071411133,-618.6893310546875,62.68084716796875,1,-618.6893310546875,62.68084716796875,859.7252197265625,0.7509464025497437,0.9757204055786133,0.014599569141864777,4.0,4.0,1,855.7271118164062,0.4252108931541443,2.080066989191405,21.089859008789062,8.313443183898926,0.19253711346153174,855.7271118164062,0.4252108931541443,854.8711044767972,0.42521089315414434,0.8560073396090067,0.0,0.0,1,3.6480950776876218,3.6480152020413295,-0.024140868335962296,3.1957077980041504,-0.0245208777487278,0.7859060168266296,0.040999460965394974,-1.2607156766707188,0.0,-7.315422873375477,-7.315422873375477,1.1202596699513705,3.5877037048339844,-0.08297740668058395,0.009379025210551003,1.0,852.0870457286071,-0.25494490706263473,1,1,2,66.06767971794363,0.6459231830960486,1.6058761212715353,0.31306440968060834,-626.3910226231052,62.486229245387435,3.64809507768758,3.5087722076847587,0.1393228700028213,0,1.624563857836111,nan
GT+smooth-jitter_controlled_forward3x6_SoftMS_local_prior_3frame_causal_heading_continuous_waypoint_RNN_polynomial_Kalman,1,controlled_gt_jitter,8.0,-619.1249677873366,64.25481700781462,2.4676835798508754,2.0383520114767264,0,0,6,-623.0761155634269,62.258059122842575,-621.5926513671875,62.21646499633789,-1,-623.0761108398438,62.258060455322266,-623.0761155634269,62.258059122842575,0.0,0,0.0,0.0,267,/yh/study/uav-sat/v36_GvsK/v36_training_data/routes/route_C/vi/vi_000267.jpg,-621.5926513671875,62.21646499633789,856.887104118488,-0.01708168288412464,1,3.1941918877744064,3.1941918877744064,1,3.1941918877744064,-6.19532034326997,-0.00015713984586422422,855.40970693655,-0.2792947809481471,-623.0894648046362,62.11154752654658,1.5004859686096743,12.973048820398885,1,0.0,0,0,0.1840589554942027,1.0,859.1260375976562,2.270185947418213,1,1,6,18,1,-7.305970318451002,-618.945556640625,51.038639068603516,-614.663818359375,62.34803009033203,1,-614.663818359375,62.34803009033203,863.763427734375,0.8445889949798584,0.9626633524894714,0.00833575427532196,4.0,4.0,1,859.7651977539062,0.5149697661399841,2.926858677600177,21.144229888916016,8.325748443603516,0.1840589554942027,859.7651977539062,0.5149697661399841,858.1658690641591,0.5149697661399841,1.5993286897471553,0.0,0.0,1,3.322750429858819,3.322661207942923,-0.024349873885512352,3.2036705017089844,-0.024799581617116928,0.7891275882720947,0.04097771644592285,-1.2652563650866022,0.0,-7.31996356179136,-7.31996356179136,1.1246432185213895,3.597261667251587,-0.08376261591911316,0.00819490691162184,1.0,855.4075279598633,-0.13219242831344213,1,1,2,62.74719748668747,0.6637186586454948,1.4795761586246954,0.00947861393457794,-623.0761155634269,62.258059122842575,3.3227504298588113,3.1941918877744064,0.12855854208440487,0,1.4840472003558274,nan
GT+smooth-jitter_controlled_forward3x6_SoftMS_local_prior_3frame_causal_heading_continuous_waypoint_RNN_polynomial_Kalman,1,controlled_gt_jitter,8.0,-615.9271428411564,64.02123626048808,2.395550029937362,2.1240804987693296,0,0,6,-619.6805500207214,62.019183896030796,-618.3226928710938,61.89715576171875,-1,-619.6805419921875,62.01918411254883,-619.6805500207214,62.019183896030796,0.0,0,0.0,0.0,268,/yh/study/uav-sat/v36_GvsK/v36_training_data/routes/route_C/vi/vi_000268.jpg,-618.3226928710938,61.89715576171875,860.1725016973755,0.010299006083299577,1,3.285511673010577,3.285511673010577,1,3.285511673010577,-5.577211989269609,0.6181083540003615,858.811396598034,-0.15678964098567572,-619.6938294081294,61.87456584718253,1.3713226124559292,12.953290629317797,1,0.0,0,0,0.187409077767171,1.0,862.3306274414062,2.3752083778381348,1,1,6,18,1,-7.310867990972724,-604.7515869140625,50.94916915893555,-609.285888671875,62.19828414916992,1,-609.285888671875,62.19828414916992,869.1271362304688,1.2629317045211792,0.9663271307945251,0.010481834411621094,4.0,4.0,1,865.12890625,0.9321914911270142,5.041411691506178,21.168031692504883,8.331109046936035,0.187409077767171,865.12890625,0.9321914911270142,861.5767715618937,0.9321914911270142,3.5521346881062996,0.0,0.0,1,3.4039575098395956,3.403868638170712,-0.02459721267223358,3.2054858207702637,-0.02503068931400776,0.7897204160690308,0.040849290788173676,-1.2633835058718434,0.0,-7.318090702576601,-7.318090702576601,1.7408787133069925,3.5993692874908447,-0.08398684859275818,0.0065974542574515635,1.0,858.8093478848241,-0.011577640941611192,1,1,2,59.34537756172665,0.6819500476673713,1.3631538125514453,0.08002585224031344,-619.6805500207214,62.019183896030796,3.403957509839606,3.285511673010577,0.1184458368290291,0,1.3633293455209565,nan
GT+smooth-jitter_controlled_forward3x6_SoftMS_local_prior_3frame_causal_heading_continuous_waypoint_RNN_polynomial_Kalman,1,controlled_gt_jitter,8.0,-612.7342614160606,63.78560293501002,2.3207312597207186,2.2075351554690066,0,0,6,-616.2915083068689,61.86879894627085,-615.0549926757812,61.578067779541016,-1,-616.29150390625,61.868797302246094,-616.2915083068689,61.86879894627085,0.0,0,0.0,0.0,269,/yh/study/uav-sat/v36_GvsK/v36_training_data/routes/route_C/vi/vi_000269.jpg,-615.0549926757812,61.578067779541016,863.4556302358392,0.0376615122031044,1,3.283242559850796,3.283242559850796,1,3.283242559850796,-5.577199294765469,1.269450413966861e-05,862.201633627968,-0.03641326474236574,-616.3098072939775,61.63667527985247,1.256182536549471,12.01147760298469,1,0.0,0,0,0.16227407250169668,1.0,865.5305786132812,2.477668285369873,1,1,6,18,1,-7.3133959080175694,-604.6300048828125,69.9817886352539,-609.2623901367188,62.28112030029297,1,-609.2623901367188,62.28112030029297,869.1417846679688,1.3477842807769775,0.9666017293930054,0.0004882439970970154,4.0,4.0,1,865.1434936523438,1.0123116970062256,1.949057694248944,21.187618255615234,8.335835456848145,0.16227407250169668,865.1434936523438,1.0123116970062256,864.8978873273477,1.0123116970062256,0.2456063249960625,0.0,0.0,1,3.39237665528862,3.3922857431439395,-0.024835623800754547,3.20741605758667,-0.025000087916851044,0.7911073565483093,0.04093126580119133,-1.2577750667896168,0.0,-7.312482263494374,-7.312482263494374,1.7352829687289053,3.6020021438598633,-0.08362054079771042,0.01128522741872189,1.0,862.1953465952872,0.19634567205876352,1,1,2,55.95937885126352,0.7000966459823118,1.260283640551961,0.07582650226412602,-616.2915083068689,61.86879894627085,3.3923766552885506,3.283242559850796,0.10913409543775465,0,1.270234433965685,nan
GT+smooth-jitter_controlled_forward3x6_SoftMS_local_prior_3frame_causal_heading_continuous_waypoint_RNN_polynomial_Kalman,1,controlled_gt_jitter,8.0,-609.5453477332248,63.547759614379046,2.2432875206814553,2.2886424879142044,0,0,6,-612.9124201452601,61.71041062442809,-611.7886352539062,61.259117126464844,-1,-612.9124145507812,61.710411071777344,-612.9124201452601,61.71041062442809,0.0,0,0.0,0.0,270,/yh/study/uav-sat/v36_GvsK/v36_training_data/routes/route_C/vi/vi_000270.jpg,-611.7886352539062,61.259117126464844,866.7374090061445,0.06501894828864001,1,3.281892796319772,3.281892796319772,1,3.281892796319772,-5.577091419205501,0.00010787555996800586,865.57805296077,0.17141959448427202,-612.9303010614152,61.487210794553185,1.164228301261,11.974438778215323,1,0.0,0,0,0.196781219724454,1.0,868.726806640625,2.57751202583313,1,1,6,18,1,-7.313076169787048,-600.0202026367188,50.919342041015625,-603.4871826171875,62.47294998168945,1,-603.4871826171875,62.47294998168945,874.864501953125,2.1477012634277344,0.916975736618042,0.003373384475708008,4.0,4.0,1,870.8662719726562,1.8196386098861694,4.486223306200485,21.169002532958984,8.330860137939453,0.196781219724454,870.8662719726562,1.8196386098861694,868.3692013150123,1.8196386098861694,2.497070657643964,0.0,0.0,1,3.3827982003691743,3.382706365482773,-0.0249260775744915,3.2087292671203613,-0.024923143908381462,0.789176344871521,0.040994130074977875,-1.263322247612725,0.0,-7.3180294443174825,-7.3180294443174825,1.7409380251119817,3.602344036102295,-0.0838685929775238,0.00941334082928244,1.0,865.5722914577683,0.39526037785919965,1,1,2,52.58243398878244,0.7181947219685146,1.1651175483762017,0.0731635291994106,-612.9124201452601,61.71041062442809,3.3827982003691917,3.281892796319772,0.10090540404941972,0,1.2110154017761268,nan
GT+smooth-jitter_controlled_forward3x6_SoftMS_local_prior_3frame_causal_heading_continuous_waypoint_RNN_polynomial_Kalman,1,controlled_gt_jitter,8.0,-607.0441779570857,63.396306392727304,2.1632805390080354,2.367329952297616,0,0,6,-609.7055128313268,61.667679073802034,-609.2074584960938,61.02897644042969,-1,-609.7055053710938,61.66767883300781,-609.7055128313268,61.667679073802034,0.0,0,0.0,0.0,271,/yh/study/uav-sat/v36_GvsK/v36_training_data/routes/route_C/vi/vi_000271.jpg,-609.2074584960938,61.02897644042969,869.3284618012714,0.10841944719755622,1,2.591416251866956,2.591416251866956,1,2.591416251866956,-5.095084567196268,0.4820068520092333,868.7793866039475,0.3703359133354074,-609.7258443256821,61.347347197931555,0.6083451385113248,11.222206347216357,1,0.0,0,0,0.1983940103984252,1.0,871.22998046875,2.6907219886779785,1,1,6,18,1,-7.314809863897468,-600.0202026367188,50.919342041015625,-603.5020751953125,62.510562896728516,1,-603.5020751953125,62.510562896728516,874.8457641601562,2.1835334300994873,0.91586834192276,0.003774873912334442,4.0,4.0,1,870.847412109375,1.842374324798584,2.305170179410735,21.22254180908203,8.344212532043457,0.1983940103984252,870.847412109375,1.842374324798584,870.847412109375,1.842374324798584,0.0,0.0,0.0,1,3.2071919969933167,3.207095146179199,-0.024924464523792267,3.2091140747070312,-0.025282852351665497,0.7930601835250854,0.04078352451324463,-1.2443013447130031,0.0,-7.299008541417761,-7.299008541417761,2.203923974221493,3.6046879291534424,-0.08318811655044556,0.009642983083508071,1.0,868.76581671444,0.6910253869078692,1,1,2,49.388908732110735,0.735309796425679,0.5626450868313668,0.6176978228400754,-609.7055128313268,61.667679073802034,3.207191996993232,2.591416251866956,0.615775745126276,0,0.8099377597823305,nan
GT+smooth-jitter_controlled_forward3x6_SoftMS_local_prior_3frame_causal_heading_continuous_waypoint_RNN_polynomial_Kalman,1,controlled_gt_jitter,8.0,-604.5463016482641,63.24244562821715,2.080773547048348,2.4435259504827704,0,0,6,-606.5422915948069,61.598239367844876,-606.6270751953125,60.798919677734375,-1,-606.5422973632812,61.59823989868164,-606.5422915948069,61.598239367844876,0.0,0,0.0,0.0,272,/yh/study/uav-sat/v36_GvsK/v36_training_data/routes/route_C/vi/vi_000272.jpg,-606.6270751953125,60.798919677734375,871.9187167134925,0.15181970902622252,1,2.5906184769302842,2.5906184769302842,1,2.5906184769302842,-5.094794270145659,0.00029029705060881295,871.9187167134925,0.6659038098238047,-606.572850629663,61.310136030341546,0.5140841007975822,9.519369538629302,1,0.0,0,0,0.32770013752941046,1.0,873.7301635742188,2.8011906147003174,1,1,6,18,1,-7.309279438382169,-595.2888793945312,50.88951110839844,-599.6268310546875,61.883636474609375,1,-599.6268310546875,61.883636474609375,878.7655029296875,1.9688574075698853,0.9317092299461365,0.05898232012987137,4.0,4.0,1,874.7672729492188,1.6377493143081665,3.212827324950456,21.176578521728516,8.332636833190918,0.32770013752941046,874.7672729492188,1.6377493143081665,874.7672729492188,1.6377493143081665,0.0,0.0,0.0,1,3.2083038161693684,3.208205461502075,-0.025121577084064484,3.210031509399414,-0.02516143210232258,0.7915636301040649,0.04085329920053482,-1.269695667881993,0.0,-7.324402864586751,-7.324402864586751,2.2296085944410913,3.604823112487793,-0.0846332386136055,0.02376743638775282,1.0,871.9187167134925,0.9556233081180892,1,1,2,46.23600873305827,0.7522071477546037,0.0,0.6194130324691298,-606.5422915948069,61.598239367844876,3.163983322322355,2.5906184769302842,0.5733648453920708,0,0.8038035990918682,nan
GT+smooth-jitter_controlled_forward3x6_SoftMS_local_prior_3frame_causal_heading_continuous_waypoint_RNN_polynomial_Kalman,1,controlled_gt_jitter,8.0,-602.0517761041752,63.086095224724126,1.9958313176997398,2.5171598304370133,0,0,6,-603.9461866400463,61.5251064865581,-604.047607421875,60.56893539428711,-1,-603.9461669921875,61.525108337402344,-603.9461866400463,61.5251064865581,0.0,0,0.0,0.0,273,/yh/study/uav-sat/v36_GvsK/v36_training_data/routes/route_C/vi/vi_000273.jpg,-604.047607421875,60.56893539428711,874.508053560548,0.19519547778904964,1,2.589700130292186,2.589700130292186,1,2.589700130292186,-5.094995811225661,-0.00020154108000212617,874.508053560548,0.9304798114259085,-603.970051096833,61.30011804433961,0.7352843336368733,8.778603721284453,1,0.0,0,0,0.34847454074386514,1.0,876.2272338867188,2.908829927444458,1,1,6,18,1,-7.314572621545516,-595.2888793945312,50.88951110839844,-595.6586303710938,61.61939239501953,1,-595.6586303710938,61.61939239501953,882.7394409179688,2.124645233154297,0.9300177693367004,0.0669199600815773,4.0,4.0,1,878.7412109375,1.7949557304382324,4.525356808473742,21.166698455810547,8.32932186126709,0.34847454074386514,878.7412109375,1.7949557304382324,877.7163585475936,1.7949557304382324,1.0248523899063926,0.0,0.0,1,3.2093084145153083,3.20920991897583,-0.025143496692180634,3.206986427307129,-0.02495332434773445,0.7884078621864319,0.0409197062253952,-1.2667380892496718,0.0,-7.32144528595443,-7.32144528595443,2.2264494747287684,3.6002109050750732,-0.08410370349884033,0.029114874476193292,1.0,874.508053560548,1.156730361545963,1,1,2,43.646671886002764,0.7660841925155464,0.0,0.6172862970149429,-603.9461866400463,61.5251064865581,2.5971348356328456,2.589700130292186,0.0074347053406595975,0,0.9615348837569231,nan
GT+smooth-jitter_controlled_forward3x6_SoftMS_local_prior_3frame_causal_heading_continuous_waypoint_RNN_polynomial_Kalman,1,controlled_gt_jitter,8.0,-601.281116029081,63.00864834171777,1.9085202013877478,2.5881618915224607,0,0,6,-603.0695997750004,61.55216170124305,-603.1896362304688,60.42048645019531,-1,-603.069580078125,61.552162170410156,-603.0695997750004,61.55216170124305,0.0,0,0.0,0.0,274,/yh/study/uav-sat/v36_GvsK/v36_training_data/routes/route_C/vi/vi_000274.jpg,-603.1896362304688,60.42048645019531,875.3768967749837,0.13807172603795848,1,0.8707190444024006,0.8707190444024006,1,0.8707190444024006,-9.816313525350353,-4.721317714124692,875.3768967749837,1.1482354761018123,-603.0830861728086,61.42501513926083,1.0101637500638492,8.240446734644985,1,0.0,0,0,0.3243307353890315,1.0,877.0017700195312,2.913102865219116,1,1,6,18,1,-7.3169780220721234,-595.2888793945312,50.88951110839844,-595.6390991210938,61.70990753173828,1,-595.6390991210938,61.70990753173828,882.7493286132812,2.2167155742645264,0.9388597011566162,0.05920766294002533,4.0,4.0,1,878.7510986328125,1.888580083847046,3.801252121095653,21.150009155273438,8.327497482299805,0.3243307353890315,878.7510986328125,1.888580083847046,878.5188062973035,1.888580083847046,0.23229233550894302,0.0,0.0,1,1.0883988055030005,1.0883656539700475,-0.00849488544415068,3.2068400382995605,-0.025012873113155365,0.7901480197906494,0.040930189192295074,-1.2528628801159083,0.0,-7.3075700768206655,-7.3075700768206655,2.508743448529687,3.6009533405303955,-0.08330196142196655,0.02996385685775005,1.0,875.3768967749837,1.2760952866356208,1,1,2,42.77782867156702,0.7707405879129535,0.0,2.33612099389716,-603.0695997750004,61.55216170124305,0.8770042854015947,0.8707190444024006,0.006285240999194142,0,1.1380235605976594,nan
GT+smooth-jitter_controlled_forward3x6_SoftMS_local_prior_3frame_causal_heading_continuous_waypoint_RNN_polynomial_Kalman,1,controlled_gt_jitter,8.0,-600.5129399792639,62.928535233243906,1.8189081652673036,2.6564633948650016,0,0,6,-602.1943106601692,61.5687426417327,-602.3318481445312,60.272071838378906,-1,-602.1943359375,61.56874084472656,-602.1943106601692,61.5687426417327,0.0,0,0.0,0.0,275,/yh/study/uav-sat/v36_GvsK/v36_training_data/routes/route_C/vi/vi_000275.jpg,-602.3318481445312,60.272071838378906,876.2455542840796,0.08096280144468268,1,0.8705327664005155,0.8705327664005155,1,0.8705327664005155,-9.816141613721106,0.00017191162924656264,876.2455542840796,1.2676054048224688,-602.2066834493975,61.45209491749359,1.186642603377794,7.808472884484828,1,0.0,0,0,0.3273628251588717,1.0,877.7741088867188,2.9144623279571533,1,1,6,18,1,-7.313685230561943,-595.2888793945312,50.88951110839844,-595.66162109375,61.71384048461914,1,-595.66162109375,61.71384048461914,882.7265014648438,2.2182509899139404,0.9373884797096252,0.06009683012962341,4.0,4.0,1,878.7282104492188,1.885009765625,3.0689032378476013,21.19274139404297,8.336118698120117,0.3273628251588717,878.7282104492188,1.885009765625,878.7282104492188,1.885009765625,0.0,0.0,0.0,1,1.0881659580006444,1.0881328384247297,-0.008489881813152113,3.2093703746795654,-0.025070369243621826,0.7900965809822083,0.040917620062828064,-1.2494255874160993,0.0,-7.304132784120857,-7.304132784120857,2.5120088296002496,3.6034610271453857,-0.08320431411266327,0.020723450927254264,1.0,876.2455542840796,1.3849074827386452,1,1,2,41.909171162471125,0.7753959880588869,0.0,2.33883760827905,-602.1943106601692,61.5687426417327,0.8754461503310412,0.8705327664005155,0.004913383930525761,0,1.3039446812939595,nan
GT+smooth-jitter_controlled_forward3x6_SoftMS_local_prior_3frame_causal_heading_continuous_waypoint_RNN_polynomial_Kalman,1,controlled_gt_jitter,8.0,-599.7469952243264,62.84565380555971,1.7270648342674193,2.721996578997206,0,0,6,-601.3201848319951,61.574356391342036,-601.4740600585938,60.1236572265625,-1,-601.3201904296875,61.57435607910156,-601.3201848319951,61.574356391342036,0.0,0,0.0,0.0,276,/yh/study/uav-sat/v36_GvsK/v36_training_data/routes/route_C/vi/vi_000276.jpg,-601.4740600585938,60.1236572265625,877.1142117931755,0.023853876851406892,1,0.8705327664005155,0.8705327664005155,1,0.8705327664005155,-9.816141613721106,0.0,877.1142117931755,1.3764119929207705,-601.3313949260876,61.468670281262,1.3525581160693563,7.457165024885893,1,0.0,0,0,0.34141881633166227,1.0,878.5445556640625,2.9128334522247314,1,1,6,18,1,-7.310341852963222,-595.2888793945312,50.88951110839844,-595.6676025390625,61.6837158203125,1,-595.6676025390625,61.6837158203125,882.7237548828125,2.1876635551452637,0.9336913228034973,0.06490585207939148,4.0,4.0,1,878.7254638671875,1.8580741882324219,2.4414129918329026,21.192928314208984,8.335780143737793,0.34141881633166227,878.7254638671875,1.8580741882324219,878.7254638671875,1.8580741882324219,0.0,0.0,0.0,1,1.0881659580006444,1.0881327946552364,-0.008495489817874525,3.2126519680023193,-0.02513437531888485,0.7905122637748718,0.04093378409743309,-1.2550961385310908,0.0,-7.3098033352358485,-7.3098033352358485,2.5063382784852584,3.606940269470215,-0.08369328826665878,0.009768238707225116,1.0,877.1142117931755,1.4826909657865697,1,1,2,41.04051365337523,0.7800513882048202,0.0,2.342119201601804,-601.3201848319951,61.574356391342036,0.8741438541028212,0.8705327664005155,0.003611087702305782,0,1.4588370889351652,nan
GT+smooth-jitter_controlled_forward3x6_SoftMS_local_prior_3frame_causal_heading_continuous_waypoint_RNN_polynomial_Kalman,1,controlled_gt_jitter,8.0,-599.8035839742261,62.8860893342683,1.6330615335863912,2.7846946809479856,0,0,6,-601.2794676068977,61.58323064875051,-601.4366455078125,60.10139465332031,-1,-601.2794799804688,61.583229064941406,-601.2794676068977,61.58323064875051,0.0,0,0.0,0.0,277,/yh/study/uav-sat/v36_GvsK/v36_training_data/routes/route_C/vi/vi_000277.jpg,-601.4366455078125,60.10139465332031,877.1537658438019,0.005661904540017119,1,0.043537004691715966,0.043537004691715966,1,0.043537004691715966,-30.7536809842792,-12.000000000000002,877.1537658438019,1.48226560624342,-601.2808962943333,61.56976132223675,1.4766037017033902,7.3966770844686796,1,0.0,0,0,0.31036496851209555,1.0,878.4840087890625,2.9470746517181396,1,1,6,18,1,-7.310153382430812,-595.2888793945312,50.88951110839844,-595.594482421875,61.765830993652344,1,-595.594482421875,61.765830993652344,882.7877807617188,2.2770330905914307,0.9440491795539856,0.05476304143667221,4.0,4.0,1,878.789794921875,1.938673496246338,2.53241484713144,20.83258628845215,8.264627456665039,0.31036496851209555,878.789794921875,1.938673496246338,878.789794921875,1.938673496246338,0.0,0.0,0.0,1,0.054421255864644955,0.05441959352240886,-0.00042535954314955354,3.106645107269287,-0.0222478024661541,0.7583922147750854,0.040481086820364,-1.2023946123386842,0.0,-7.257101809043442,-7.257101809043442,23.49657917523576,3.4850316047668457,-0.07515442371368408,0.008772967425737473,1.0,877.1537658438019,1.4958104910536538,1,1,2,41.00095960274882,0.7802633704085429,0.0,3.063108102577571,-601.2794676068977,61.58323064875051,0.04167307121133464,0.043537004691715966,0.0,0,1.4901485865136341,nan
GT+smooth-jitter_controlled_forward3x6_SoftMS_local_prior_3frame_causal_heading_continuous_waypoint_RNN_polynomial_Kalman,1,controlled_gt_jitter,8.0,-599.862198589641,62.923627857701895,1.5369713322339578,2.844491962926503,0,0,6,-601.2386001786126,61.5929493759231,-601.399169921875,60.07913589477539,-1,-601.2385864257812,61.59294891357422,-601.2386001786126,61.5929493759231,0.0,0,0.0,0.0,278,/yh/study/uav-sat/v36_GvsK/v36_training_data/routes/route_C/vi/vi_000278.jpg,-601.399169921875,60.07913589477539,877.1933801867415,-0.01251983648732385,1,0.043587519696813216,0.043587519696813216,1,0.043587519696813216,-30.708345893455157,0.04533509082404539,877.1933801867415,1.4954039707264253,-601.2401171261322,61.5786479542562,1.5079238072137384,7.378164638057635,1,0.0,0,0,0.31042822394136343,1.0,878.4217529296875,2.9782211780548096,1,1,6,18,1,-7.2915852997287205,-595.2888793945312,50.88951110839844,-595.59814453125,61.7994499206543,1,-595.59814453125,61.7994499206543,882.7805786132812,2.3100781440734863,0.9470309019088745,0.055444322526454926,4.0,4.0,1,878.7825927734375,1.970768928527832,2.541462368627309,20.868507385253906,8.271805763244629,0.31042822394136343,878.7825927734375,1.970768928527832,878.7825927734375,1.970768928527832,0.0,0.0,0.0,1,0.05448439962101652,0.05448288303023414,-0.00040652032722845484,3.1089742183685303,-0.02253524772822857,0.757381796836853,0.04031289741396904,-1.1794983241369204,0.0,-7.2342055208416784,-7.2342055208416784,23.474140372613476,3.486877202987671,-0.07417074590921402,0.008381309235843274,1.0,877.1933801867415,1.5097856184578804,1,1,2,40.96134525980926,0.7804756757371342,0.0,3.065386698671717,-601.2386001786126,61.5929493759231,0.042007146445475214,0.043587519696813216,0.0,0,1.5223054549451922,nan
GT+smooth-jitter_controlled_forward3x6_SoftMS_local_prior_3frame_causal_heading_continuous_waypoint_RNN_polynomial_Kalman,1,controlled_gt_jitter,8.0,-599.9228252487304,62.9581894368612,1.4388690872070669,2.9013237447225273,0,0,6,-601.1973697069153,61.60607934624456,-601.3616943359375,60.05686569213867,-1,-601.1973876953125,61.6060791015625,-601.1973697069153,61.60607934624456,0.0,0,0.0,0.0,279,/yh/study/uav-sat/v36_GvsK/v36_training_data/routes/route_C/vi/vi_000279.jpg,-601.3616943359375,60.05686569213867,877.232995736781,-0.030712957767151033,1,0.04359336494054413,0.04359336494054413,1,0.04359336494054413,-30.72127801717757,-0.012932123722415602,877.232995736781,1.509385385384036,-601.1992478343137,61.58837280628708,1.540098343151176,7.488455336928295,1,0.0,0,0,0.28922607246402654,1.0,878.3577880859375,3.006195306777954,1,1,6,18,1,-7.271502409134768,-595.2888793945312,50.88951110839844,-595.6260375976562,61.92656326293945,1,-595.6260375976562,61.92656326293945,882.7394409179688,2.4335403442382812,0.9523332715034485,0.04812998324632645,4.0,4.0,1,878.7413940429688,2.0932297706604004,2.605071623535605,20.913135528564453,8.281431198120117,0.28922607246402654,878.7413940429688,2.0932297706604004,878.7413940429688,2.0932297706604004,0.0,0.0,0.0,1,0.054491706175680166,0.054490236331137906,-0.00040023307384439474,3.1209120750427246,-0.02304980717599392,0.7630581259727478,0.04023769497871399,-1.1766996541245076,0.0,-7.231406850829267,-7.231406850829267,23.4898711663483,3.5016424655914307,-0.07485591620206833,0.007112016350185933,1.0,877.232995736781,1.5271912529503882,1,1,2,40.92172970976969,0.7806879875349421,0.0,3.0773187101021806,-601.1973697069153,61.60607934624456,0.0432706357363136,0.04359336494054413,0.0,0,1.5579042107175294,nan
GT+smooth-jitter_controlled_forward3x6_SoftMS_local_prior_3frame_causal_heading_continuous_waypoint_RNN_polynomial_Kalman,1,controlled_gt_jitter,8.0,-599.7607168519671,63.056528724634674,1.338831487876669,2.955126441919834,0,0,6,-600.9372711295435,61.631313358390045,-601.0995483398438,60.101402282714844,-1,-600.937255859375,61.63131332397461,-600.9372711295435,61.631313358390045,0.0,0,0.0,0.0,280,/yh/study/uav-sat/v36_GvsK/v36_training_data/routes/route_C/vi/vi_000280.jpg,-601.0995483398438,60.101402282714844,877.4889817563641,0.04122582833709109,1,0.2659022962821757,0.2659022962821757,1,0.2659022962821757,9.642048706721152,12.000000000000002,877.4889817563641,1.5247425844563693,-600.9430699511723,61.57664344251396,1.4835167561192732,7.389843680100621,1,0.0,0,0,0.32796217891935264,1.0,878.5086669921875,3.121084690093994,1,1,6,18,1,-7.25746893171133,-595.2888793945312,50.88951110839844,-595.6304321289062,61.73591613769531,1,-595.6304321289062,61.73591613769531,882.7551879882812,2.2434933185577393,0.9416334629058838,0.061270467936992645,4.0,4.0,1,878.7572631835938,1.913882851600647,2.2617210494298328,20.866920471191406,8.268013954162598,0.32796217891935264,878.7572631835938,1.913882851600647,878.7572631835938,1.913882851600647,0.0,0.0,0.0,1,0.33237787035271965,0.3323688504099259,-0.0024486684940188234,3.131006956100464,-0.02221672609448433,0.7623996734619141,0.04107297584414482,-1.1971941703376598,0.0,-7.251901367042417,-7.251901367042417,16.89395007376357,3.5114052295684814,-0.07506202906370163,0.005793503475878061,1.0,877.4889817563641,1.5797191797872978,1,1,2,40.66574369018667,0.7820598945759161,0.0,2.865104659818288,-600.9372711295435,61.631313358390045,0.2613197759829397,0.2659022962821757,0.0,0,1.5384933514502,nan
GT+smooth-jitter_controlled_forward3x6_SoftMS_local_prior_3frame_causal_heading_continuous_waypoint_RNN_polynomial_Kalman,1,controlled_gt_jitter,8.0,-599.6007093842175,63.151734521613214,1.2369371001575251,3.00583760999212,0,0,6,-600.6781203732365,61.64987127646629,-600.837646484375,60.145896911621094,-1,-600.6781005859375,61.649871826171875,-600.6781203732365,61.64987127646629,0.0,0,0.0,0.0,281,/yh/study/uav-sat/v36_GvsK/v36_training_data/routes/route_C/vi/vi_000281.jpg,-600.837646484375,60.145896911621094,877.7447294232607,0.11309713538267459,1,0.26565457628183053,0.26565457628183053,1,0.26565457628183053,9.641945781956183,-0.00010292476496831385,877.7447294232607,1.5773224405846604,-600.6832029194709,61.601954235236335,1.4642253052019927,7.34027405072137,1,0.0,0,0,0.324259659085311,1.0,878.65771484375,3.2326366901397705,1,1,6,18,1,-7.2555203000854664,-595.2888793945312,50.88951110839844,-595.6370849609375,61.70753479003906,1,-595.6370849609375,61.70753479003906,882.7515869140625,2.2145683765411377,0.9380006790161133,0.058990247547626495,4.0,4.0,1,878.753662109375,1.8865512609481812,2.0403638647543403,20.895496368408203,8.273971557617188,0.324259659085311,878.753662109375,1.8865512609481812,878.753662109375,1.8865512609481812,0.0,0.0,0.0,1,0.3320682203522881,0.33205957087415855,-0.0023967392026374183,3.138073205947876,-0.02258732169866562,0.7648437023162842,0.04098505899310112,-1.2006102254180182,0.0,-7.255317422122777,-7.255317422122777,16.89726320407896,3.5196783542633057,-0.07585950940847397,0.003622439132219686,1.0,877.7447294232607,1.625508279961581,1,1,2,40.40999602329009,0.7834305242122519,0.0,2.872418629666045,-600.6781203732365,61.64987127646629,0.2598143776195209,0.26565457628183053,0.0,0,1.5124111445789072,nan
GT+smooth-jitter_controlled_forward3x6_SoftMS_local_prior_3frame_causal_heading_continuous_waypoint_RNN_polynomial_Kalman,1,controlled_gt_jitter,8.0,-599.4421120079422,63.24384475531093,1.1332664100265364,3.053395994324602,0,0,6,-600.4187439073002,61.667161801970416,-600.5753784179688,60.19044876098633,-1,-600.4187622070312,61.66716003417969,-600.4187439073002,61.667161801970416,0.0,0,0.0,0.0,282,/yh/study/uav-sat/v36_GvsK/v36_training_data/routes/route_C/vi/vi_000282.jpg,-600.5753784179688,60.19044876098633,878.0008352227369,0.18506397089000184,1,0.26602519793872104,0.26602519793872104,1,0.26602519793872104,9.6408851084364,-0.0010606735197832427,878.0008352227369,1.623111854112054,-600.4236959953263,61.62047468980746,1.4380478832220522,7.334989933434292,1,0.0,0,0,0.3185213388836757,1.0,878.8057250976562,3.3409616947174072,1,1,6,18,1,-7.255449330151122,-595.2888793945312,50.88951110839844,-595.6276245117188,61.726646423339844,1,-595.6276245117188,61.726646423339844,882.7589721679688,2.2345714569091797,0.9389213919639587,0.05689747631549835,4.0,4.0,1,878.7608642578125,1.8963654041290283,1.8724841066251325,21.01622772216797,8.301671981811523,0.3185213388836757,878.7608642578125,1.8963654041290283,878.7608642578125,1.8963654041290283,0.0,0.0,0.0,1,0.33253149742340127,0.3325228622543076,-0.0023964258495269815,3.152677536010742,-0.02325304038822651,0.7723407745361328,0.04087084159255028,-1.1877362793278963,0.0,-7.242443476032654,-7.242443476032654,16.883328584469055,3.538029193878174,-0.07617175579071045,0.0020694600317169966,1.0,878.0008352227369,1.67006086494225,1,1,2,40.153890223813846,0.7848030731901534,0.0,2.8866523380720213,-600.4187439073002,61.667161801970416,0.25995213665953393,0.26602519793872104,0.0,0,1.4849968940522609,nan
GT+smooth-jitter_controlled_forward3x6_SoftMS_local_prior_3frame_causal_heading_continuous_waypoint_RNN_polynomial_Kalman,1,controlled_gt_jitter,8.0,-598.8698642473299,63.272389871089416,1.0279018659513437,3.0977415861773068,0,0,6,-599.7422671252247,61.640655887852624,-599.8977661132812,60.17464828491211,-1,-599.7422485351562,61.640655517578125,-599.7422671252247,61.640655887852624,0.0,0,0.0,0.0,283,/yh/study/uav-sat/v36_GvsK/v36_training_data/routes/route_C/vi/vi_000283.jpg,-599.8977661132812,60.17464828491211,878.6763341621079,0.24082483007216793,1,0.6777964963822676,0.6777964963822676,1,0.6777964963822676,-1.335773513826523,-10.976658622262923,878.6763341621079,1.6638762039593809,-599.747665492534,61.58976136038472,1.4230513738872053,7.345924731369711,1,0.0,0,0,0.31583351883653554,1.0,879.3717651367188,3.4297070503234863,1,1,6,18,1,-7.250897329234426,-595.2888793945312,50.88951110839844,-595.61572265625,61.726409912109375,1,-595.61572265625,61.726409912109375,882.7708129882812,2.2355916500091553,0.9402713775634766,0.056119345128536224,4.0,4.0,1,878.772705078125,1.9023990631103516,1.6643666318904602,21.01317024230957,8.300817489624023,0.31583351883653554,878.772705078125,1.9023990631103516,878.772705078125,1.9023990631103516,0.0,0.0,0.0,0,0.8472456204778345,0.847223047011469,-0.006184660982869031,3.1567060947418213,-0.02319703809916973,0.7719766497612,0.04099756106734276,-1.182864433458973,0.0,-7.237571630163729,-7.237571630163729,5.901798116337207,3.541883707046509,-0.07583098858594894,0.00020737482394899944,1.0,878.6763341621079,1.7150562322495913,1,1,2,39.478391284442864,0.788423277733367,0.0,2.4789095983595537,-599.7422671252247,61.640655887852624,0.676995864219597,0.6777964963822676,0.0,0,1.4742314021774254,nan
GT+smooth-jitter_controlled_forward3x6_SoftMS_local_prior_3frame_causal_heading_continuous_waypoint_RNN_polynomial_Kalman,1,controlled_gt_jitter,8.0,-598.36081036146,63.299101634285144,0.9209279197899424,3.1388156845781117,0,0,6,-599.2446917007434,61.62325005499477,-599.28173828125,60.16028594970703,-1,-599.2446899414062,61.62324905395508,-599.2446917007434,61.62325005499477,0.0,0,0.0,0.0,284,/yh/study/uav-sat/v36_GvsK/v36_training_data/routes/route_C/vi/vi_000284.jpg,-599.28173828125,60.16028594970703,879.2904404771913,0.29152000030024516,1,0.6161952340854845,0.6161952340854845,1,0.6161952340854845,-1.3355762477513333,0.00019726607518958246,879.2904404771913,1.7094130483316314,-599.1321817504261,61.57026947434256,1.4178930480313796,7.336095862766505,1,0.0,0,0,0.319402932558097,1.0,879.8751831054688,3.5099637508392334,1,1,6,18,1,-7.246233377248365,-595.2888793945312,50.88951110839844,-595.6326293945312,61.72822952270508,1,-595.6326293945312,61.72822952270508,882.7537841796875,2.2356176376342773,0.9385625720024109,0.05717117339372635,4.0,4.0,1,878.7555541992188,1.8959096670150757,1.691203575275497,21.074228286743164,8.314220428466797,0.319402932558097,878.7555541992188,1.8959096670150757,878.7555541992188,1.8959096670150757,0.0,0.0,0.0,0,0.7702440426068555,0.7702233699691405,-0.005643183917959707,3.163870096206665,-0.02375074103474617,0.7764473557472229,0.040770672261714935,-1.1830522636611485,0.0,-7.237759460365906,-7.237759460365906,5.902183212614571,3.551267147064209,-0.07670366764068604,0.0010219718726324776,1.0,879.172969862338,1.7502307588584987,1,1,2,38.98175558421269,0.7910848997041867,0.11747061485323229,2.5476748621211804,-599.2446917007434,61.62325005499477,0.49787977069289013,0.6161952340854845,0.0,0,1.4634330946399934,nan
GT+smooth-jitter_controlled_forward3x6_SoftMS_local_prior_3frame_causal_heading_continuous_waypoint_RNN_polynomial_Kalman,1,controlled_gt_jitter,8.0,-597.8532183483425,63.32248076391134,0.8124310657200285,3.1765609641066517,0,0,6,-598.7651472604164,61.60167342006045,-598.6656494140625,60.14591979980469,-1,-598.76513671875,61.6016731262207,-598.7651472604164,61.60167342006045,0.0,0,0.0,0.0,285,/yh/study/uav-sat/v36_GvsK/v36_training_data/routes/route_C/vi/vi_000285.jpg,-598.6656494140625,60.14591979980469,879.9046078893211,0.34221781497738374,1,0.6162563415782377,0.6162563415782377,1,0.6162563415782377,-1.3357985528918277,-0.0002223051404942451,879.9046078893211,1.7445105444302098,-598.5177383737285,61.54039003011568,1.4022927294528298,7.327458263588173,1,0.0,0,0,0.3193004699385539,1.0,880.37744140625,3.586752414703369,1,1,6,18,1,-7.243267474322994,-595.2888793945312,50.88951110839844,-595.63623046875,61.73401641845703,1,-595.63623046875,61.73401641845703,882.7496337890625,2.240992546081543,0.9401803612709045,0.05748610198497772,4.0,4.0,1,878.75146484375,1.9041965007781982,1.9415242204117193,21.09048080444336,8.317056655883789,0.3193004699385539,878.75146484375,1.9041965007781982,878.75146484375,1.9041965007781982,0.0,0.0,0.0,0,0.770320426972797,0.7702991882109488,-0.005720214428288919,3.1718273162841797,-0.02382058836519718,0.778211236000061,0.04089902341365814,-1.1904937547618772,0.0,-7.245200951466635,-7.245200951466635,5.909402398574808,3.560094118118286,-0.07735421508550644,0.004316737663470605,1.0,879.6521150896896,1.7793558773955394,1,1,2,38.50261035686117,0.7936527849040248,0.25249279963156823,2.555570974705942,-598.7651472604164,61.60167342006045,0.4800296047366541,0.6162563415782377,0.0,0,1.4591498978229818,nan
GT+smooth-jitter_controlled_forward3x6_SoftMS_local_prior_3frame_causal_heading_continuous_waypoint_RNN_polynomial_Kalman,1,controlled_gt_jitter,8.0,-597.1056055919913,63.256694100992576,0.70249987675868,3.210921548502345,0,0,6,-597.6871266959841,61.55091428618532,-597.80810546875,60.045772552490234,-1,-597.6871337890625,61.5509147644043,-597.6871266959841,61.55091428618532,0.0,0,0.0,0.0,286,/yh/study/uav-sat/v36_GvsK/v36_training_data/routes/route_C/vi/vi_000286.jpg,-597.80810546875,60.045772552490234,880.7679314743554,0.3330812504960773,1,0.863371929869619,0.863371929869619,1,0.863371929869619,-6.661046524030741,-5.325247971138913,880.7312998741397,1.771291881991156,-597.6928331355635,61.47982414984703,1.4386770640695692,7.251575562723897,1,0.0,0,0,0.3326422700620071,1.0,881.1278076171875,3.600189447402954,1,1,6,18,1,-7.243944196659353,-595.2888793945312,50.88951110839844,-590.5084228515625,61.55204772949219,1,-590.5084228515625,61.55204772949219,887.8680419921875,2.600909948348999,0.9378010034561157,0.06229936331510544,4.0,4.0,1,883.8698120117188,2.263937473297119,3.653747202695273,21.098180770874023,8.318365097045898,0.3326422700620071,883.8698120117188,2.263937473297119,883.8698120117188,2.263937473297119,0.0,0.0,0.0,1,1.0792149123370236,1.0791847844501552,-0.008063995404383222,3.173011302947998,-0.023868510499596596,0.7783579230308533,0.04089582711458206,-1.1880755476305755,0.0,-7.242782744335333,-7.242782744335333,0.5817362203045918,3.5613536834716797,-0.07727953791618347,0.03427551183044141,1.0,880.7294760353255,1.8425873555448768,1,1,2,37.425249411225195,0.7994266903282198,0.03845543902980353,2.309639373078379,-597.6871266959841,61.55091428618532,1.0792149123369825,0.863371929869619,0.21584298246736355,0,1.509995861573989,nan
GT+smooth-jitter_controlled_forward3x6_SoftMS_local_prior_3frame_causal_heading_continuous_waypoint_RNN_polynomial_Kalman,1,controlled_gt_jitter,8.0,-596.3586040631269,63.18737302774626,0.591225038435554,3.2418430900021176,0,0,6,-596.7814414842622,61.533048482324745,-596.9498291015625,59.94552993774414,-1,-596.7814331054688,61.53304672241211,-596.7814414842622,61.533048482324745,0.0,0,0.0,0.0,287,/yh/study/uav-sat/v36_GvsK/v36_training_data/routes/route_C/vi/vi_000287.jpg,-596.9498291015625,59.94552993774414,881.6319934547153,0.32392710497599425,1,0.864110469953759,0.864110469953759,1,0.864110469953759,-6.661694072194921,-0.0006475481641794534,881.6319934547153,1.834486699485838,-596.7904982882326,61.447663081140355,1.510559594509851,7.104307675228255,1,0.0,0,0,0.35036526713136584,1.0,881.8779907226562,3.6100473403930664,1,1,6,18,1,-7.243537693682033,-595.2888793945312,50.88951110839844,-590.539794921875,61.58433532714844,1,-590.539794921875,61.58433532714844,887.8334350585938,2.6297082901000977,0.938871443271637,0.06962405890226364,4.0,4.0,1,883.835205078125,2.290574789047241,2.9532769207763585,21.125858306884766,8.324518203735352,0.35036526713136584,883.835205078125,2.290574789047241,883.835205078125,2.290574789047241,0.0,0.0,0.0,1,1.0801380874421986,1.0801077109782635,-0.008100656059038803,3.178536891937256,-0.024206243455410004,0.7815635800361633,0.04079887270927429,-1.1879115163687894,0.0,-7.242618713073547,-7.242618713073547,0.5809246408786263,3.5684726238250732,-0.07780325412750244,0.01869716970218,1.0,881.6319934547153,1.9203510834501927,1,1,2,36.522731991835485,0.8042635560456499,0.0,2.314426421983497,-596.7814414842622,61.533048482324745,0.9058614075449575,0.864110469953759,0.04175093759119852,0,1.5964239784741947,nan
GT+smooth-jitter_controlled_forward3x6_SoftMS_local_prior_3frame_causal_heading_continuous_waypoint_RNN_polynomial_Kalman,1,controlled_gt_jitter,8.0,-595.613402671595,63.11463265653246,0.4786993791861394,3.2692728542863656,0,0,6,-595.9144626616554,61.52010185873728,-596.0921020507812,59.845359802246094,-1,-595.9144897460938,61.520103454589844,-595.9144626616554,61.52010185873728,0.0,0,0.0,0.0,288,/yh/study/uav-sat/v36_GvsK/v36_training_data/routes/route_C/vi/vi_000288.jpg,-596.0921020507812,59.845359802246094,882.4955015379892,0.3147870935893636,1,0.8635564542562334,0.8635564542562334,1,0.8635564542562334,-6.66114566707776,0.0005484051171612225,882.4955015379892,1.9121868672634204,-595.9236115085494,61.433848698685836,1.5973997736740626,6.970846672858577,1,0.0,0,0,0.35562665182713427,1.0,882.626708984375,3.6163151264190674,1,1,6,18,1,-7.243216034460806,-595.2888793945312,50.88951110839844,-590.5489501953125,61.59186553955078,1,-590.5489501953125,61.59186553955078,887.823486328125,2.636230707168579,0.937754213809967,0.0714828222990036,4.0,4.0,1,883.8252563476562,2.300107479095459,2.389507247726691,21.121095657348633,8.32278823852539,0.35562665182713427,883.8252563476562,2.300107479095459,883.8252563476562,2.300107479095459,0.0,0.0,0.0,1,1.0794455678202917,1.0794146929984452,-0.008164216186772233,3.181034803390503,-0.024098485708236694,0.7806923985481262,0.04092033579945564,-1.1889880182150068,0.0,-7.243695214919764,-7.243695214919764,0.582549547842005,3.5705366134643555,-0.07774464040994644,0.007321052590555862,1.0,882.4955015379892,1.9989238779240914,1,1,2,35.65922390856156,0.8088913588503158,0.0,2.3174783491342694,-595.9144626616554,61.52010185873728,0.8670754833986669,0.8635564542562334,0.0035190291424335163,0,1.6841367843347275,nan
GT+smooth-jitter_controlled_forward3x6_SoftMS_local_prior_3frame_causal_heading_continuous_waypoint_RNN_polynomial_Kalman,1,controlled_gt_jitter,8.0,-594.5201749740548,62.97502168832529,0.36501789703893817,3.293159810883886,0,0,6,-594.6984446553147,61.44247979263967,-594.8851928710938,59.681861877441406,-1,-594.6984252929688,61.44247817993164,-594.6984446553147,61.44247979263967,0.0,0,0.0,0.0,289,/yh/study/uav-sat/v36_GvsK/v36_training_data/routes/route_C/vi/vi_000289.jpg,-594.8851928710938,59.681861877441406,883.7129235740998,0.27950359288915705,1,1.2179332245363017,1.2179332245363017,1,1.2179332245363017,-7.714797024828188,-1.0536513577504287,883.7129235740998,1.987399167633449,-594.7050474521407,61.38023018916338,1.7078955747442883,6.909303326651711,1,0.0,0,0,0.3481048056817428,1.0,883.7285766601562,3.592794418334961,1,1,6,18,1,-7.243383800982294,-595.2888793945312,50.88951110839844,-590.521240234375,61.5351676940918,1,-590.521240234375,61.5351676940918,887.8570556640625,2.5827720165252686,0.9349992275238037,0.06786798685789108,4.0,4.0,1,883.8590087890625,2.258866310119629,1.98474624483653,21.029537200927734,8.30051326751709,0.3481048056817428,883.8590087890625,2.258866310119629,883.8590087890625,2.258866310119629,0.0,0.0,0.0,0,1.5224165306703772,1.5223729089520557,-0.01152471029064242,3.1847965717315674,-0.023569734767079353,0.7805613279342651,0.04137508198618889,-1.232523217097845,0.0,-7.287230413802603,-7.287230413802603,0.42756661102558563,3.574187994003296,-0.0797811821103096,0.00035433919713283345,1.0,883.7129235740998,2.049997970009219,1,1,2,34.441801872450924,0.815415894314783,0.0,1.9668633471952657,-594.6984446553147,61.44247979263967,1.218492912121425,1.2179332245363017,0.0005596875851232586,0,1.7704943771200619,nan
GT+smooth-jitter_controlled_forward3x6_SoftMS_local_prior_3frame_causal_heading_continuous_waypoint_RNN_polynomial_Kalman,1,controlled_gt_jitter,8.0,-593.5241362803238,62.84484205796175,0.25027778217623786,3.313454728860184,0,0,6,-593.8102948947362,61.38024191132551,-593.7744140625,59.53138732910156,-1,-593.810302734375,61.38024139404297,-593.8102948947362,61.38024191132551,0.0,0,0.0,0.0,290,/yh/study/uav-sat/v36_GvsK/v36_training_data/routes/route_C/vi/vi_000290.jpg,-593.7744140625,59.53138732910156,884.8333778095333,0.24703117970256597,1,1.1209246858371131,1.1209246858371131,1,1.1209246858371131,-7.7147585640604355,3.846076775260835e-05,884.8333778095333,2.0395219574431627,-593.5853457102537,61.31387894099318,1.792490777740599,6.819453854299963,1,0.0,0,0,0.3584260025954619,1.0,884.7327880859375,3.5684010982513428,1,1,6,18,1,-7.2587301688302555,-595.2888793945312,50.88951110839844,-590.5160522460938,61.497093200683594,1,-590.5160522460938,61.497093200683594,887.8662109375,2.545457124710083,0.9329292178153992,0.07154106348752975,4.0,4.0,1,883.8680419921875,2.217008352279663,2.193782874562966,21.103145599365234,8.317374229431152,0.3584260025954619,883.8680419921875,2.217008352279663,883.8680419921875,2.217008352279663,0.0,0.0,0.0,0,1.4011558572963914,1.4011166937827488,-0.010476012566056478,3.189918041229248,-0.02403728850185871,0.7833508253097534,0.041159145534038544,-1.224185263668552,0.0,-7.278892460373309,-7.278892460373309,0.4358661036871261,3.580702304840088,-0.0799756571650505,0.003767620062022106,1.0,884.6026836397066,2.0817875396425936,1,1,2,33.55204180684416,0.8201843894879641,0.23069416982673374,2.068993355392135,-593.8102948947362,61.38024191132551,0.8903277773303897,1.1209246858371131,0.0,0,1.8492027201830687,nan
GT+smooth-jitter_controlled_forward3x6_SoftMS_local_prior_3frame_causal_heading_continuous_waypoint_RNN_polynomial_Kalman,1,controlled_gt_jitter,8.0,-592.4240153150416,62.69679423754756,0.13457843495833238,3.330110277586622,0,0,6,-592.4306592092743,61.185778510395245,-592.55859375,59.36668395996094,-1,-592.4306640625,61.1857795715332,-592.4306592092743,61.185778510395245,0.0,0,0.0,0.0,291,/yh/study/uav-sat/v36_GvsK/v36_training_data/routes/route_C/vi/vi_000291.jpg,-592.55859375,59.36668395996094,886.0597884167793,0.2114888875900619,1,1.22692552019015,1.22692552019015,1,1.22692552019015,-7.71471689320554,4.167085489570564e-05,886.0597884167793,2.07027146658245,-592.3625330707716,61.215097573313244,1.8587825789923949,7.631403755351271,1,0.0,0,0,0.1910503754353896,1.0,885.8423461914062,3.537217617034912,1,1,6,18,1,-7.265786928181642,-585.7958374023438,55.58800506591797,-585.8406982421875,57.494590759277344,1,-585.8406982421875,57.494590759277344,570.1884765625,0.8421660661697388,0.9805909395217896,0.015076391398906708,4.0,4.0,1,566.190185546875,0.5029652118682861,10.906979308926974,21.154024124145508,8.330585479736328,0.1910503754353896,566.190185546875,0.5029652118682861,883.284399884332,0.5029652118682861,-317.09421433745695,0.0,0.0,0,1.5336569002376876,1.53361366311987,-0.011516073060143742,3.18959903717041,-0.024284088984131813,0.7851279973983765,0.0410124845802784,-1.192583472482784,0.0,-7.247290669187541,-7.247290669187541,0.4674262240179985,3.581308603286743,-0.07833260297775269,0.0039691334370367945,1.0,885.9951348269503,2.0339301468499382,1,1,2,32.15959061960041,0.827646959479498,0.06465358982893576,1.96267351698026,-592.4306592092743,61.185778510395245,1.3932733539766802,1.22692552019015,0.16634783378653006,0,1.8235877357918648,nan
GT+smooth-jitter_controlled_forward3x6_SoftMS_local_prior_3frame_causal_heading_continuous_waypoint_RNN_polynomial_Kalman,1,controlled_gt_jitter,8.0,-590.800398931146,62.522379533240915,0.018021479010234945,3.343081132362009,0,0,6,-590.7127251228331,60.94300677334697,-590.8184204101562,59.179298400878906,-1,-590.7127075195312,60.94300842285156,-590.7127251228331,60.94300677334697,0.0,0,0.0,0.0,292,/yh/study/uav-sat/v36_GvsK/v36_training_data/routes/route_C/vi/vi_000292.jpg,-590.8184204101562,59.179298400878906,887.8100194915264,0.2086986465867959,1,1.750233298864879,1.750233298864879,1,1.750233298864879,-6.146048791641563,1.5686681015639763,887.8100194915264,2.0173765538316477,-590.6276446717739,60.97788684457587,1.808677907244852,8.504488782953823,1,0.0,0,0,0.19901044461492454,1.0,887.475341796875,3.535031795501709,1,1,6,18,1,-7.259313189508939,-585.7958374023438,55.58800506591797,-585.8272094726562,57.50289535522461,1,-585.8272094726562,57.50289535522461,570.1759643554688,0.832477331161499,0.9798461198806763,0.01809655874967575,4.0,4.0,1,566.177734375,0.5002908110618591,9.17451307558692,21.164493560791016,8.330644607543945,0.19901044461492454,566.177734375,0.5002908110618591,885.0127407688353,0.5002908110618591,-318.8350063938354,0.0,0.0,0,2.1877916235810986,2.187728997561125,-0.01655359301829039,3.196965217590332,-0.024510331451892853,0.7853924036026001,0.040968164801597595,-1.2177830285387228,0.0,-7.27249022524348,-7.27249022524348,1.1264414336019168,3.5887651443481445,-0.08031541854143143,0.003933482927637287,1.0,887.7290927305315,1.9737169400418904,1,1,2,30.42563271601921,0.8369397679717377,0.08092676099488472,1.446731918725453,-590.7127251228331,60.94300677334697,1.735003066759744,1.750233298864879,0.0,0,1.7668725808264356,nan
GT+smooth-jitter_controlled_forward3x6_SoftMS_local_prior_3frame_causal_heading_continuous_waypoint_RNN_polynomial_Kalman,1,controlled_gt_jitter,8.0,-589.1802218482039,62.34451921402723,-0.099289231016377,3.352324084632701,0,0,6,-588.9997920089002,60.69207415342046,-589.0809326171875,58.99219512939453,-1,-588.9998168945312,60.692073822021484,-588.9997920089002,60.69207415342046,0.0,0,0.0,0.0,293,/yh/study/uav-sat/v36_GvsK/v36_training_data/routes/route_C/vi/vi_000293.jpg,-589.0809326171875,58.99219512939453,889.5575502252235,0.20590585234998393,1,1.7475329653301461,1.7475329653301461,1,1.7475329653301461,-6.146273647299077,-0.000224855657513351,889.5575502252235,1.9570683818155148,-588.8962234861431,60.73358903701938,1.7511625294655322,9.413000104588006,1,0.0,0,0,0.19358491170767697,1.0,889.105224609375,3.5290565490722656,1,1,6,18,1,-7.263925168024283,-585.7958374023438,55.58800506591797,-585.8349609375,57.52549362182617,1,-585.8349609375,57.52549362182617,570.18603515625,0.8108289241790771,0.9811280965805054,0.016208380460739136,4.0,4.0,1,566.187744140625,0.47588086128234863,7.422568429903253,21.166988372802734,8.33244514465332,0.19358491170767697,566.187744140625,0.47588086128234863,886.7751917180274,0.47588086128234863,-320.5874475774024,0.0,0.0,0,2.184416206662682,2.184352762133343,-0.01664855822637558,3.1958670616149902,-0.024451568722724915,0.7859167456626892,0.04101843759417534,-1.1996091758177883,0.0,-7.2543163725225455,-7.2543163725225455,1.108042725223469,3.587956428527832,-0.07907570153474808,0.0038334930614168598,1.0,889.4589383524988,1.9048608821239572,1,1,2,28.69578709405198,0.8462105374943889,0.09861187272474581,1.448334096284844,-588.9997920089002,60.69207415342046,1.7312154783710076,1.7475329653301461,0.0,0,1.701814471273697,nan
GT+smooth-jitter_controlled_forward3x6_SoftMS_local_prior_3frame_causal_heading_continuous_waypoint_RNN_polynomial_Kalman,1,controlled_gt_jitter,8.0,-587.7104116698815,62.17901855448158,-0.2172476073814693,3.3577981565323607,0,0,6,-587.4413239553443,60.442933435686555,-587.4931640625,58.82122039794922,-1,-587.4413452148438,60.44293212890625,-587.4413239553443,60.442933435686555,0.0,0,0.0,0.0,294,/yh/study/uav-sat/v36_GvsK/v36_training_data/routes/route_C/vi/vi_000294.jpg,-587.4931640625,58.82122039794922,891.1544957027975,0.20335954063668296,1,1.596947507605441,1.596947507605441,1,1.596947507605441,-6.146064599262612,0.00020904803646464715,891.1544957027975,1.8896147980463478,-587.3153012210593,60.49806910990159,1.6862552574096576,10.332181693872803,1,0.0,0,0,0.1994863012767211,1.0,890.5842895507812,3.5195119380950928,1,1,6,18,1,-7.260562046909993,-576.363525390625,50.77018356323242,-580.7205200195312,57.16853713989258,1,-580.7205200195312,57.16853713989258,565.0626220703125,0.623177170753479,0.9702267646789551,0.016170643270015717,4.0,4.0,1,561.0643310546875,0.28553277254104614,10.923825489395346,21.200584411621094,8.339395523071289,0.1994863012767211,561.0643310546875,0.28553277254104614,888.3559083742865,0.28553277254104614,-327.291577319599,0.0,0.0,0,1.9961843845068008,1.996126161811696,-0.015246084077609363,3.2002508640289307,-0.024708744138479233,0.7879161834716797,0.04092404618859291,-1.2037434679780559,0.0,-7.2584506646828135,-7.2584506646828135,1.1123860654202011,3.5933265686035156,-0.07975199073553085,0.003984582473384019,1.0,891.0349915701364,1.821494064016654,1,1,2,27.11973387641433,0.8546570866838681,0.11950413266106352,1.6033033564234898,-587.4413239553443,60.442933435686555,1.5782565606349401,1.596947507605441,0.0,0,1.6225413934557038,nan
GT+smooth-jitter_controlled_forward3x6_SoftMS_local_prior_3frame_causal_heading_continuous_waypoint_RNN_polynomial_Kalman,1,controlled_gt_jitter,8.0,-585.5339875207544,61.96441085591323,-0.33574533325443406,3.359464719438621,0,0,6,-585.1813808017505,60.103767220416906,-585.1982421875,58.60494613647461,-1,-585.181396484375,60.10376739501953,-585.1813808017505,60.103767220416906,0.0,0,0.0,0.0,295,/yh/study/uav-sat/v36_GvsK/v36_training_data/routes/route_C/vi/vi_000295.jpg,-585.1982421875,58.60494613647461,893.4594278462098,0.23035551801897433,1,2.305090230019186,2.305090230019186,1,2.305090230019186,-5.383674493394031,0.7623901058685819,893.4594278462098,1.7993556364524812,-585.0327471842618,60.165193801285405,1.5690001184335067,11.238881126384241,1,0.0,0,0,0.19895921144250783,1.0,892.7711791992188,3.5356662273406982,1,1,6,18,1,-7.259823105819163,-576.363525390625,50.77018356323242,-580.7068481445312,57.17948532104492,1,-580.7068481445312,57.17948532104492,565.0501708984375,0.6108403205871582,0.9683353304862976,0.01554369181394577,4.0,4.0,1,561.0518188476562,0.2719503939151764,8.6366374839861,21.221059799194336,8.343997955322266,0.19895921144250783,561.0518188476562,0.2719503939151764,890.6622900147429,0.2719503939151764,-329.61047116708664,0.0,0.0,0,2.8813627875239822,2.8812777379754557,-0.022138427564172655,3.2049200534820557,-0.0248390045017004,0.7901277542114258,0.04094710201025009,-1.2059253932527576,0.0,-7.260632589957513,-7.260632589957513,1.8769580965634831,3.599094867706299,-0.08012908697128296,0.003857757790221241,1.0,893.3181025143667,1.72259413787131,1,1,2,24.836622932184014,0.8668929735686938,0.1413253318430634,0.8998298234628699,-585.1813808017505,60.103767220416906,2.2852520165302868,2.305090230019186,0.0,0,1.4989159242597143,nan
GT+smooth-jitter_controlled_forward3x6_SoftMS_local_prior_3frame_causal_heading_continuous_waypoint_RNN_polynomial_Kalman,1,controlled_gt_jitter,8.0,-583.1574916973343,61.72706911036088,-0.4546718731155641,3.357287616220254,0,0,6,-582.7250354789994,59.72013258155579,-582.7028198242188,58.369781494140625,-1,-582.7250366210938,59.720130920410156,-582.7250354789994,59.72013258155579,0.0,0,0.0,0.0,296,/yh/study/uav-sat/v36_GvsK/v36_training_data/routes/route_C/vi/vi_000296.jpg,-582.7028198242188,58.369781494140625,895.9657345329147,0.25971488358114264,1,2.5064786414745788,2.5064786414745788,1,2.5064786414745788,-5.3835639533533834,0.00011054004064653838,895.9657345329147,1.698406454665327,-582.5510695066644,59.80044752009875,1.438691571084182,12.112301477863609,1,0.0,0,0,0.20130921024445447,1.0,895.1594848632812,3.550316333770752,1,1,6,18,1,-7.260106451948011,-576.363525390625,50.77018356323242,-575.9956665039062,57.04034423828125,1,-575.9956665039062,57.04034423828125,560.350830078125,0.249384343624115,0.960373044013977,0.014731988310813904,4.0,4.0,1,556.3525390625,-0.08177345991134644,10.812226479411763,21.19900894165039,8.337569236755371,0.20130921024445447,556.3525390625,-0.08177345991134644,893.1621342047424,0.01624625776197708,-336.8095951422424,-0.09801971767332351,0.0,0,3.1330983018432237,3.133004935360623,-0.024187683205983117,3.2061333656311035,-0.024775639176368713,0.7880270481109619,0.04098918288946152,-1.2203028347339286,0.0,-7.275010031438686,-7.275010031438686,1.8914460780853024,3.5992391109466553,-0.08095129579305649,0.004025344847278357,1.0,895.8012104656151,1.6001899582766104,1,1,2,22.353514980935643,0.8802007053243789,0.16452406729956692,0.6996547241565247,-582.7250354789994,59.72013258155579,2.486123062266868,2.5064786414745788,0.0,0,1.350533818384659,nan
GT+smooth-jitter_controlled_forward3x6_SoftMS_local_prior_3frame_causal_heading_continuous_waypoint_RNN_polynomial_Kalman,1,controlled_gt_jitter,8.0,-580.9796151734797,61.50453452584007,-0.5739144898860178,3.3512332868263988,0,0,6,-580.4658415992795,59.3465973893331,-580.4057006835938,58.15330123901367,-1,-580.4658203125,59.346595764160156,-580.4658415992795,59.3465973893331,0.0,0,0.0,0.0,297,/yh/study/uav-sat/v36_GvsK/v36_training_data/routes/route_C/vi/vi_000297.jpg,-580.4057006835938,58.15330123901367,898.2728734126043,0.2867377796144713,1,2.307297130212225,2.307297130212225,1,2.307297130212225,-5.38364785574871,-8.390239532615142e-05,898.2728734126043,1.5779128143584935,-580.2695101160816,59.43727362955288,1.2911750347440258,12.934807261453305,1,0.0,0,0,0.19068452361587437,1.0,897.3486938476562,3.558741331100464,1,1,6,18,1,-7.265322688761493,-576.363525390625,50.77018356323242,-575.9783935546875,57.14281463623047,1,-575.9783935546875,57.14281463623047,560.3445434570312,0.14565972983837128,0.9619452357292175,0.010827995836734772,4.0,4.0,1,556.3462524414062,-0.1907101422548294,8.510106020708582,21.215740203857422,8.342422485351562,0.19068452361587437,556.3462524414062,-0.1907101422548294,895.4984909726606,-0.0867166496076992,-339.1522385312544,-0.1039934926471302,0.0,0,2.8841214127652814,2.8840353764179203,-0.022277143918116804,3.2066490650177,-0.024853216484189034,0.7901573181152344,0.040986549109220505,-1.207481395723051,0.0,-7.262188592427809,-7.262188592427809,1.8785407366790987,3.6008360385894775,-0.08025806397199631,0.003907396672271895,1.0,898.0872014868365,1.46703374592477,1,1,2,20.067523959714208,0.8924520274189441,0.18567192576779235,0.899351934805475,-580.4658415992795,59.3465973893331,2.2898658314391644,2.307297130212225,0.0,0,1.1948107097388643,nan
GT+smooth-jitter_controlled_forward3x6_SoftMS_local_prior_3frame_causal_heading_continuous_waypoint_RNN_polynomial_Kalman,1,controlled_gt_jitter,8.0,-578.2044666675313,61.17979476159377,-0.6933582690937676,3.3412708968476728,0,0,6,-577.4266169867011,58.63508886839439,-577.5111083984375,57.838523864746094,-1,-577.4266357421875,58.63508987426758,-577.4266169867011,58.63508886839439,0.0,0,0.0,0.0,298,/yh/study/uav-sat/v36_GvsK/v36_training_data/routes/route_C/vi/vi_000298.jpg,-577.5111083984375,57.838523864746094,901.1845206982841,0.2790321692776061,1,2.9116574820258085,2.9116574820258085,1,2.9116574820258085,-6.206338859756983,-0.8226910040082729,901.1845206982841,1.4422271570366016,-577.3884169110347,58.99523012757453,1.1631949877589896,12.00931429204783,1,0.0,0,0,0.19172636959318073,1.0,900.142578125,3.5285301208496094,1,1,6,18,1,-7.264225803069471,-576.3939208984375,46.012027740478516,-572.2482299804688,57.40935516357422,1,-572.2482299804688,57.40935516357422,906.4633178710938,0.4073754549026489,0.946137011051178,0.007766924798488617,4.0,4.0,1,902.4649047851562,0.06213614344596863,1.2986251560542719,21.24376678466797,8.349520683288574,0.19172636959318073,902.4649047851562,0.06213614344596863,902.4649047851562,0.06213614344596863,0.0,0.0,0.0,1,3.2056085079336274,3.205512523651123,-0.024806588888168335,3.2047553062438965,-0.024970008060336113,0.7918870449066162,0.0408828966319561,-1.1990347995972725,0.0,-7.25374199630203,-7.25374199630203,1.0474031365450471,3.599815845489502,-0.07987427711486816,0.005047200964419103,1.0,901.1845206982841,1.0800656290621586,1,1,2,16.97020474826661,0.9090515043796428,0.0,0.29309782421808794,-577.4266169867011,58.63508886839439,3.121398824416857,2.9116574820258085,0.20974134239104858,0,0.8010334597845588,nan
GT+smooth-jitter_controlled_forward3x6_SoftMS_local_prior_3frame_causal_heading_continuous_waypoint_RNN_polynomial_Kalman,1,controlled_gt_jitter,8.0,-575.4284867362989,60.85101596231104,-0.8128861503613919,3.327372468658692,0,0,6,-574.971000865787,58.11684567245383,-574.6156005859375,57.523643493652344,-1,-574.9710083007812,58.116844177246094,-574.971000865787,58.11684567245383,0.0,0,0.0,0.0,299,/yh/study/uav-sat/v36_GvsK/v36_training_data/routes/route_C/vi/vi_000299.jpg,-574.6156005859375,57.523643493652344,904.0970892680627,0.2713207046666082,1,2.912578778393586,2.912578778393586,1,2.912578778393586,-6.206406060805567,-6.720104858416537e-05,904.0970892680627,1.0551691600949593,-574.5329218141865,58.30311935715239,0.7838484554283451,11.351610926510586,1,0.0,0,0,0.17996199968818577,1.0,902.937744140625,3.4943902492523193,1,1,6,18,1,-7.260556497381293,-576.363525390625,50.77018356323242,-572.2210083007812,57.49639129638672,1,-572.2210083007812,57.49639129638672,906.481201171875,0.4967973530292511,0.9515419602394104,0.004250265657901764,4.0,4.0,1,902.4829711914062,0.15479493141174316,1.618318701993523,21.085098266601562,8.316190719604492,0.17996199968818577,902.4829711914062,0.15479493141174316,902.4829711914062,0.15479493141174316,0.0,0.0,0.0,0,3.205192700036328,3.2050960063934326,-0.024896468967199326,3.1676511764526367,-0.024183593690395355,0.7779930830001831,0.04053987190127373,-1.1911434765066748,0.0,-7.245850673211434,-7.245850673211434,1.039444612405867,3.555798053741455,-0.07784797251224518,0.005072426572285584,1.0,903.6811017575827,0.8237268731482906,1,1,2,14.473623688968019,0.9224314426246824,0.41598751048002214,0.2550723980590508,-574.971000865787,58.11684567245383,2.5097064655915253,2.912578778393586,0.0,0,0.6915187516271223,nan
GT+smooth-jitter_controlled_forward3x6_SoftMS_local_prior_3frame_causal_heading_continuous_waypoint_RNN_polynomial_Kalman,1,controlled_gt_jitter,8.0,-572.637090880544,60.51659767049388,-0.932378966481443,3.3095130147321643,0,0,6,-571.8036940347675,57.78545899423849,-571.7047119140625,57.20708465576172,-1,-571.8037109375,57.785457611083984,-571.8036940347675,57.78545899423849,0.0,0,0.0,0.0,300,/yh/study/uav-sat/v36_GvsK/v36_training_data/routes/route_C/vi/vi_000300.jpg,-571.7047119140625,57.20708465576172,907.0251299385158,0.2635624787282297,1,2.928050948651144,2.928050948651144,1,2.928050948651144,-6.206519487779245,-0.00011342697367764748,906.8656031671134,0.799222485397069,-571.8068484379125,57.75658312166891,0.5589100406492344,10.86524447240353,1,0.0,0,0,0.21423634010914716,1.0,905.7489013671875,3.456268310546875,1,1,6,18,1,-7.255409416233159,-571.541015625,65.01480865478516,-567.360107421875,57.739830017089844,1,-567.360107421875,57.739830017089844,911.289306640625,1.251596212387085,0.9373432993888855,0.014836296439170837,4.0,4.0,1,907.2911987304688,0.923128604888916,0.7112102901603183,21.036705017089844,8.303468704223633,0.21423634010914716,907.2911987304688,0.923128604888916,907.2911987304688,0.923128604888916,0.0,0.0,0.0,1,3.184595687418058,3.1845014095306396,-0.024504387751221657,3.168945074081421,-0.02390408143401146,0.7748895883560181,0.04074452444911003,-1.2018486240919062,0.0,-7.256555820796664,-7.256555820796664,1.0500363330174192,3.5555331707000732,-0.07812516391277313,0.00030020190168039517,1.0,906.865694204402,0.8282699979939898,1,1,2,11.28903124214878,0.9394986434333081,0.1594357341137993,0.24089412543027677,-571.8036940347675,57.78545899423849,3.184595687417969,2.928050948651144,0.25654473876682493,0,0.5867830396558082,nan
GT+smooth-jitter_controlled_forward3x6_SoftMS_local_prior_3frame_causal_heading_continuous_waypoint_RNN_polynomial_Kalman,1,controlled_gt_jitter,8.0,-569.906756994227,60.16153770760875,-1.0517154903207178,3.287670672696644,0,0,6,-569.3788997989185,57.51772368256919,-568.8550415039062,56.87386703491211,-1,-569.37890625,57.517723083496094,-569.3788997989185,57.51772368256919,0.0,0,0.0,0.0,301,/yh/study/uav-sat/v36_GvsK/v36_training_data/routes/route_C/vi/vi_000301.jpg,-568.8550415039062,56.87386703491211,909.8940509801931,0.23278121843353877,1,2.869086166249589,2.869086166249589,1,2.869086166249589,-6.669422139289223,-0.4629026515099781,909.8940509801931,0.8040957789966305,-568.7947803835025,57.44199459495394,0.5713145605630935,10.498272562159196,1,0.0,0,0,0.2076558383143321,1.0,908.5014038085938,3.391179323196411,1,1,6,18,1,-7.255810689846898,-571.541015625,65.01480865478516,-567.4340209960938,57.692935943603516,1,-567.4340209960938,57.692935943603516,911.2207641601562,1.1971675157546997,0.9308031797409058,0.01076526939868927,4.0,4.0,1,907.22265625,0.8663513660430908,2.745498303850518,21.07875633239746,8.312288284301758,0.2076558383143321,907.22265625,0.8663513660430908,907.22265625,0.8663513660430908,0.0,0.0,0.0,0,3.1760372836304263,3.175945281982422,-0.024174218997359276,3.1801445484161377,-0.024133265018463135,0.7798097133636475,0.04085756838321686,-1.2119763005271542,0.0,-7.266683497231912,-7.266683497231912,0.597261357942689,3.5691721439361572,-0.07921519130468369,0.011132651127622791,1.0,909.3052022423129,0.8177906712479115,1,1,2,8.849523204237812,0.9525727099748115,0.5888487378801983,0.3110583821665487,-569.3788997989185,57.51772368256919,2.439530545683212,2.869086166249589,0.0,0,0.8300475263413251,nan
GT+smooth-jitter_controlled_forward3x6_SoftMS_local_prior_3frame_causal_heading_continuous_waypoint_RNN_polynomial_Kalman,1,controlled_gt_jitter,8.0,-567.4290732710227,59.832047788958754,-1.1707724897727658,3.261826841693128,0,0,6,-566.2859839586513,57.36334706822515,-566.25830078125,56.570220947265625,-1,-566.2860107421875,57.363346099853516,-566.2859839586513,57.36334706822515,0.0,0,0.0,0.0,302,/yh/study/uav-sat/v36_GvsK/v36_training_data/routes/route_C/vi/vi_000302.jpg,-566.25830078125,56.570220947265625,912.508334121865,0.20472801158062112,1,2.6144336532496517,2.6144336532496517,1,2.6144336532496517,-6.669510023153126,-8.788386390372701e-05,912.4834573234897,0.7936389772183419,-566.220921653675,57.158470708308926,0.5894361547663759,10.219522361242985,1,0.0,0,0,0.21285525876645,1.0,911.0000610351562,3.3248684406280518,1,1,6,18,1,-7.259616172431652,-562.1087036132812,60.19697952270508,-562.5213623046875,58.049705505371094,1,-562.5213623046875,58.049705505371094,916.068359375,2.070124387741089,0.9274950623512268,0.012117251753807068,4.0,4.0,1,912.0702514648438,1.7380589246749878,1.5946849542883414,21.048986434936523,8.304622650146484,0.21285525876645,912.0702514648438,1.7380589246749878,912.0702514648438,1.7380589246749878,0.0,0.0,0.0,0,3.1783468447213843,3.178255081176758,-0.024151694029569626,3.178462028503418,-0.023510577157139778,0.7778943181037903,0.04128999635577202,-1.2111174042390251,0.0,-7.265824600943781,-7.265824600943781,0.5963145777906546,3.566551685333252,-0.0782671719789505,0.0016821517073426343,1.0,912.3971480098936,0.9905098200771085,1,1,2,5.7575774366571295,0.9691433890133138,0.11118611197139217,0.5640283752537663,-566.2859839586513,57.36334706822515,3.096766141320999,2.6144336532496517,0.4823324880713473,0,0.7936090990275618,nan
GT+smooth-jitter_controlled_forward3x6_SoftMS_local_prior_3frame_causal_heading_continuous_waypoint_RNN_polynomial_Kalman,1,controlled_gt_jitter,8.0,-564.7117880722022,59.4705718188375,-1.2894247909521952,3.2319663195699198,0,0,6,-563.8115772451367,57.205771200772084,-563.42236328125,56.23860549926758,-1,-563.8115844726562,57.205772399902344,-563.8115772451367,57.205771200772084,0.0,0,0.0,0.0,303,/yh/study/uav-sat/v36_GvsK/v36_training_data/routes/route_C/vi/vi_000303.jpg,-563.42236328125,56.23860549926758,915.3634298665595,0.17409146666028152,1,2.855260112364055,2.855260112364055,1,2.855260112364055,-6.669494759861942,1.526329118484028e-05,915.3634298665595,0.9667107396754495,-563.3387593811526,57.02680325354223,0.7926192730151677,10.170136913282313,1,0.0,0,0,0.2021054582631961,1.0,913.7402954101562,3.2520227432250977,1,1,6,18,1,-7.261789133083068,-562.1695556640625,50.680667877197266,-562.5621948242188,58.01253890991211,1,-562.5621948242188,58.01253890991211,916.0316772460938,2.028858184814453,0.9232975244522095,0.00689387321472168,4.0,4.0,1,912.0335083007812,1.7032010555267334,3.6642262169519606,21.109386444091797,8.317790985107422,0.2021054582631961,912.0335083007812,1.7032010555267334,912.5576398563358,1.7032010555267334,-0.5241315555544603,0.0,0.0,0,3.1784581457177428,3.1783690452575684,-0.023799080401659012,3.196927070617676,-0.023942947387695312,0.7836288809776306,0.04139654338359833,-1.228245597686713,0.0,-7.282952794391471,-7.282952794391471,0.6134580345295289,3.5878472328186035,-0.08016964048147202,0.011709334978839993,1.0,914.8743723705445,1.094808453275962,1,1,2,3.280353076006236,0.9824195888151054,0.4890574960149934,0.3416669582536209,-563.8115772451367,57.205771200772084,2.4794190323318657,2.855260112364055,0.0,0,1.0425435261182743,nan
GT+smooth-jitter_controlled_forward3x6_SoftMS_local_prior_3frame_causal_heading_continuous_waypoint_RNN_polynomial_Kalman,1,controlled_gt_jitter,8.0,-563.144422791205,59.20304799097842,-1.407545349798734,3.1980774404413066,0,0,6,-561.7315062359471,56.76142697277883,-561.7368774414062,56.00497055053711,-1,-561.7315063476562,56.76142883300781,-561.7315062359471,56.76142697277883,0.0,0,0.0,0.0,304,/yh/study/uav-sat/v36_GvsK/v36_training_data/routes/route_C/vi/vi_000304.jpg,-561.7368774414062,56.00497055053711,917.0641568014616,0.11954150350443186,1,1.701601541366862,1.701601541366862,1,1.701601541366862,-7.89181076335588,-1.2223160034939382,917.0013146583673,1.07888047495247,-561.69817986678,56.96558644401677,0.9613950265565563,10.432470336088887,1,0.0,0,0,0.21529635954264553,1.0,915.3271484375,3.1513137817382812,1,1,6,18,1,-7.269196366516243,-562.1695556640625,50.680667877197266,-557.915283203125,57.92719268798828,1,-557.915283203125,57.92719268798828,921.275634765625,-1.5715100765228271,0.9134754538536072,0.01000937819480896,4.0,4.0,1,917.27734375,-1.9085911512374878,2.039306436084975,21.141948699951172,8.327245712280273,0.21529635954264553,917.27734375,-1.9085911512374878,917.27734375,-0.6263585182928952,0.0,-1.2822326329445926,0.0,1,2.1270019267085774,2.1269422878227155,-0.01592797832349197,3.1897242069244385,-0.0241776742041111,0.7831261157989502,0.04111912101507187,-1.1808308513553076,0.0,-7.235538048060065,-7.235538048060065,0.6562727152958149,3.5804522037506104,-0.07742025703191757,0.002984285900608729,1.0,916.9897085296603,0.8723446805863482,1,1,2,1.1650169168904085,0.9937563195297174,0.07444827180131597,1.4881226655575766,-561.7315062359471,56.76142697277883,2.1270019267085916,1.701601541366862,0.42540038534172964,0,0.7564754910760996,nan
GT+smooth-jitter_controlled_forward3x6_SoftMS_local_prior_3frame_causal_heading_continuous_waypoint_RNN_polynomial_Kalman,1,controlled_gt_jitter,8.0,-561.4138603127021,58.90895439718081,-1.5250053322333303,3.160152212122211,0,0,6,-560.4525586979105,56.814880840122186,-559.8888549804688,55.748802185058594,-1,-560.4525756835938,56.81488037109375,-560.4525586979105,56.814880840122186,0.0,0,0.0,0.0,305,/yh/study/uav-sat/v36_GvsK/v36_training_data/routes/route_C/vi/vi_000305.jpg,-559.8888549804688,55.748802185058594,918.4647007799812,-0.7119088150864138,2,1.8656926991338707,1.8656926991338707,1,1.8656926991338707,-7.891910382174821,-9.961881894136639e-05,918.4647007799812,0.8547637403602962,-560.4433971971539,56.9016411553622,1.2792790006627783,11.12754818420955,1,0.0,0,0,0.1596815103626624,1.0,920.6760864257812,2.012404441833496,1,1,6,18,1,-7.230548462479082,-552.7372436523438,45.862831115722656,-552.6406860351562,58.33180618286133,1,-552.6406860351562,58.33180618286133,923.8853149414062,-6.173108100891113,0.9691550135612488,1.294165849685669e-05,4.0,4.0,1,919.886962890625,-6.514350891113281,4.938042199875147,21.188329696655273,8.337150573730469,0.1596815103626624,919.886962890625,-6.514350891113281,919.886962890625,-0.7587107517380965,0.0,-5.755640139375185,0.0,0,2.3321158739173384,2.3320496049436854,-0.01758094022605193,3.195955753326416,-0.024590222164988518,0.7867339253425598,0.04094863310456276,-1.1860011978353013,0.0,-7.213840859273879,-7.213840859273879,0.6780695229009422,3.5884687900543213,-0.07840735465288162,0.0019161200149633195,1.0,918.4647007799812,0.7675210593110549,2,2,3,27.734071425773315,0.011053159912761132,0.0,1.3302630541925453,-560.4525586979105,56.814880840122186,1.2800641081539192,1.8656926991338707,0.0,0,1.205937635137006,nan
GT+smooth-jitter_controlled_forward3x6_SoftMS_local_prior_3frame_causal_heading_continuous_waypoint_RNN_polynomial_Kalman,1,controlled_gt_jitter,8.0,-561.7807122889171,58.87416408355543,-1.6416742029796103,3.1181864529401917,0,0,6,-560.463358141532,56.712609044494165,-560.1390380859375,55.755977630615234,-1,-560.46337890625,56.712608337402344,-560.463358141532,56.712609044494165,0.0,0,0.0,0.0,306,/yh/study/uav-sat/v36_GvsK/v36_training_data/routes/route_C/vi/vi_000306.jpg,-560.1390380859375,55.755977630615234,918.4647007799812,-0.4824323646700621,2,0.25028598298930765,0.25028598298930765,1,0.25028598298930765,178.3571629535339,-12.000000000000002,918.4647007799812,0.7651357935431647,-560.4528091786829,56.81250876251677,1.102138980038251,11.815694717672725,1,0.0,0,0,0.16337323207024487,1.0,920.4885864257812,2.329620599746704,1,1,6,18,1,-7.224700753332494,-552.7372436523438,45.862831115722656,-552.64599609375,58.34288787841797,1,-552.64599609375,58.34288787841797,923.89306640625,-6.163588523864746,0.9685735702514648,0.0013617128133773804,4.0,4.0,1,919.8947143554688,-6.503739356994629,4.901471787881807,21.205530166625977,8.340396881103516,0.16337323207024487,919.8947143554688,-6.503739356994629,919.8947143554688,-0.8544300393727394,0.0,-5.649309317621889,0.0,0,0.3128574787366345,0.3128483858175718,-0.0023852657678900594,3.2008628845214844,-0.024750128388404846,0.7883144617080688,0.04093020781874657,-1.1931641452839408,0.0,-7.221003806722517,-7.221003806722517,174.42183323974362,3.594151258468628,-0.0791436955332756,0.0019509172760976625,1.0,918.4647007799812,0.6646806578945165,2,2,3,27.734071425773315,0.011053159912761132,0.0,2.9505769015321768,-560.463358141532,56.712609044494165,0.10284040141653474,0.25028598298930765,0.0,0,1.010112449423741,nan
GT+smooth-jitter_controlled_forward3x6_SoftMS_local_prior_3frame_causal_heading_continuous_waypoint_RNN_polynomial_Kalman,1,controlled_gt_jitter,8.0,-562.147007225481,58.83534444767972,-1.7574198231373537,3.0721799274160415,0,0,6,-560.475635901804,56.59633744446421,-560.3895874023438,55.76316452026367,-1,-560.4756469726562,56.596336364746094,-560.475635901804,56.59633744446421,0.0,0,0.0,0.0,307,/yh/study/uav-sat/v36_GvsK/v36_training_data/routes/route_C/vi/vi_000307.jpg,-560.3895874023438,55.76316452026367,918.4647007799812,-0.25261961294056123,2,0.25065237149178937,0.25065237149178937,1,0.25065237149178937,178.3569479698103,-0.00021498372358547298,918.4647007799812,0.6622732736729414,-560.4636109450005,56.71021497072825,0.9499389667724013,12.477001824183814,1,0.0,0,0,0.1675293618774787,1.0,920.2976684570312,2.6446189880371094,1,1,6,18,1,-7.223406859371599,-552.7372436523438,45.862831115722656,-552.6392822265625,58.340667724609375,1,-552.6392822265625,58.340667724609375,923.8939208984375,-6.170609474182129,0.968661367893219,0.0030434802174568176,4.0,4.0,1,919.8956298828125,-6.507811546325684,4.898891040845848,21.201107025146484,8.339024543762207,0.1675293618774787,919.8956298828125,-6.507811546325684,919.8956298828125,-0.9641501734248986,0.0,-5.543661372900784,0.0,0,0.31331546436473673,0.3133062155644224,-0.002407384221575099,3.2015578746795654,-0.02474232390522957,0.7875719666481018,0.04094798117876053,-1.1916570213548952,0.0,-7.219496682793473,-7.219496682793473,174.42355534739625,3.594477415084839,-0.07903919368982315,0.0019788867247401746,1.0,918.4647007799812,0.5477626166398726,2,2,3,27.734071425773315,0.011053159912761132,0.0,2.950905503187776,-560.475635901804,56.59633744446421,0.11691804125464393,0.25065237149178937,0.0,0,0.8376045999636361,nan
GT+smooth-jitter_controlled_forward3x6_SoftMS_local_prior_3frame_causal_heading_continuous_waypoint_RNN_polynomial_Kalman,1,controlled_gt_jitter,8.0,-562.5370865839095,58.79320123859627,-1.8721085565657514,3.022136480295486,0,0,6,-560.5902280396037,56.136409145314815,-560.6649780273438,55.77106475830078,-1,-560.5902099609375,56.136409759521484,-560.5902280396037,56.136409145314815,0.0,0,0.0,0.0,308,/yh/study/uav-sat/v36_GvsK/v36_training_data/routes/route_C/vi/vi_000308.jpg,-560.6649780273438,55.77106475830078,918.4647007799812,-2.119391784777595e-05,2,0.275503920296851,0.275503920296851,1,0.275503920296851,178.3567843459704,-0.0001636238399321678,918.4647007799812,0.5451081307785824,-560.4759146538315,56.59369763528646,0.8440792673093915,12.175443676117316,1,0.0,0,0,0.2008504958784953,1.0,915.9743041992188,2.807813882827759,1,1,6,18,1,-7.2220382602166575,-562.1695556640625,50.680667877197266,-557.9356689453125,57.911094665527344,1,-557.9356689453125,57.911094665527344,921.25244140625,-1.55990731716156,0.9160259366035461,0.004792138934135437,4.0,4.0,1,917.2540893554688,-1.899888277053833,2.1025630954223056,21.22492790222168,8.344206809997559,0.2008504958784953,917.2540893554688,-1.899888277053833,917.2540893554688,-1.1362951874209348,0.0,-0.7635930896328984,0.0,1,0.34437990037106375,0.34436966980905276,-0.002654485861290085,3.207289457321167,-0.024876359850168228,0.7911585569381714,0.04099324345588684,-1.2018865102974585,0.0,-7.253227870989906,-7.253227870989906,174.38998778303974,3.6019842624664307,-0.07995016872882843,0.0047024434258393245,1.0,918.2641478542461,0.2678054060546269,2,2,3,27.934624351508425,0.003901805207888138,0.20055292573510997,2.931785537024316,-560.5902280396037,56.136409145314815,0.4739888167498959,0.275503920296851,0.1984848964530449,0,0.37291296811694685,nan
GT+smooth-jitter_controlled_forward3x6_SoftMS_local_prior_3frame_causal_heading_continuous_waypoint_RNN_polynomial_Kalman,1,controlled_gt_jitter,8.0,-563.0491429827601,58.80626759858453,-1.9856053851038806,2.9680641684087536,0,0,6,-560.6544007174489,55.71305757263668,-561.0635375976562,55.83820343017578,-1,-560.6544189453125,55.71305847167969,-560.6544007174489,55.71305757263668,0.0,0,0.0,0.0,309,/yh/study/uav-sat/v36_GvsK/v36_training_data/routes/route_C/vi/vi_000309.jpg,-561.0635375976562,55.83820343017578,918.4647007799812,0.38924573518820027,2,0.40417487842371347,0.40417487842371347,1,0.40417487842371347,170.43810727240177,-7.918677073568623,918.4647007799812,0.2638978359626688,-560.5054450201354,56.31404215549675,0.7334097201421058,11.77556938147023,1,0.0,0,0,0.2184050681031123,1.0,915.4637451171875,2.766796827316284,1,1,6,18,1,-7.224729034584527,-562.1087036132812,60.19697952270508,-557.8946533203125,57.90380859375,1,-557.8946533203125,57.90380859375,921.2632446289062,-1.6001269817352295,0.9198038578033447,0.012645110487937927,4.0,4.0,1,917.2649536132812,-1.9323925971984863,2.0166508622146244,21.203535079956055,8.338271141052246,0.2184050681031123,917.2649536132812,-1.9323925971984863,917.2649536132812,-1.4464705264074662,0.0,-0.4859220707910201,0.0,0,0.5052185980296419,0.5052034864200893,-0.003907570091958061,3.2076222896575928,-0.024798274040222168,0.7884255647659302,0.04102569445967674,-1.2092484937273804,0.0,-7.263227197395082,-7.263227197395082,177.70133446979685,3.600942611694336,-0.08029688149690628,0.005332241281926255,1.0,918.2055912153013,-0.10462611812942879,2,2,3,27.99318099045319,0.00181378134144856,0.2591095646798749,2.803447411233879,-560.6544007174489,55.71305757263668,0.42818767692551224,0.40417487842371347,0.02401279850179877,0,0.427848655957942,nan
GT+smooth-jitter_controlled_forward3x6_SoftMS_local_prior_3frame_causal_heading_continuous_waypoint_RNN_polynomial_Kalman,1,controlled_gt_jitter,8.0,-563.5237994232524,58.80924449383245,-2.09777403262745,2.909975389828547,0,0,6,-560.7071089379343,55.28874394896999,-561.426025390625,55.899269104003906,-1,-560.7070922851562,55.28874206542969,-560.7071089379343,55.28874394896999,0.0,0,0.0,0.0,310,/yh/study/uav-sat/v36_GvsK/v36_training_data/routes/route_C/vi/vi_000310.jpg,-561.426025390625,55.899269104003906,918.4647007799812,0.7432833718726525,2,0.36759545232692736,0.36759545232692736,1,0.36759545232692736,170.43758290441215,-0.0005243679896023216,918.4647007799812,-0.10817912760635438,-560.5445174482434,55.94402240983378,0.8826432523191914,11.23389093932509,1,0.0,0,0,0.215094362381734,1.0,914.9913940429688,2.719691276550293,1,1,6,18,1,-7.2290546787632595,-562.1087036132812,60.19697952270508,-557.900634765625,57.910789489746094,1,-557.900634765625,57.910789489746094,921.2670288085938,-1.591744303703308,0.9185024499893188,0.011034518480300903,4.0,4.0,1,917.2686767578125,-1.9300557374954224,1.9806584446708744,21.235454559326172,8.346206665039062,0.215094362381734,917.2686767578125,-1.9300557374954224,917.2686767578125,-1.8130848255362155,0.0,-0.11697091195920684,0.0,0,0.4594943154086592,0.4594805784976437,-0.0035530094769255964,3.209744453430176,-0.02503054030239582,0.7915127873420715,0.04093633219599724,-1.2019715674969664,0.0,-7.256466009842521,-7.256466009842521,177.6940489142547,3.604611873626709,-0.08019332587718964,0.006202790763481003,1.0,918.1822051675827,-0.5100360145412263,2,2,3,28.016567038171836,0.0009798771649419955,0.2824956123985203,2.842149001103248,-560.7071089379343,55.28874394896999,0.4275747978259483,0.36759545232692736,0.05997934549902095,0,0.943176457975144,nan
GT+smooth-jitter_controlled_forward3x6_SoftMS_local_prior_3frame_causal_heading_continuous_waypoint_RNN_polynomial_Kalman,1,controlled_gt_jitter,8.0,-563.9968682111912,58.80819508474536,-2.20847709791002,2.847887009794187,0,0,6,-560.7479901979581,54.9302678042886,-561.7883911132812,55.96030807495117,-1,-560.7479858398438,54.930267333984375,-560.7479901979581,54.9302678042886,0.0,0,0.0,0.0,311,/yh/study/uav-sat/v36_GvsK/v36_training_data/routes/route_C/vi/vi_000311.jpg,-561.7883911132812,55.96030807495117,918.4647007799812,1.0971991729258224,2,0.36747064227021925,0.36747064227021925,1,0.36747064227021925,170.43852672963408,0.0009438252219223912,918.4647007799812,-0.5136044060770976,-560.5870918390207,55.54083873249425,1.2724285738697603,10.674027282997272,1,0.0,0,0,0.23067194539669905,1.0,914.5211181640625,2.6687493324279785,1,1,6,18,1,-7.229319455315303,-562.1087036132812,60.19697952270508,-557.8748168945312,57.89341735839844,1,-557.8748168945312,57.89341735839844,921.2622680664062,-1.6224993467330933,0.9167776703834534,0.01688610017299652,4.0,4.0,1,917.2639770507812,-1.9556525945663452,2.040272668086735,21.224796295166016,8.343052864074707,0.23067194539669905,917.2639770507812,-1.9556525945663452,917.2639770507812,-1.9556525945663452,0.0,0.0,0.0,0,0.45933830283777405,0.4593244420186382,-0.003568391535871259,3.21234130859375,-0.02491224929690361,0.7905212044715881,0.04105892777442932,-1.2099086741993443,0.0,-7.264516229802458,-7.264516229802458,177.70304295943654,3.6067049503326416,-0.08055747300386429,0.005679196228641339,1.0,918.1735290153831,-0.862626859372682,2,2,3,28.025243190371377,0.0006705012651641254,0.2911717645980616,2.844870666323531,-560.7479901979581,54.9302678042886,0.36079970028640895,0.36747064227021925,0.0,0,1.464041332678805,nan
GT+smooth-jitter_controlled_forward3x6_SoftMS_local_prior_3frame_causal_heading_continuous_waypoint_RNN_polynomial_Kalman,1,controlled_gt_jitter,8.0,-564.135569360289,58.76366633858066,-2.31757619622646,2.7818204828677757,0,0,6,-560.7673705440068,54.876781799970146,-561.8179931640625,55.98184585571289,-1,-560.7673950195312,54.87678146362305,-560.7673705440068,54.876781799970146,0.0,0,0.0,0.0,312,/yh/study/uav-sat/v36_GvsK/v36_training_data/routes/route_C/vi/vi_000312.jpg,-561.8179931640625,55.98184585571289,918.4647007799812,1.133150882143384,2,0.03660816043719714,0.03660816043719714,1,0.03660816043719714,143.96121381268048,-12.000000000000002,918.2192878377488,-0.8629820068897358,-560.7285486533709,54.971326268343525,1.4859472326880137,10.3411347697522,1,0.0,0,0,0.20445937383536253,1.0,914.3878784179688,2.6098389625549316,1,1,6,18,1,-7.257963903445884,-562.1695556640625,50.680667877197266,-557.904541015625,57.90308380126953,1,-557.904541015625,57.90308380126953,921.2584228515625,-1.5914865732192993,0.9178086519241333,0.006627887487411499,4.0,4.0,1,917.2600708007812,-1.9260741472244263,2.0326351374388403,21.22886085510254,8.34416389465332,0.20445937383536253,917.2600708007812,-1.9260741472244263,917.2600708007812,-1.9260741472244263,0.0,0.0,0.0,1,0.045760200546496425,0.0457588223657111,-0.00035514751705383523,3.213381290435791,-0.024897148832678795,0.7916447520256042,0.041110292077064514,-1.2090559677701507,0.0,-7.263763164474908,-7.263763164474908,151.2249769771554,3.6083085536956787,-0.08049682527780533,0.0032244483871898826,1.0,918.1472545359031,-0.9000921457336724,2,1,2,0.007470910647612072,0.9999599611145302,0.3174462440780417,3.176773129998594,-560.7673705440068,54.876781799970146,0.05688893100525744,0.03660816043719714,0.020280770568060297,0,1.5247866923171083,nan
GT+smooth-jitter_controlled_forward3x6_SoftMS_local_prior_3frame_causal_heading_continuous_waypoint_RNN_polynomial_Kalman,1,controlled_gt_jitter,8.0,-564.2755790822628,58.71735998470343,-2.424932109606565,2.71180197078741,0,0,6,-560.8001987548761,54.838481686804315,-561.8506469726562,56.005558013916016,-1,-560.8001708984375,54.83848190307617,-560.8001987548761,54.838481686804315,0.0,0,0.0,0.0,313,/yh/study/uav-sat/v36_GvsK/v36_training_data/routes/route_C/vi/vi_000313.jpg,-561.8506469726562,56.005558013916016,918.4647007799812,1.1727893823860023,2,0.04035514418667451,0.04035514418667451,1,0.04035514418667451,144.01403910260703,0.05282528992653761,918.1976969497636,-0.9004832739976742,-560.7416970623868,54.91449468924488,1.555695690657068,10.096434629289435,1,0.0,0,0,0.19126088637474928,1.0,914.2535400390625,2.549023151397705,1,1,6,18,1,-7.260236142365738,-562.1695556640625,50.680667877197266,-557.9247436523438,57.90607833862305,1,-557.9247436523438,57.90607833862305,921.2525024414062,-1.5719287395477295,0.9177499413490295,0.0013355761766433716,4.0,4.0,1,917.254150390625,-1.9117369651794434,2.0424908435042655,21.265350341796875,8.352592468261719,0.19126088637474928,917.254150390625,-1.9117369651794434,917.254150390625,-1.9117369651794434,0.0,0.0,0.0,1,0.05044393023334314,0.05044241386043584,-0.00039112826400186716,3.215891122817993,-0.02520683780312538,0.7938587665557861,0.0409499891102314,-1.2060490837097582,0.0,-7.2607562804145145,-7.2607562804145145,151.27479538302154,3.6119205951690674,-0.08077334612607956,0.0030466769672354696,1.0,918.1186492722904,-0.9416412611398288,2,1,2,0.03607617426030174,0.9998066567949306,0.34605150769073134,3.1755359786313186,-560.8001987548761,54.838481686804315,0.05044393023342434,0.04035514418667451,0.010088786046749829,0,1.570193813368935,nan
GT+smooth-jitter_controlled_forward3x6_SoftMS_local_prior_3frame_causal_heading_continuous_waypoint_RNN_polynomial_Kalman,1,controlled_gt_jitter,8.0,-564.4107150042086,58.66496206486032,-2.5304049456148205,2.6378624554853203,0,0,6,-560.8294140604715,54.80317771238245,-561.8803100585938,56.027099609375,-1,-560.8294067382812,54.80317687988281,-560.8294140604715,54.80317771238245,0.0,0,0.0,0.0,314,/yh/study/uav-sat/v36_GvsK/v36_training_data/routes/route_C/vi/vi_000314.jpg,-561.8803100585938,56.027099609375,918.4647007799812,1.2087979530885529,2,0.03665977362524279,0.03665977362524279,1,0.03665977362524279,144.01251518743248,-0.0015239151745513257,918.1644725952826,-0.9419986978197786,-560.7602152665618,54.843142465451756,1.629836452465107,9.91801780485999,1,0.0,0,0,0.19218733477953825,1.0,914.1246337890625,2.482663631439209,1,1,6,18,1,-7.260729392985527,-562.1695556640625,50.680667877197266,-557.912841796875,57.94384765625,1,-557.912841796875,57.94384765625,921.291748046875,-1.5666356086730957,0.9189192652702332,0.001963406801223755,4.0,4.0,1,917.2933959960938,-1.9044058322906494,2.0650123415565838,21.269508361816406,8.353126525878906,0.19218733477953825,917.2933959960938,-1.9044058322906494,917.2933959960938,-1.9044058322906494,0.0,0.0,0.0,1,0.04582471703155348,0.04582332299213769,-0.00035743667994976553,3.2176952362060547,-0.025244632735848427,0.7937781810760498,0.040953148156404495,-1.20922320068311,0.0,-7.263930397387868,-7.263930397387868,151.27644558482035,3.6136789321899414,-0.08104687929153442,0.0027077875354652504,1.0,918.0933207331119,-0.9798298693116515,2,1,2,0.061404713438832914,0.9996709134395193,0.3713800468692625,3.181035462580812,-560.8294140604715,54.80317771238245,0.04582471703149368,0.03665977362524279,0.009164943406250889,0,1.6131854229465066,nan
GT+smooth-jitter_controlled_forward3x6_SoftMS_local_prior_3frame_causal_heading_continuous_waypoint_RNN_polynomial_Kalman,1,controlled_gt_jitter,8.0,-564.2077678787215,58.62795090216057,-2.633854304502778,2.560037846740651,0,0,6,-560.7530750896916,54.68704553204309,-561.5739135742188,56.06791305541992,-1,-560.7530517578125,54.68704605102539,-560.7530750896916,54.68704553204309,0.0,0,0.0,0.0,315,/yh/study/uav-sat/v36_GvsK/v36_training_data/routes/route_C/vi/vi_000315.jpg,-561.5739135742188,56.06791305541992,918.4647007799812,0.9488578830497493,2,0.3091028033121365,0.3091028033121365,1,0.3091028033121365,7.5874007815237565,-12.000000000000002,918.4647007799812,-0.9828532724777952,-560.6363684521745,55.07418434859281,1.3661945683691414,9.790061818731346,1,0.0,0,0,0.20168417710427197,1.0,914.3303833007812,2.4672653675079346,1,1,6,18,1,-7.234999611383813,-562.1695556640625,50.680667877197266,-557.8900146484375,57.910804748535156,1,-557.8900146484375,57.910804748535156,921.2715454101562,-1.6013493537902832,0.9177325963973999,0.005501076579093933,4.0,4.0,1,917.2732543945312,-1.9318097829818726,2.1318077773653017,21.24895668029785,8.34714126586914,0.20168417710427197,917.2732543945312,-1.9318097829818726,917.2732543945312,-1.9318097829818726,0.0,0.0,0.0,0,0.38637850414017066,0.3863666749279638,-0.0030234031661436605,3.2208614349365234,-0.025126321241259575,0.7929224967956543,0.041085388511419296,-1.228790518716433,0.0,-7.2816251247241315,-7.2816251247241315,14.869025906247888,3.6163926124572754,-0.08215531706809998,0.00375143624648876,1.0,918.2363116826696,-1.1643489033216845,2,2,3,27.96246052308492,0.002909217661037028,0.22838909731160584,2.911758631624387,-560.7530750896916,54.68704553204309,0.13897597551416505,0.3091028033121365,0.0,0,1.6064155548293455,nan
GT+smooth-jitter_controlled_forward3x6_SoftMS_local_prior_3frame_causal_heading_continuous_waypoint_RNN_polynomial_Kalman,1,controlled_gt_jitter,8.0,-564.0027786147053,58.58709177071036,-2.7351394545490484,2.4783690839427774,0,0,6,-560.7689973984204,54.533630399817525,-561.2676391601562,56.10872268676758,-1,-560.7689819335938,54.53363037109375,-560.7689973984204,54.533630399817525,0.0,0,0.0,0.0,316,/yh/study/uav-sat/v36_GvsK/v36_training_data/routes/route_C/vi/vi_000316.jpg,-561.2676391601562,56.10872268676758,918.4647007799812,0.6890266683841635,2,0.3089812983338301,0.3089812983338301,1,0.3089812983338301,7.589688425836969,0.0022876443132119994,918.4647007799812,-1.167365995763542,-560.6557444437608,54.89069179832341,1.363090015060181,9.700535337147567,1,0.0,0,0,0.20437681693200024,1.0,914.5385131835938,2.448256015777588,1,1,6,18,1,-7.242570342470245,-562.1695556640625,50.680667877197266,-557.8531494140625,57.87518310546875,1,-557.8531494140625,57.87518310546875,921.2550048828125,-1.649864912033081,0.9227721691131592,0.007686838507652283,4.0,4.0,1,917.2567138671875,-1.9780443906784058,2.2655845490342807,21.235074996948242,8.343696594238281,0.20437681693200024,917.2567138671875,-1.9780443906784058,917.2567138671875,-1.9780443906784058,0.0,0.0,0.0,0,0.3862266229172876,0.3862148384038215,-0.0030170924418575487,3.224524736404419,-0.024944666773080826,0.7936456203460693,0.041305188089609146,-1.2436976200233973,0.0,-7.29648400196323,-7.29648400196323,14.886172427800199,3.62040114402771,-0.08289209753274918,0.0034368211326047424,1.0,918.2373567108449,-1.3195750785715272,2,2,3,27.961415494909595,0.002946481476216751,0.22734406913627936,2.9155434380705887,-560.7689973984204,54.533630399817525,0.15423917372394197,0.3089812983338301,0.0,0,1.6521378026534457,nan
GT+smooth-jitter_controlled_forward3x6_SoftMS_local_prior_3frame_causal_heading_continuous_waypoint_RNN_polynomial_Kalman,1,controlled_gt_jitter,8.0,-563.7953011559972,58.54245362304797,-2.8341195153722167,2.392902231446407,0,0,6,-560.7814880693028,54.41323867798521,-560.961181640625,56.14955139160156,-1,-560.781494140625,54.413238525390625,-560.7814880693028,54.41323867798521,0.0,0,0.0,0.0,317,/yh/study/uav-sat/v36_GvsK/v36_training_data/routes/route_C/vi/vi_000317.jpg,-560.961181640625,56.14955139160156,918.4647007799812,0.42903784952160495,2,0.30916531890829396,0.30916531890829396,1,0.30916531890829396,7.58871031978852,-0.0009781060484486078,918.4647007799812,-1.3225777952832116,-560.6720434960323,54.7363381666681,1.4424882965852275,9.63999196189947,1,0.0,0,0,0.18636229652527722,1.0,914.7495727539062,2.425751209259033,1,1,6,18,1,-7.252708797797777,-562.1695556640625,50.680667877197266,-557.8740234375,57.8731689453125,1,-557.8740234375,57.8731689453125,921.2443237304688,-1.631829857826233,0.9207572340965271,3.774464130401611e-05,4.0,4.0,1,917.2459716796875,-1.9634653329849243,2.378961686772519,21.250946044921875,8.348456382751465,0.18636229652527722,917.2459716796875,-1.9634653329849243,917.2459716796875,-1.9634653329849243,0.0,0.0,0.0,0,0.3864566486353674,0.3864449831047483,-0.003002716711684442,3.2205910682678223,-0.025022227317094803,0.7932475805282593,0.04118805006146431,-1.2212697333883085,0.0,-7.274017264106157,-7.274017264106157,14.862727583894678,3.6162989139556885,-0.08152293413877487,0.0030876599148774923,1.0,918.2381891421278,-1.4413992255004429,2,2,3,27.960583063626693,0.0029761644706165725,0.22651163785337758,2.911425749359528,-560.7814880693028,54.41323867798521,0.12103794258347393,0.30916531890829396,0.0,0,1.7455863252902464,nan
GT+smooth-jitter_controlled_forward3x6_SoftMS_local_prior_3frame_causal_heading_continuous_waypoint_RNN_polynomial_Kalman,1,controlled_gt_jitter,8.0,-563.6332293325644,58.50145391735147,-2.9306536489706896,2.303688567009673,0,0,6,-560.7740878016042,54.342770174643654,-560.7025756835938,56.1977653503418,-1,-560.7741088867188,54.342769622802734,-560.7740878016042,54.342770174643654,0.0,0,0.0,0.0,318,/yh/study/uav-sat/v36_GvsK/v36_training_data/routes/route_C/vi/vi_000318.jpg,-560.7025756835938,56.1977653503418,918.5249225573398,0.21549759205509203,2,0.26306202087996994,0.26306202087996994,1,0.26306202087996994,10.56085841031238,2.972148090523859,918.5249225573398,-1.4439540541888527,-560.6588892896887,54.67010568809555,1.5282841832155227,9.60090793702368,1,0.0,0,0,0.22000384796027098,1.0,914.9150390625,2.4020750522613525,1,1,6,18,1,-7.240054596625222,-562.1087036132812,60.19697952270508,-557.8230590820312,57.813148498535156,1,-557.8230590820312,57.813148498535156,921.211669921875,-1.7034833431243896,0.9220161437988281,0.01377132534980774,4.0,4.0,1,917.2133178710938,-2.037766456604004,2.603903271335966,21.285057067871094,8.355745315551758,0.22000384796027098,917.2133178710938,-2.037766456604004,917.2133178710938,-2.037766456604004,0.0,0.0,0.0,0,0.3288275260999624,0.3288176010669051,-0.002554828688409799,3.224764823913574,-0.025235924869775772,0.7948822975158691,0.04111123085021973,-1.2273032450246628,0.0,-7.277378497570273,-7.277378497570273,17.838236907882653,3.621274948120117,-0.08226270228624344,0.0033818638438521636,1.0,918.2831218505974,-1.5531487425346646,2,2,3,27.915650355157133,0.004578383610221068,0.24180070674242415,2.9617028030336043,-560.7740878016042,54.342770174643654,0.0708560083917376,0.26306202087996994,0.0,0,1.856373099591169,nan
GT+smooth-jitter_controlled_forward3x6_SoftMS_local_prior_3frame_causal_heading_continuous_waypoint_RNN_polynomial_Kalman,1,controlled_gt_jitter,8.0,-563.4684489144648,58.45678686008061,-3.0246012582148234,2.2107846628149868,0,0,6,-560.7622299968992,54.29374633079561,-560.44384765625,56.246002197265625,-1,-560.76220703125,54.29374694824219,-560.7622299968992,54.29374633079561,0.0,0,0.0,0.0,319,/yh/study/uav-sat/v36_GvsK/v36_training_data/routes/route_C/vi/vi_000319.jpg,-560.44384765625,56.246002197265625,918.678625220222,0.0018565918766105442,2,0.2631862183594367,0.2631862183594367,1,0.2631862183594367,10.560886156541438,2.77462290580308e-05,918.6120946150243,-1.5557148997188701,-560.6329854648525,54.63779734079722,1.6192887237955775,9.461899897509474,1,0.0,0,0,0.2380932794845477,1.0,915.0836181640625,2.375037908554077,1,1,6,18,1,-7.2213348194001235,-562.1087036132812,60.19697952270508,-557.8289184570312,57.850547790527344,1,-557.8289184570312,57.850547790527344,921.2430419921875,-1.6822731494903564,0.918003499507904,0.020124316215515137,4.0,4.0,1,917.2446899414062,-2.017357587814331,2.7351650861907797,21.27423667907715,8.353778839111328,0.2380932794845477,917.2446899414062,-2.017357587814331,917.2446899414062,-2.017357587814331,0.0,0.0,0.0,0,0.32898277294929584,0.3289727644269566,-0.0025661571842055145,3.220052719116211,-0.025172416120767593,0.7928845882415771,0.04106777533888817,-1.2091032454858117,0.0,-7.254742165420523,-7.254742165420523,17.81562832196196,3.6155917644500732,-0.08095011860132217,0.003764504124119454,1.0,918.3345019262608,-1.649194860934585,2,2,3,27.86427027949366,0.006410504206247792,0.3441232939611609,2.9568665007567745,-560.7622299968992,54.29374633079561,0.050437533623866895,0.2631862183594367,0.0,0,1.9780470881664798,nan
GT+smooth-jitter_controlled_forward3x6_SoftMS_local_prior_3frame_causal_heading_continuous_waypoint_RNN_polynomial_Kalman,1,controlled_gt_jitter,8.0,-563.30081975108,58.408518205655476,-3.1158221924862155,2.114252458585164,0,0,6,-560.7495310578033,54.27617638654508,-560.1849975585938,56.29426574707031,-1,-560.74951171875,54.27617645263672,-560.7495310578033,54.27617638654508,0.0,0,0.0,0.0,320,/yh/study/uav-sat/v36_GvsK/v36_training_data/routes/route_C/vi/vi_000320.jpg,-560.1849975585938,56.29426574707031,918.8324039711785,-0.21188352848142766,2,0.263311115026312,0.263311115026312,1,0.263311115026312,10.561729883461123,0.0008437269196861246,918.663630782938,-1.651765289510832,-560.6207041725761,54.58887308216178,1.760171694747924,9.374825985224568,1,0.0,0,0,0.23612691480282696,1.0,915.2554321289062,2.344719886779785,1,1,6,18,1,-7.202024833284554,-562.1087036132812,60.19697952270508,-557.9295043945312,57.85696792602539,1,-557.9295043945312,57.85696792602539,921.2060546875,-1.5885086059570312,0.9061058163642883,0.016720280051231384,4.0,4.0,1,917.2076416015625,-1.9325230121612549,2.8534122243627302,21.276153564453125,8.35528564453125,0.23612691480282696,917.2076416015625,-1.9325230121612549,917.2076416015625,-1.9325230121612549,0.0,0.0,0.0,0,0.32913889378288996,0.3291288566770756,-0.002570428576246857,3.2169928550720215,-0.02521478570997715,0.7946712970733643,0.04101364687085152,-1.1884184444712513,0.0,-7.229124037055059,-7.229124037055059,17.79085392051618,3.6134531497955322,-0.07966930419206619,0.003942605262177603,1.0,918.3782428834057,-1.7066560127174606,2,2,3,27.820529322348754,0.007970227648462848,0.454161087772718,2.9536817400457096,-560.7495310578033,54.27617638654508,0.021678699110607273,0.263311115026312,0.0,0,2.095562630606621,nan
GT+smooth-jitter_controlled_forward3x6_SoftMS_local_prior_3frame_causal_heading_continuous_waypoint_RNN_polynomial_Kalman,1,controlled_gt_jitter,8.0,-563.1423483468501,58.774859552149856,-3.2041769601313486,2.0141593263197755,0,0,6,-560.635393261097,54.4814489785309,-559.9381713867188,56.76070022583008,-1,-560.6353759765625,54.481449127197266,-560.635393261097,54.4814489785309,0.0,0,0.0,0.0,321,/yh/study/uav-sat/v36_GvsK/v36_training_data/routes/route_C/vi/vi_000321.jpg,-559.9381713867188,56.76070022583008,919.359527827764,-0.23687796619487786,2,0.5277160999044479,0.5277160999044479,1,0.5277160999044479,62.113258047607545,12.000000000000002,919.0378678124409,-1.71181777346639,-560.4635357428284,54.86740518790429,1.9648342951264197,9.208393070106569,1,0.0,0,0,0.2495751680767909,1.0,915.3743896484375,2.7257328033447266,1,1,6,18,1,-7.0481580113356985,-562.1087036132812,60.19697952270508,-557.957275390625,57.88209533691406,1,-557.957275390625,57.88209533691406,921.2169799804688,-1.5526872873306274,0.9027748107910156,0.02136676013469696,4.0,4.0,1,917.2185668945312,-1.8957467079162598,3.34030984709572,21.280681610107422,8.355566024780273,0.2495751680767909,917.2185668945312,-1.8957467079162598,917.2185668945312,-1.8957467079162598,0.0,0.0,0.0,0,0.6596451248805599,0.6596249290351756,-0.005161760748929341,3.2185559272766113,-0.02524152211844921,0.7949013113975525,0.04101209715008736,-1.1902147842229647,0.0,-7.175687042793727,-7.175687042793727,69.28894509040128,3.6151280403137207,-0.07984495908021927,0.0065708491954372715,1.0,918.653510654715,-1.7505774859463432,2,2,3,27.54526155103951,0.01778577865195365,0.7060171730490765,2.690839827372163,-560.635393261097,54.4814489785309,0.2348707594775435,0.5277160999044479,0.0,0,2.3835067842207485,nan
GT+smooth-jitter_controlled_forward3x6_SoftMS_local_prior_3frame_causal_heading_continuous_waypoint_RNN_polynomial_Kalman,1,controlled_gt_jitter,8.0,-562.980444916117,59.13840329098777,-3.289526947366997,1.910578126192847,0,0,6,-560.5219301982397,54.67590187232581,-559.69091796875,57.22782516479492,-1,-560.5219116210938,54.6759033203125,-560.5219301982397,54.67590187232581,0.0,0,0.0,0.0,322,/yh/study/uav-sat/v36_GvsK/v36_training_data/routes/route_C/vi/vi_000322.jpg,-559.69091796875,57.22782516479492,919.8874582986157,-0.26196539823808324,2,0.5285262162846214,0.5285262162846214,1,0.5285262162846214,62.10732972385262,-0.005928323754925363,919.3141481492864,-1.7557534204344372,-560.3458165495506,55.073268890134756,2.2518891828445113,9.275631889108112,1,0.0,0,0,0.2142317460811511,1.0,915.4970092773438,3.104325771331787,1,1,6,18,1,-6.888340273320236,-562.1087036132812,60.19697952270508,-557.8515625,57.63019561767578,1,-557.8515625,57.63019561767578,921.033935546875,-1.7555034160614014,0.9727299213409424,0.022619515657424927,4.0,4.0,1,917.0587768554688,-2.0296683311462402,4.0590139913578005,16.079544067382812,7.26435661315918,0.2142317460811511,917.0587768554688,-2.0296683311462402,917.0587768554688,-2.0296683311462402,0.0,0.0,0.0,0,0.6606577703557768,0.6606374945714489,-0.005175934488094033,2.036275863647461,-0.023862317204475403,0.3906824588775635,0.012913188897073269,-0.7559902034944583,0.0,-6.6462055972700504,-6.6462055972700504,68.75353532112267,2.2311930656433105,-0.046848464757204056,0.008547120853061451,1.0,918.9260558243069,-1.8027619444069711,2,2,3,27.272716381447587,0.027504246601037195,0.9614024743087839,1.5077496473628396,-560.5219301982397,54.67590187232581,0.22513505843862425,0.5285262162846214,0.0,0,2.683820749641798,nan
GT+smooth-jitter_controlled_forward3x6_SoftMS_local_prior_3frame_causal_heading_continuous_waypoint_RNN_polynomial_Kalman,1,controlled_gt_jitter,8.0,-562.7908020260613,59.545007999018054,-3.371734643248852,1.8035872531684483,0,0,6,-560.214087410779,55.20893132710831,-559.4190673828125,57.74142074584961,-1,-560.214111328125,55.20893096923828,-560.214087410779,55.20893132710831,0.0,0,0.0,0.0,323,/yh/study/uav-sat/v36_GvsK/v36_training_data/routes/route_C/vi/vi_000323.jpg,-559.4190673828125,57.74142074584961,920.4679084151184,-0.2895484402303252,2,0.5811051212590232,0.5811051212590232,1,0.5811051212590232,62.10734362310728,1.3899254662709943e-05,919.6524042544627,-1.8096828231434583,-560.1996727248596,55.32499655797481,2.5393799549848532,9.922082295655956,1,0.0,0,0,0.17498723733786498,1.0,920.6660766601562,3.5291218757629395,1,1,6,18,1,-6.489977309339437,-547.88427734375,64.86560821533203,-552.602783203125,58.1077995300293,1,-552.602783203125,58.1077995300293,923.69873046875,-6.302689552307129,0.9825558662414551,0.009083420038223267,4.0,4.0,1,919.7211303710938,-6.579822540283203,7.203686037491427,16.185903549194336,7.287134170532227,0.17498723733786498,919.7211303710938,-6.579822540283203,919.7211303710938,-3.4484117647509356,0.0,-3.131410775532268,0.0,1,0.7263814015737791,0.7263484301558052,-0.006920878736487084,2.0567312240600586,-0.02182403951883316,0.38427025079727173,0.014834776520729065,-0.624067554274895,0.0,-6.07540936649963,-6.07540936649963,68.18275298960691,2.2485761642456055,-0.038900040090084076,0.0017237068882093485,1.0,919.6432429574032,-1.917968527002368,2,2,3,26.555529248351256,0.053077842995821356,0.8246654577151276,1.4756261028010353,-560.214087410779,55.20893132710831,0.6155384483988753,0.5811051212590232,0.03443332713985203,0,2.6543472834021826,nan
GT+smooth-jitter_controlled_forward3x6_SoftMS_local_prior_3frame_causal_heading_continuous_waypoint_RNN_polynomial_Kalman,1,controlled_gt_jitter,8.0,-562.3624680695056,60.60737132088237,-3.4506638702867996,1.6932706739097123,0,0,6,-559.4869528232156,56.45600750123616,-558.9118041992188,58.914100646972656,-1,-559.4869384765625,56.45600891113281,-559.4869528232156,56.45600750123616,0.0,0,0.0,0.0,324,/yh/study/uav-sat/v36_GvsK/v36_training_data/routes/route_C/vi/vi_000324.jpg,-558.9118041992188,58.914100646972656,921.7449826211007,-0.24985511154260007,2,1.2776909203432674,1.2776909203432674,1,1.2776909203432674,66.60826083653107,4.500917213423794,921.2402757351593,-1.934040837338359,-559.471509523877,56.633213797465885,2.3485559117687003,10.251851293194107,1,0.0,0,0,0.16782954874996098,1.0,921.8097534179688,3.593327283859253,1,1,6,18,1,-4.423145236031416,-547.88427734375,64.86560821533203,-552.6074829101562,62.79667663574219,1,-552.6074829101562,62.79667663574219,927.9403076171875,-4.304082870483398,0.9721413254737854,0.003929145634174347,4.0,4.0,1,923.961669921875,-4.575758934020996,2.6297295681329493,16.27379608154297,7.3058013916015625,0.16782954874996098,923.961669921875,-4.575758934020996,923.9518069942218,-3.560959592775795,0.009862927653263576,-1.0147993412452012,0.0,1,1.5971136504290842,1.5970327777561044,-0.01607231033599096,2.0785841941833496,-0.018888233229517937,0.3830774128437042,0.017542337998747826,-0.44904443704099434,0.0,-3.990857952424282,-3.990857952424282,70.59911878895537,2.2699739933013916,-0.027908215299248695,0.010723153877214816,1.0,921.2297133275202,-2.1020439928519052,2,2,3,24.969058878234243,0.10964850784098501,0.5152692935804453,0.8008932738400822,-559.4869528232156,56.45600750123616,1.4435801649054432,1.2776909203432674,0.1658892445621758,0,2.5244836804388724,nan
GT+smooth-jitter_controlled_forward3x6_SoftMS_local_prior_3frame_causal_heading_continuous_waypoint_RNN_polynomial_Kalman,1,controlled_gt_jitter,8.0,-561.9306600007343,61.66657861031375,-3.5261800202655915,1.579717953575465,0,0,6,-558.7001609811239,57.65181267298845,-558.4044799804688,60.08686065673828,-1,-558.7001342773438,57.65181350708008,-558.7001609811239,57.65181267298845,0.0,0,0.0,0.0,325,/yh/study/uav-sat/v36_GvsK/v36_training_data/routes/route_C/vi/vi_000325.jpg,-558.4044799804688,60.08686065673828,923.0221552887245,-0.21018294863009748,2,1.2777886771433555,1.2777886771433555,1,1.2777886771433555,66.60717506725913,-0.001085769271947014,922.8268763458126,-2.11729660304204,-558.6901763971372,57.88226477397163,2.2230306900285615,10.467928625979793,1,0.0,0,0,0.1766906330323592,1.0,922.9520263671875,3.653046131134033,1,1,6,18,1,-1.0770045399052774,-547.8538818359375,69.62376403808594,-552.6552124023438,62.81087875366211,1,-552.6552124023438,62.81087875366211,927.932861328125,-4.25484561920166,0.9649792909622192,0.005897931754589081,4.0,4.0,1,923.946533203125,-4.550529956817627,3.6433640899423723,17.115684509277344,7.483037948608398,0.1766906330323592,923.946533203125,-4.550529956817627,923.946533203125,-3.758836147545433,0.0,-0.7916938092721941,0.0,1,1.5972358464291943,1.5971630182923635,-0.015252610190134738,2.286065101623535,-0.015063399448990822,0.4853488504886627,0.025887295603752136,-0.5428379287449316,0.0,-0.9188857691360177,-0.9188857691360177,67.52606083639515,2.5286059379577637,-0.026077358052134514,0.00454126533132578,1.0,922.8102100405289,-2.3326789626355198,2,2,3,23.3885621652256,0.16600616287484493,0.2119452481956614,1.0082764244801796,-558.7001609811239,57.65181267298845,1.4314298486379202,1.2777886771433555,0.1536411714945647,0,2.4529341485886937,nan
GT+smooth-jitter_controlled_forward3x6_SoftMS_local_prior_3frame_causal_heading_continuous_waypoint_RNN_polynomial_Kalman,1,controlled_gt_jitter,8.0,-561.4955501971474,62.72214139858614,-3.5981502948036144,1.4630242721212967,0,0,6,-557.9291190799235,58.646839980492615,-557.8973999023438,61.259117126464844,-1,-557.9291381835938,58.6468391418457,-557.9291190799235,58.646839980492615,0.0,0,0.0,0.0,326,/yh/study/uav-sat/v36_GvsK/v36_training_data/routes/route_C/vi/vi_000326.jpg,-557.8973999023438,61.259117126464844,924.2987683929238,-0.17050400416516653,2,1.2772295942574456,1.2772295942574456,1,1.2772295942574456,66.60825848223827,0.0010834149791392519,924.2987683929238,-2.345266005168331,-557.897817941108,58.99142743478785,2.267689730208809,10.588320191867046,1,0.0,0,0,0.1855366313791648,1.0,924.0924072265625,3.708226442337036,1,1,6,18,1,3.0907095952856265,-552.585205078125,69.65361022949219,-552.6612548828125,62.618133544921875,1,-552.6612548828125,62.618133544921875,927.755859375,-4.331358432769775,0.9659900665283203,0.009658701717853546,4.0,4.0,1,923.7666625976562,-4.64524507522583,5.055216551528788,17.412864685058594,7.548303127288818,0.1855366313791648,923.7666625976562,-4.64524507522583,923.7666625976562,-4.001401446943953,0.0,-0.6438436282818771,0.0,0,1.5965369928218067,1.5964873741463712,-0.012587042532811262,2.325026750564575,-0.018432296812534332,0.4919477105140686,0.024464942514896393,-0.505365910132655,0.0,2.9876443316625227,2.9876443316625227,63.62061415057575,2.57084584236145,-0.028876282274723053,0.0036559575689933442,1.0,924.2128563425849,-2.6118976943183334,2,2,3,21.98591586316956,0.2160219938317559,0.08591205033883398,1.0477971563071296,-557.9291190799235,58.646839980492615,1.258802985413424,1.2772295942574456,0.0,0,2.6124697115172735,nan
GT+smooth-jitter_controlled_forward3x6_SoftMS_local_prior_3frame_causal_heading_continuous_waypoint_RNN_polynomial_Kalman,1,controlled_gt_jitter,8.0,-560.9697276415658,63.92900286260412,-3.6664439501595023,1.3432904297427941,0,0,6,-557.204028324253,59.41490532131203,-557.3032836914062,62.58571243286133,-1,-557.2040405273438,59.4149055480957,-557.204028324253,59.41490532131203,0.0,0,0.0,0.0,327,/yh/study/uav-sat/v36_GvsK/v36_training_data/routes/route_C/vi/vi_000327.jpg,-557.3032836914062,62.58571243286133,925.752083242462,-0.14394977355272384,2,1.453557422000216,1.453557422000216,1,1.453557422000216,65.87476048511724,-0.7334979971210331,925.752083242462,-2.6262667468563086,-557.028398753196,60.05211423487501,2.5484665110796216,10.556090788608158,1,0.0,0,0,0.19141912702087316,1.0,925.4083251953125,3.745661497116089,1,1,6,18,1,8.261215305454762,-552.585205078125,69.65361022949219,-552.6460571289062,62.629974365234375,1,-552.6460571289062,62.629974365234375,927.7730102539062,-4.340076446533203,0.9649733304977417,0.0117880180478096,4.0,4.0,1,923.7825927734375,-4.652815341949463,6.41933398229497,17.554851531982422,7.578655242919922,0.19141912702087316,923.7825927734375,-4.652815341949463,923.7825927734375,-4.292108306440749,0.0,-0.3607070355087134,0.0,0,1.8169467775002701,1.8168899588576566,-0.014369052537975142,2.340592861175537,-0.02049865387380123,0.4734734892845154,0.02331959456205368,-0.45347995121583,0.0,7.055836996911108,7.055836996911108,58.81892348820613,2.577179193496704,-0.029237203299999237,0.00893738445002656,1.0,925.3912830312652,-2.930631672092831,2,2,3,20.807489174489312,0.2580425587951024,0.36080021119687444,0.887035439175321,-557.204028324253,59.41490532131203,1.0562580043373504,1.453557422000216,0.0,0,3.172360220176823,nan
GT+smooth-jitter_controlled_forward3x6_SoftMS_local_prior_3frame_causal_heading_continuous_waypoint_RNN_polynomial_Kalman,1,controlled_gt_jitter,8.0,-560.3803466082734,65.26630002618222,-3.730932545773426,1.2206228411236268,0,0,6,-556.0340713611582,61.52344649977629,-556.6494140625,64.0456771850586,-1,-556.0340576171875,61.52344512939453,-556.0340713611582,61.52344649977629,0.0,0,0.0,0.0,328,/yh/study/uav-sat/v36_GvsK/v36_training_data/routes/route_C/vi/vi_000328.jpg,-556.6494140625,64.0456771850586,927.3515174539137,-0.11474750476057904,2,1.5997007749152403,1.5997007749152403,1,1.5997007749152403,65.87398051023295,-0.0007799748842845814,927.3515174539137,-2.947389555285936,-555.9592738868295,61.256053710681215,2.8737245154801943,10.4053194586643,1,0.0,0,0,0.20023664850357925,1.0,926.8693237304688,3.781053304672241,1,1,6,18,1,15.070362232746609,-557.2557373046875,79.19976043701172,-553.3634033203125,69.43675231933594,1,-553.3634033203125,69.43675231933594,933.6282958984375,-0.7956780195236206,0.9303514957427979,0.007698222994804382,4.0,4.0,1,929.6365356445312,-1.1254404783248901,1.7679476865236028,17.7259578704834,7.615501403808594,0.20023664850357925,929.6365356445312,-1.1254404783248901,929.6365356445312,-1.2669990852550304,0.0,0.14155860693014022,0.0,1,1.9996259686440503,1.9995557476165908,-0.016757883193104846,2.3599436283111572,-0.023723207414150238,0.47341275215148926,0.02140132710337639,-0.41872424013952925,0.0,15.209114297403818,15.209114297403818,50.66486621282913,2.5964856147766113,-0.0319986492395401,0.011878677283103527,1.0,927.3515174539137,-2.6697322740451948,2,2,3,18.847254751840744,0.3279409739375333,0.0,0.7602428533959169,-556.0340713611582,61.52344649977629,2.4113782774118047,1.5997007749152403,0.8116775024965643,0,2.5962076707910375,nan
GT+smooth-jitter_controlled_forward3x6_SoftMS_local_prior_3frame_causal_heading_continuous_waypoint_RNN_polynomial_Kalman,1,controlled_gt_jitter,8.0,-559.7894150006955,66.59552261729732,-3.7914901960079757,1.095133518176229,0,0,6,-555.1280395588658,63.333341793941166,-555.9979248046875,65.5003890991211,-1,-555.1280517578125,63.333343505859375,-555.1280395588658,63.333341793941166,0.0,0,0.0,0.0,329,/yh/study/uav-sat/v36_GvsK/v36_training_data/routes/route_C/vi/vi_000329.jpg,-555.9979248046875,65.5003890991211,928.9451852028653,-0.08562514373505402,2,1.5939338147992421,1.5939338147992421,1,1.5939338147992421,65.87489251260172,0.00091200236876829,928.9451852028653,-2.6882770796417605,-555.0135802158868,63.06712587709746,2.6248245993121224,10.418908037180179,1,0.0,0,0,0.19942657667759808,1.0,928.3236694335938,3.8116071224212646,1,1,6,18,1,22.756339348398267,-557.2557373046875,79.19976043701172,-553.6422119140625,70.13394927978516,1,-553.6422119140625,70.13394927978516,934.1406860351562,-0.24680273234844208,0.9329928755760193,0.007955297827720642,4.0,4.0,1,930.1483764648438,-0.5811610817909241,0.9487413912198349,17.82955551147461,7.636994361877441,0.19942657667759808,930.1483764648438,-0.5811610817909241,930.1483764648438,-1.009223228123724,0.0,0.4280621463327998,0.0,0,1.9924172684990524,1.9923309619635516,-0.01854480559656589,2.3803563117980957,-0.02455252781510353,0.4795704782009125,0.021262988448143005,-0.4055084911062157,0.0,22.85974393012062,22.85974393012062,43.0151485824811,2.6199774742126465,-0.03246447443962097,0.005625576072107461,1.0,928.9451852028653,-2.3984981025296768,2,2,3,17.253587002889155,0.3847682842981026,0.0,0.7864224969988536,-555.1280395588658,63.333341793941166,2.0240095361942916,1.5939338147992421,0.43007572139504946,0,2.3351219162574526,nan
GT+smooth-jitter_controlled_forward3x6_SoftMS_local_prior_3frame_causal_heading_continuous_waypoint_RNN_polynomial_Kalman,1,controlled_gt_jitter,8.0,-559.1198444104717,68.06168186227748,-3.8479938245342167,0.9669400409884217,0,0,6,-554.1539926278263,65.25037675580533,-555.2718505859375,67.09474182128906,-1,-554.1539916992188,65.25037384033203,-554.1539926278263,65.25037675580533,0.0,0,0.0,0.0,330,/yh/study/uav-sat/v36_GvsK/v36_training_data/routes/route_C/vi/vi_000330.jpg,-555.2718505859375,67.09474182128906,930.6969565215531,-0.06461036700621622,2,1.7518973639508209,1.7518973639508209,1,1.7518973639508209,65.51530205662819,-0.3595904559735404,930.6969565215531,-2.4201022513262167,-554.0426169232462,65.07314950322878,2.3659777889772746,10.733018344136148,1,0.0,0,0,0.2090926209426299,1.0,929.9353637695312,3.8292341232299805,1,1,6,18,1,31.673946253082818,-557.2557373046875,79.19976043701172,-554.563720703125,71.26769256591797,1,-554.563720703125,71.26769256591797,934.7748413085938,1.0694180727005005,0.945411205291748,0.014553748071193695,4.0,4.0,1,930.7822265625,0.7342426776885986,0.8352346174913595,17.888504028320312,7.648911952972412,0.2090926209426299,930.7822265625,0.7342426776885986,930.7822265625,-0.7250994267708772,0.0,1.4593421044594759,0.0,0,2.189871704938526,2.1897651346309135,-0.02160414879654011,2.3922626972198486,-0.02480873093008995,0.4777453541755676,0.02137332409620285,-0.37443187743459816,0.0,31.772235823529623,31.772235823529623,33.74306623309856,2.6309871673583984,-0.03131629526615143,0.0027132240426683343,1.0,930.6969565215531,-2.2107841999628524,2,2,3,15.50181568420134,0.44723328208280727,0.0,0.6403653332690278,-554.1539926278263,65.25037675580533,2.150300088098658,1.7518973639508209,0.39840272414783695,0,2.156684703263191,nan
GT+smooth-jitter_controlled_forward3x6_SoftMS_local_prior_3frame_causal_heading_continuous_waypoint_RNN_polynomial_Kalman,1,controlled_gt_jitter,8.0,-558.4457946121947,69.52587804113263,-3.9003234207884723,0.8361655167185652,0,0,6,-553.4040371645807,66.95394046977816,-554.5454711914062,68.68971252441406,-1,-553.404052734375,66.95394134521484,-553.4040371645807,66.95394046977816,0.0,0,0.0,0.0,331,/yh/study/uav-sat/v36_GvsK/v36_training_data/routes/route_C/vi/vi_000331.jpg,-554.5454711914062,68.68971252441406,932.4494169372181,-0.04360893481472717,2,1.7525862514086552,1.7525862514086552,1,1.7525862514086552,65.51459559283157,-0.0007064637966057871,932.4494169372181,-2.2330080158826497,-553.1261874544567,67.01758976498337,2.193253484797304,10.969879090395397,1,0.0,0,0,0.19802905339363966,1.0,931.5472412109375,3.841972589492798,1,1,6,18,1,40.350085426547075,-557.2557373046875,79.19976043701172,-554.5820922851562,71.22827911376953,1,-554.5820922851562,71.22827911376953,934.7313232421875,1.069280982017517,0.9417157769203186,0.009315326809883118,4.0,4.0,1,930.7376708984375,0.7271116375923157,1.4756741085432548,18.218095779418945,7.718752861022949,0.19802905339363966,930.7376708984375,0.7271116375923157,930.7376708984375,-0.5562600777831443,0.0,1.28337171537546,0.0,0,2.190732814260819,2.190620086981102,-0.022223815919797437,2.4707560539245605,-0.02387627772986889,0.5227547883987427,0.024042582139372826,-0.4195644601291466,0.0,39.259269179736116,39.259269179736116,26.25532641309546,2.73197340965271,-0.031861305236816406,0.005618904551927399,1.0,932.2160541928981,-2.0049999579201097,2,2,3,13.98271801285636,0.5014015583087207,0.23336274431994752,0.7181698025159053,-553.4040371645807,66.95394046977816,1.861333533898948,1.7525862514086552,0.10874728249029286,0,2.0774446474575754,nan
GT+smooth-jitter_controlled_forward3x6_SoftMS_local_prior_3frame_causal_heading_continuous_waypoint_RNN_polynomial_Kalman,1,controlled_gt_jitter,8.0,-557.8322734307214,70.84534880452959,-3.94836229790894,0.7029385262092751,0,0,6,-552.6018280147965,68.69698636923472,-553.8839111328125,70.14241027832031,-1,-552.601806640625,68.69698333740234,-552.6018280147965,68.69698636923472,0.0,0,0.0,0.0,332,/yh/study/uav-sat/v36_GvsK/v36_training_data/routes/route_C/vi/vi_000332.jpg,-553.8839111328125,70.14241027832031,934.0455452858981,-0.02445769802313555,2,1.5962432381472536,1.5962432381472536,1,1.5962432381472536,65.51543126775552,0.0008356749239386086,934.0455452858981,-2.0247039875156023,-552.4047707807819,68.79428504121871,2.0013240207211744,11.567184410218202,1,0.0,0,0,0.22068360689643773,1.0,933.0023193359375,3.8479342460632324,1,1,6,18,1,47.42579824292166,-557.2557373046875,79.19976043701172,-556.9342041015625,73.37732696533203,1,-556.9342041015625,73.37732696533203,935.6758422851562,4.112094402313232,0.9488753080368042,0.01995224505662918,4.0,4.0,1,931.68212890625,3.7740864753723145,3.4188844038464627,18.241146087646484,7.722902297973633,0.22068360689643773,931.68212890625,3.7740864753723145,931.68212890625,-0.31057603613648,0.0,4.084662511508794,0.0,0,1.9953040476840669,1.995206754680357,-0.019704029595492452,2.4806342124938965,-0.023686839267611504,0.5190110802650452,0.024435238912701607,-0.4037578282445768,0.0,46.678889136027614,46.678889136027614,18.836542131727896,2.739990711212158,-0.030778273940086365,0.004641132841495581,1.0,933.8585927431667,-1.8894806834792623,2,2,3,12.340179462587791,0.5599715130792284,0.1869525427314329,0.8843909743466429,-552.6018280147965,68.69698636923472,1.9187882967148258,1.5962432381472536,0.3225450585675722,0,1.932094044931001,nan
GT+smooth-jitter_controlled_forward3x6_SoftMS_local_prior_3frame_causal_heading_continuous_waypoint_RNN_polynomial_Kalman,1,controlled_gt_jitter,8.0,-556.7625051640448,73.13708757716235,-3.991997351544846,0.5673930581193782,0,0,6,-551.3654916978676,71.36526215975664,-552.7705078125,72.56969451904297,-1,-551.365478515625,71.36526489257812,-551.3654916978676,71.36526215975664,0.0,0,0.0,0.0,333,/yh/study/uav-sat/v36_GvsK/v36_training_data/routes/route_C/vi/vi_000333.jpg,-552.7705078125,72.56969451904297,936.7158942183614,0.0002873587644837716,2,2.6704635812801234,2.6704635812801234,1,2.6704635812801234,65.35891948890456,-0.1565117788509462,936.54400335596,-1.9133045445119867,-551.2456211645301,71.36140487659854,1.9455701347407899,12.274958716709257,1,0.0,0,0,0.2164334388411418,1.0,935.5314331054688,3.854517936706543,1,1,6,18,1,56.200894469461,-557.2557373046875,79.19976043701172,-557.279052734375,77.92454528808594,1,-557.279052734375,77.92454528808594,939.6445922851562,6.35829496383667,0.9435461163520813,0.017079755663871765,4.0,4.0,1,935.650146484375,6.011976718902588,5.902015498095944,18.47307586669922,7.771930694580078,0.2164334388411418,935.650146484375,6.011976718902588,935.650146484375,-0.20618937042410268,0.0,6.21816608932669,0.0,0,2.685516288473661,2.6854106127932917,-0.02382386103272438,2.529806613922119,-0.02361830323934555,0.5460234880447388,0.02569575607776642,-0.4388467511667537,0.0,56.01561917744197,56.01561917744197,9.343300311462597,2.8026535511016846,-0.03223758190870285,0.0014960614369170578,1.0,936.4859822239392,-1.8028096359901402,2,2,3,9.712789981815256,0.6536594712876941,0.22991199442219568,0.14065696735800426,-551.3654916978676,71.36526215975664,2.940786150477927,2.6704635812801234,0.27032256919780373,0,1.8506019535472253,nan
GT+smooth-jitter_controlled_forward3x6_SoftMS_local_prior_3frame_causal_heading_continuous_waypoint_RNN_polynomial_Kalman,1,controlled_gt_jitter,8.0,-555.6887120923535,75.42560959251549,-4.031119318916037,0.42966843040610964,0,0,6,-550.2943006213682,73.81986160542174,-551.6575927734375,74.99594116210938,-1,-550.2943115234375,73.81986236572266,-550.2943006213682,73.81986160542174,0.0,0,0.0,0.0,334,/yh/study/uav-sat/v36_GvsK/v36_training_data/routes/route_C/vi/vi_000334.jpg,-551.6575927734375,74.99594116210938,939.385096404499,0.025032998398869723,2,2.66931688961099,2.66931688961099,1,2.66931688961099,65.3591600812694,0.00024059236483138735,939.1736828968261,-1.8265204400502417,-550.1052512259689,73.94953570956419,1.8720920519871513,12.985651137210095,1,0.0,0,0,0.22381249162916098,1.0,938.0593872070312,3.856091022491455,1,1,6,18,1,62.035768110654224,-557.2557373046875,79.19976043701172,-558.7677612304688,78.77320861816406,1,-558.7677612304688,78.77320861816406,939.7794189453125,8.066596031188965,0.9461813569068909,0.020611129701137543,4.0,4.0,1,935.7848510742188,7.725087642669678,7.87917530011455,18.539485931396484,7.785337448120117,0.22381249162916098,935.7848510742188,7.725087642669678,936.3081985448459,-0.10722982886212606,-0.5233474706271655,7.832317471531804,0.0,0,2.687805258806119,2.687700672886892,-0.02371080406010151,2.5500385761260986,-0.023081062361598015,0.5503568649291992,0.026585910469293594,-0.4466192396379638,0.0,61.70660033741451,61.70660033741451,3.652559743854891,2.825054883956909,-0.03181008622050285,0.0041657266560288534,1.0,938.9804035296372,-1.710888368568775,2,2,3,7.218368676117272,0.7426060247974632,0.4046928748617802,0.11927831348489137,-550.2943006213682,73.81986160542174,2.678153983816348,2.66931688961099,0.008837094205357943,0,1.8004801069582614,nan
GT+smooth-jitter_controlled_forward3x6_SoftMS_local_prior_3frame_causal_heading_continuous_waypoint_RNN_polynomial_Kalman,1,controlled_gt_jitter,8.0,-555.1127421781138,76.65151961161702,-4.065623037488735,0.2899091990193607,0,0,6,-549.6616237506166,75.42152253319959,-551.047119140625,76.36161041259766,-1,-549.66162109375,75.42152404785156,-549.6616237506166,75.42152253319959,0.0,0,0.0,0.0,335,/yh/study/uav-sat/v36_GvsK/v36_training_data/routes/route_C/vi/vi_000335.jpg,-551.047119140625,76.36161041259766,940.8807319594213,0.053402787627130244,2,1.4959045952494814,1.4959045952494814,1,1.4959045952494814,65.91467560502686,0.5555155237574649,940.8502043093171,-1.728181179852393,-549.4537262085397,75.56353600026539,1.7820841180030944,13.656490430826441,1,0.0,0,0,0.2223482185936347,1.0,939.4138793945312,3.856243133544922,1,1,6,18,1,63.928463296222915,-557.2557373046875,79.19976043701172,-558.7584838867188,78.75556945800781,1,-558.7584838867188,78.75556945800781,939.7673950195312,8.050697326660156,0.9464246034622192,0.020078934729099274,4.0,4.0,1,935.7723388671875,7.699990272521973,8.374389289735776,18.694202423095703,7.818565368652344,0.2223482185936347,935.7723388671875,7.699990272521973,937.9887467081845,-0.01130661917289566,-2.2164078409970687,7.711296891694869,0.0,0,1.8698807440618517,1.8698007796798068,-0.01729281128361786,2.579033374786377,-0.023511497303843498,0.5642935037612915,0.027001626789569855,-0.45928315741110787,0.0,63.74157689299942,63.74157689299942,2.1730987120274463,2.8610076904296875,-0.03294534608721733,0.004122205169350518,1.0,940.6367398802945,-1.6004691566010258,2,2,3,5.562032325459988,0.8016679841815415,0.24399207912676957,1.0831287795368956,-549.6616237506166,75.42152253319959,1.7220910981577557,1.4959045952494814,0.22618650290827436,0,1.6743245494006236,nan
GT+smooth-jitter_controlled_forward3x6_SoftMS_local_prior_3frame_causal_heading_continuous_waypoint_RNN_polynomial_Kalman,1,controlled_gt_jitter,8.0,-554.4725439330902,78.00876157469935,-4.095407702621362,0.14826505370326,0,0,6,-549.2345830772522,77.15244159432868,-550.3771362304688,77.8604965209961,-1,-549.2345581054688,77.1524429321289,-549.2345830772522,77.15244159432868,0.0,0,0.0,0.0,336,/yh/study/uav-sat/v36_GvsK/v36_training_data/routes/route_C/vi/vi_000336.jpg,-550.3771362304688,77.8604965209961,942.5222449368104,0.08457666955559966,2,1.6418089614359066,1.6418089614359066,1,1.6418089614359066,65.9159677752883,0.0012921702614347263,942.5222449368104,-1.6192981901315322,-548.8350698442716,77.13577533458393,1.703874859687092,13.349022779354137,1,0.0,0,0,0.31887943911913785,1.0,940.9144897460938,3.8541266918182373,1,1,6,18,1,64.38486835904477,-557.2557373046875,79.19976043701172,-554.0299072265625,83.12287902832031,1,-554.0299072265625,83.12287902832031,945.731201171875,5.628748893737793,0.9263367056846619,0.054272085428237915,4.0,4.0,1,941.7361450195312,5.284092426300049,5.25793052986283,18.7451171875,7.827991485595703,0.31887943911913785,941.7361450195312,5.284092426300049,941.7361450195312,0.2568528844150453,0.0,5.027239541885004,0.0,0,2.052261201794883,2.0521748239097186,-0.018829033530506422,2.597785234451294,-0.022713009268045425,0.5698850154876709,0.028028475120663643,-0.48334682099156195,0.0,64.34465076446871,64.34465076446871,1.5713170108195809,2.882551670074463,-0.03301684558391571,0.0036749007478828963,1.0,942.3674006865082,-1.2506359521836146,2,2,3,3.8313715192463107,0.8633802192620829,0.15484425030217608,0.9559762730153873,-549.2345830772522,77.15244159432868,1.7828192653456365,1.6418089614359066,0.1410103039097299,0,1.3441612578493405,nan
GT+smooth-jitter_controlled_forward3x6_SoftMS_local_prior_3frame_causal_heading_continuous_waypoint_RNN_polynomial_Kalman,1,controlled_gt_jitter,8.0,-553.8274083735249,79.36455561782576,-4.120377123524904,0.004890700833566551,0,0,6,-548.949713815607,78.51045725684926,-549.70703125,79.35966491699219,-1,-548.94970703125,78.51045989990234,-548.949713815607,78.51045725684926,0.0,0,0.0,0.0,337,/yh/study/uav-sat/v36_GvsK/v36_training_data/routes/route_C/vi/vi_000337.jpg,-549.70703125,79.35966491699219,944.1640653153881,0.11576014096580274,2,1.6421164892913427,1.6421164892913427,1,1.6421164892913427,65.91609865184597,0.00013087655766934393,944.1640653153881,-1.2689773185211481,-548.4537953812726,78.77068470591432,1.3847374594869197,13.140703294908302,1,0.0,0,0,0.30658178124193103,1.0,942.4159545898438,3.846925735473633,1,1,6,18,1,64.37079219293904,-557.2557373046875,79.19976043701172,-554.0779418945312,83.1268081665039,1,-554.0779418945312,83.1268081665039,945.71435546875,5.673892974853516,0.9284301996231079,0.049813590943813324,4.0,4.0,1,941.7190551757812,5.329525470733643,5.756505856841919,18.870281219482422,7.854241371154785,0.30658178124193103,941.7190551757812,5.329525470733643,941.7190551757812,0.586882620528038,0.0,4.7426428502056055,0.0,0,2.0526456116141785,2.0525636655557893,-0.01834136633753357,2.6303889751434326,-0.022191926836967468,0.58583003282547,0.029209891334176064,-0.5185344081307338,0.0,64.30946317732955,64.30946317732955,1.6066354745164222,2.9231157302856445,-0.0340425968170166,0.008145592845984335,1.0,943.7176178584409,-0.930838165294182,2,2,3,2.48115434731357,0.9115265222377622,0.4464474569472259,0.9882724858520899,-548.949713815607,78.51045725684926,1.3875723533861268,1.6421164892913427,0.0,0,1.1378415295993818,nan
GT+smooth-jitter_controlled_forward3x6_SoftMS_local_prior_3frame_causal_heading_continuous_waypoint_RNN_polynomial_Kalman,1,controlled_gt_jitter,8.0,-553.534055699531,79.79849858969729,-4.140439976874718,-0.14005426674802177,0,0,6,-549.1276668339447,78.92736764216384,-549.3936157226562,79.93855285644531,-1,-549.127685546875,78.9273681640625,-549.1276668339447,78.92736764216384,0.0,0,0.0,0.0,338,/yh/study/uav-sat/v36_GvsK/v36_training_data/routes/route_C/vi/vi_000338.jpg,-549.3936157226562,79.93855285644531,944.8212864130853,0.07833063434076255,2,0.6582860618488332,0.6582860618488332,1,0.6582860618488332,61.56845723371064,-4.34764141813533,944.5404445900806,-0.9379629275596528,-548.593286923038,79.25211382345658,1.054383579874448,12.888604382227388,1,0.0,0,0,0.30705983880523596,1.0,942.9334716796875,3.766003370285034,1,1,6,18,1,64.3493270428118,-557.2557373046875,79.19976043701172,-554.0449829101562,83.14061737060547,1,-554.0449829101562,83.14061737060547,945.7408447265625,5.649937629699707,0.9324682950973511,0.05089319497346878,4.0,4.0,1,941.7451782226562,5.30035924911499,6.058498140772684,18.993595123291016,7.880867004394531,0.30705983880523596,941.7451782226562,5.30035924911499,941.7451782226562,0.9186858064689865,0.0,4.381673442646004,0.0,0,0.8228575773110414,0.8228267316396916,-0.007124762265470863,2.6530239582061768,-0.022740907967090607,0.5927913784980774,0.02939053252339363,-0.5228907881607325,0.0,64.30510679729954,64.30510679729954,2.7366495635889097,2.949223518371582,-0.03496182709932327,0.010284232502819285,1.0,944.0192463294245,-0.592457002090958,2,2,3,2.1795258763299827,0.9222820481279262,0.8020400836608133,1.9947378963573437,-549.1276668339447,78.92736764216384,0.4533007237129072,0.6582860618488332,0.0,0,1.04557369371479,nan
GT+smooth-jitter_controlled_forward3x6_SoftMS_local_prior_3frame_causal_heading_continuous_waypoint_RNN_polynomial_Kalman,1,controlled_gt_jitter,8.0,-553.2053757800603,80.2871723679541,-4.155510057404006,-0.28640551290527816,0,0,6,-549.3239055417604,79.34621504514011,-549.0498657226562,80.57357788085938,-1,-549.3239135742188,79.3462142944336,-549.3239055417604,79.34621504514011,0.0,0,0.0,0.0,339,/yh/study/uav-sat/v36_GvsK/v36_training_data/routes/route_C/vi/vi_000339.jpg,-549.0498657226562,80.57357788085938,945.542215914092,0.03732455295916363,2,0.7220947611858715,0.7220947611858715,1,0.7220947611858715,61.5725522613131,0.0040950276024655065,944.921831321966,-0.6002287583429475,-548.736730242021,79.74093303600232,0.889579263978016,12.56347446475171,1,0.0,0,0,0.3127371923959628,1.0,943.5155029296875,3.6763877868652344,1,1,6,18,1,64.33384994087426,-557.2557373046875,79.19976043701172,-554.0521240234375,83.13656616210938,1,-554.0521240234375,83.13656616210938,945.7341918945312,5.654677391052246,0.9292937517166138,0.052465736865997314,4.0,4.0,1,941.7384033203125,5.303727149963379,6.49383931385837,19.034252166748047,7.888873100280762,0.3127371923959628,941.7384033203125,5.303727149963379,941.8118040428772,1.265787609110391,-0.0734007225646125,4.037939540852987,0.0,0,0.9026184514823393,0.9025849925414979,-0.007771756251989568,2.664189100265503,-0.022735128179192543,0.5955379009246826,0.02967153489589691,-0.5329958395943548,0.0,64.29500174586592,64.29500174586592,2.722449484552822,2.9617562294006348,-0.035452332347631454,0.013092244275103224,1.0,944.3148502871119,-0.2367027644145987,2,2,3,1.8839219186426064,0.9328227507670831,1.227365626980145,1.9420943390796315,-549.3239055417604,79.34621504514011,0.46253948742258727,0.7220947611858715,0.0,0,1.2575839347572209,nan
GT+smooth-jitter_controlled_forward3x6_SoftMS_local_prior_3frame_causal_heading_continuous_waypoint_RNN_polynomial_Kalman,1,controlled_gt_jitter,8.0,-552.9023229310556,80.71791476015767,-4.165506524805588,-0.4339941143540452,0,0,6,-549.6355582257996,79.6383933925537,-548.73681640625,81.15190887451172,-1,-549.6355590820312,79.63838958740234,-549.6355582257996,79.6383933925537,0.0,0,0.0,0.0,340,/yh/study/uav-sat/v36_GvsK/v36_training_data/routes/route_C/vi/vi_000340.jpg,-548.73681640625,81.15190887451172,946.1987836028532,1.8281823840706959e-06,3,0.6576219375304687,0.6576219375304687,1,0.6576219375304687,61.573412457416666,0.0008601961035653833,945.1368475379047,-0.24374563784407066,-548.9679055704295,80.08715573290775,1.089541855256924,12.06403584569112,1,0.0,0,0,0.33047287184361374,1.0,944.0342407226562,3.585325002670288,1,1,6,18,1,64.32025306194916,-557.2557373046875,79.19976043701172,-554.024169921875,83.13058471679688,1,-554.024169921875,83.13058471679688,945.7406616210938,5.626833915710449,0.93000727891922,0.05971698462963104,4.0,4.0,1,941.7445678710938,5.271767616271973,6.898779991479138,19.1708927154541,7.91779088973999,0.33047287184361374,941.7445678710938,5.271767616271973,941.9780471403348,1.6515346006978922,-0.2334792692410259,3.6202330155740805,0.0,0,0.8220274219130858,0.8219972507928057,-0.007042873429471974,2.693880558013916,-0.022702492773532867,0.6109445095062256,0.030409937724471092,-0.5675219122402404,0.0,64.26047567322004,64.26047567322004,2.687063215803371,2.999131679534912,-0.037205636501312256,0.015922046057977216,1.0,944.4467244703116,0.16962811303823516,2,2,3,1.752047735442936,0.9375251456936067,1.7520591325416035,2.0362586204834474,-549.6355582257996,79.6383933925537,0.4271950165512205,0.6576219375304687,0.0,0,1.7602459976758942,nan
GT+smooth-jitter_controlled_forward3x6_SoftMS_local_prior_3frame_causal_heading_continuous_waypoint_RNN_polynomial_Kalman,1,controlled_gt_jitter,8.0,-552.7633717243904,80.44693243287925,-4.1703541462653595,-0.5826467297184017,0,0,6,-549.8592585061748,79.56322795516802,-548.593017578125,81.02957916259766,-1,-549.8592529296875,79.56322479248047,-549.8592585061748,79.56322795516802,0.0,0,0.0,0.0,341,/yh/study/uav-sat/v36_GvsK/v36_training_data/routes/route_C/vi/vi_000341.jpg,-548.593017578125,81.02957916259766,946.3594055221294,-0.09921137877698093,3,0.18879264124192133,0.18879264124192133,1,0.18879264124192133,-40.387824025037865,-12.000000000000002,944.6827067669739,0.16762459629337775,-549.5333729480217,79.85111346077208,1.5076636335976137,11.694273788882944,1,0.0,0,0,0.31914894226554785,1.0,943.8480834960938,3.3443105220794678,1,1,6,18,1,64.2993309652218,-557.2557373046875,79.19976043701172,-554.0360107421875,83.1332778930664,1,-554.0360107421875,83.1332778930664,945.738037109375,5.63869571685791,0.9305934309959412,0.055316366255283356,4.0,4.0,1,941.7420654296875,5.29373836517334,7.026388423817532,19.189231872558594,7.9202351570129395,0.31914894226554785,941.7420654296875,5.29373836517334,941.7420654296875,2.044220351031532,0.0,3.2495180141418083,0.0,1,0.23599080155240165,0.23598229666226683,-0.0020035167448573974,2.7064831256866455,-0.0219661183655262,0.6122340559959412,0.031230024993419647,-0.587667555197193,0.0,64.24033003026308,64.24033003026308,104.62815405530095,3.0123767852783203,-0.037249669432640076,0.014449886856121875,1.0,944.283549090729,0.3401140476940106,2,2,3,1.9152231150254622,0.9317066067008711,2.075856431400325,2.5176904844447243,-549.8592585061748,79.56322795516802,0.2359908015523267,0.18879264124192133,0.047198160310405385,0,1.9374085659454414,nan
GT+smooth-jitter_controlled_forward3x6_SoftMS_local_prior_3frame_causal_heading_continuous_waypoint_RNN_polynomial_Kalman,1,controlled_gt_jitter,8.0,-552.6320196667633,80.18591266831328,-4.169983533950821,-0.7321857813937511,0,0,6,-550.0659291844617,79.5039627140631,-548.4620361328125,80.91809844970703,-1,-550.06591796875,79.50395965576172,-550.0659291844617,79.5039627140631,0.0,0,0.0,0.0,342,/yh/study/uav-sat/v36_GvsK/v36_training_data/routes/route_C/vi/vi_000342.jpg,-548.4620361328125,80.91809844970703,946.5057188148329,-0.18963542834885405,3,0.17200025686827736,0.17200025686827736,1,0.17200025686827736,-40.4017162194511,-0.01389219441323774,944.498542036282,0.33833319697997366,-549.7662022986166,79.75704663409671,1.7461073009870067,11.465059921936748,1,0.0,0,0,0.3060549611187354,1.0,943.667724609375,3.114410877227783,1,1,6,18,1,64.27868063531821,-557.2557373046875,79.19976043701172,-553.9782104492188,83.1008071899414,1,-553.9782104492188,83.1008071899414,945.7332153320312,5.572573184967041,0.9329061508178711,0.050587572157382965,4.0,4.0,1,941.7371215820312,5.225993633270264,7.078297272494777,19.209205627441406,7.92380428314209,0.3060549611187354,941.7371215820312,5.225993633270264,941.7371215820312,2.1933238828258874,0.0,3.0326697504443763,0.0,1,0.2150003210853467,0.21499294555295645,-0.0017808507140369624,2.7081596851348877,-0.02162264660000801,0.6084058880805969,0.031550321727991104,-0.5767331160270902,0.0,64.2512644694332,64.2512644694332,104.65298068888428,3.0121512413024902,-0.036168791353702545,0.01279661660938581,1.0,944.1420072668261,0.5019505397253929,2,2,3,2.0567649389283744,0.9266594811872731,2.3637115480067905,2.5361594282666102,-550.0659291844617,79.5039627140631,0.21500032108527622,0.17200025686827736,0.04300006421699887,0,2.138282675408846,nan
GT+smooth-jitter_controlled_forward3x6_SoftMS_local_prior_3frame_causal_heading_continuous_waypoint_RNN_polynomial_Kalman,1,controlled_gt_jitter,8.0,-552.4824466111538,79.91325516437247,-4.164331376778834,-0.8824296500806587,0,0,6,-550.3002005082609,79.47403652663442,-548.318115234375,80.79568481445312,-1,-550.3001708984375,79.47403717041016,-550.3002005082609,79.47403652663442,0.0,0,0.0,0.0,343,/yh/study/uav-sat/v36_GvsK/v36_training_data/routes/route_C/vi/vi_000343.jpg,-548.318115234375,80.79568481445312,946.6664740772472,-0.2889131635629702,3,0.18893999868512118,0.18893999868512118,1,0.18893999868512118,-40.38322251764908,0.0184937018020177,944.3781744826441,0.500033244389401,-549.9637432871,79.71688681375356,1.9677136006616436,11.445299679544078,1,0.0,0,0,0.28308230507735166,1.0,943.484619140625,2.8630707263946533,1,1,6,18,1,64.26908496658628,-557.2557373046875,79.19976043701172,-554.05224609375,83.1439208984375,1,-554.05224609375,83.1439208984375,945.7407836914062,5.657916069030762,0.9354308843612671,0.04195395112037659,4.0,4.0,1,941.744384765625,5.3078765869140625,7.254348439815595,19.433107376098633,7.971599578857422,0.28308230507735166,941.744384765625,5.3078765869140625,941.744384765625,2.317119047767031,0.0,2.990757539147031,0.0,1,0.2361749983564015,0.23616721581803185,-0.001917295335991977,2.76165509223938,-0.021659761667251587,0.6376513838768005,0.032801687717437744,-0.6407292671466123,0.0,64.18726831831367,64.18726831831367,104.57049083596276,3.0802292823791504,-0.039706382900476456,0.010436521905405368,1.0,944.0152787349746,0.7012455699278379,2,2,3,2.183493470779915,0.9221405708837895,2.651195342272672,2.5727150935542586,-550.3002005082609,79.47403652663442,0.23617499835644992,0.18893999868512118,0.04723499967132874,0,2.3823132098129864,nan
GT+smooth-jitter_controlled_forward3x6_SoftMS_local_prior_3frame_causal_heading_continuous_waypoint_RNN_polynomial_Kalman,1,controlled_gt_jitter,8.0,-551.7701009196961,79.38985704494137,-4.153340665789856,-1.0331928818164495,0,0,6,-550.4229217378933,79.99793260174441,-547.6167602539062,80.42304992675781,-1,-550.4229125976562,79.99793243408203,-550.4229217378933,79.99793260174441,0.0,0,0.0,0.0,344,/yh/study/uav-sat/v36_GvsK/v36_training_data/routes/route_C/vi/vi_000344.jpg,-547.6167602539062,80.42304992675781,947.4160553832598,-0.5513697005980245,3,0.7942012138973465,0.7942012138973465,1,0.7942012138973465,-27.982026261606627,12.000000000000002,945.0079987597918,0.6933381322474829,-549.8708033469326,80.36911956919914,2.2546881710529485,11.259318359508299,1,0.0,0,0,0.3059703947937861,1.0,943.3139038085938,1.995752215385437,1,1,6,18,1,64.24044913168673,-557.2557373046875,79.19976043701172,-554.2150268554688,83.16844177246094,1,-554.2150268554688,83.16844177246094,945.6937255859375,5.815668106079102,0.9278315305709839,0.049437329173088074,4.0,4.0,1,941.6970825195312,5.46254301071167,8.040785676809348,19.580440521240234,8.00236701965332,0.3059703947937861,941.6970825195312,5.46254301071167,941.9165801741088,2.54818928365723,-0.21949765457764148,2.91435372705444,0.0,0,0.9927515173716832,0.9927200248172244,-0.007907437680355043,2.7967286109924316,-0.02175886183977127,0.6562908887863159,0.033589042723178864,-0.6911729355706538,0.0,64.13682464988962,64.13682464988962,92.11885091149625,3.124586820602417,-0.04265918210148811,0.015436194736584105,1.0,944.4372251285511,1.0351450138715794,2,2,3,1.7615470772034243,0.9371864163425236,2.9788302547087824,2.002527397095085,-550.4229217378933,79.99793260174441,0.5380776874375383,0.7942012138973465,0.0,0,2.8381802293439256,nan
GT+smooth-jitter_controlled_forward3x6_SoftMS_local_prior_3frame_causal_heading_continuous_waypoint_RNN_polynomial_Kalman,1,controlled_gt_jitter,8.0,-551.0582255608987,78.86921853655157,-4.136960912461226,-1.1842864072960901,0,0,6,-550.6783686583954,80.42766172612258,-546.9212646484375,80.05350494384766,-1,-550.6783447265625,80.42765808105469,-550.6783686583954,80.42766172612258,0.0,0,0.0,0.0,345,/yh/study/uav-sat/v36_GvsK/v36_training_data/routes/route_C/vi/vi_000345.jpg,-546.9212646484375,80.05350494384766,948.1593779206569,-0.8116565366425894,3,0.7875770639248014,0.7875770639248014,1,0.7875770639248014,-27.98351820284171,-0.001491941235081997,945.4216660306363,1.0274048776599565,-549.9971974082781,80.88559390797596,3.186492489758103,10.826413076856904,1,0.0,0,0,0.3321853721475974,1.0,943.1455078125,1.130033254623413,1,1,6,18,1,64.2041805603897,-557.2557373046875,79.19976043701172,-554.1824951171875,83.1817626953125,1,-554.1824951171875,83.1817626953125,945.7196044921875,5.791891574859619,0.9327555894851685,0.061006613075733185,4.0,4.0,1,941.7228393554688,5.439054489135742,8.663049601255551,19.635250091552734,8.014097213745117,0.3321853721475974,941.7228393554688,5.439054489135742,942.2581562572304,2.9255107417034925,-0.5353169017616453,2.51354374743225,0.0,0,0.9844713299060017,0.9844409020851974,-0.007740136211623043,2.808845281600952,-0.021847104653716087,0.6561766862869263,0.03381171450018883,-0.6988596197904156,0.0,64.12913796566987,64.12913796566987,92.11265616851158,3.1366398334503174,-0.043202366679906845,0.020096878488505627,1.0,944.7174939756832,1.4491131561966422,2,2,3,1.481278230071318,0.9471802966672355,3.4418839449737106,2.021268217676151,-550.6783686583954,80.42766172612258,0.4999202431716807,0.7875770639248014,0.0,0,3.7756885252048704,nan
GT+smooth-jitter_controlled_forward3x6_SoftMS_local_prior_3frame_causal_heading_continuous_waypoint_RNN_polynomial_Kalman,1,controlled_gt_jitter,8.0,-550.4009759960169,78.38037120381128,-4.115148359298079,-1.3355177732395032,0,0,6,-550.9430123946744,80.79929352346271,-546.2858276367188,79.71588897705078,-1,-550.9429931640625,80.7992935180664,-550.9430123946744,80.79929352346271,0.0,0,0.0,0.0,346,/yh/study/uav-sat/v36_GvsK/v36_training_data/routes/route_C/vi/vi_000346.jpg,-546.2858276367188,79.71588897705078,948.8385091980927,-1.0494493979876445,3,0.7195587098341896,0.7195587098341896,1,0.7195587098341896,-27.982290976907485,0.0012272259342238881,945.6169148928203,1.442083560220683,-550.2894495461454,81.23867918927002,4.283442356805091,10.476139682717033,1,0.0,0,0,0.32561320382718,1.0,942.9826049804688,0.32727447152137756,1,1,6,18,1,64.1779156549058,-557.2557373046875,79.19976043701172,-554.289794921875,83.16197204589844,1,-554.289794921875,83.16197204589844,945.6560668945312,5.880583763122559,0.9201095700263977,0.05559562146663666,4.0,4.0,1,941.6593017578125,5.531503677368164,9.390440528650913,19.608470916748047,8.007390975952148,0.32561320382718,941.6593017578125,5.531503677368164,942.4714785822956,3.32934534653553,-0.8121768244830734,2.2021583308326345,0.0,0,0.899448387292737,0.8994209171371991,-0.007029595975959238,2.806875705718994,-0.02185279317200184,0.6501652002334595,0.03377204015851021,-0.6966085388503674,0.0,64.13138904660991,64.13138904660991,92.11368002351739,3.131666421890259,-0.04304416477680206,0.02068115931033472,1.0,944.9412709614282,1.846693790278318,2,2,3,1.2575012443262423,0.9551597793598192,3.897238236664407,2.0873169958848043,-550.9430123946744,80.79929352346271,0.45623075295948384,0.7195587098341896,0.0,0,4.781541098947106,nan
GT+smooth-jitter_controlled_forward3x6_SoftMS_local_prior_3frame_causal_heading_continuous_waypoint_RNN_polynomial_Kalman,1,controlled_gt_jitter,8.0,-548.4634765336127,77.86175069211139,-4.087866182050213,-1.4866913855253379,0,0,6,-549.6326391796039,81.72034034636386,-544.3756103515625,79.34844207763672,-1,-549.6326293945312,81.7203369140625,-549.6326391796039,81.72034034636386,0.0,0,0.0,0.0,347,/yh/study/uav-sat/v36_GvsK/v36_training_data/routes/route_C/vi/vi_000347.jpg,-544.3756103515625,79.34844207763672,950.7823080630012,-1.1242375867550352,3,1.9452370807690054,1.9452370807690054,1,1.9452370807690054,-10.888344913550249,12.000000000000002,947.372743366798,1.8277306998509881,-549.225239141771,81.76309096489541,5.417511296855669,10.060851730621376,1,0.0,0,0,0.30748996529344474,1.0,943.3373413085938,-1.6468188762664795,1,1,6,18,1,63.77822212404948,-561.9567260742188,83.98775482177734,-548.533203125,83.32856750488281,1,-548.533203125,83.32856750488281,946.1987915039062,0.7415261268615723,0.9617148637771606,0.057499490678310394,4.0,4.0,1,942.2018432617188,0.38595399260520935,6.619435050719901,19.691856384277344,8.025483131408691,0.30748996529344474,942.2018432617188,0.38595399260520935,944.277145962241,0.38595399260520935,-2.0753027005222533,0.0,0.0,0,2.4315463509612565,2.4314724053697274,-0.01896309042733002,2.8206276893615723,-0.022061239928007126,0.6560789346694946,0.033959243446588516,-0.7013237172552035,0.0,64.0656743694594,64.0656743694594,74.95401928300966,3.148369073867798,-0.0436212457716465,0.02035411364120225,1.0,946.6633057972475,1.4979501998477258,3,3,4,309.75282357606767,0.0014974455192786323,4.119002265753693,0.8753906085925669,-549.6326391796039,81.72034034636386,1.6016882383131021,1.9452370807690054,0.0,0,5.767343712321021,nan
GT+smooth-jitter_controlled_forward3x6_SoftMS_local_prior_3frame_causal_heading_continuous_waypoint_RNN_polynomial_Kalman,1,controlled_gt_jitter,8.0,-546.521454311819,77.3435695199131,-4.055084682912674,-1.637608763778305,0,0,6,-547.5810741898821,81.49942730547046,-542.4663696289062,78.9811782836914,-1,-547.5810546875,81.49942779541016,-547.5810741898821,81.49942730547046,0.0,0,0.0,0.0,348,/yh/study/uav-sat/v36_GvsK/v36_training_data/routes/route_C/vi/vi_000348.jpg,-542.4663696289062,78.9811782836914,952.7251139139353,-1.1989922318845425,3,1.9442435113411243,1.9442435113411243,1,1.9442435113411243,-10.888482223391447,-0.00013730984119847048,949.0935360443614,1.4789667843785637,-547.1878180226274,81.39635672879304,5.303316118831292,9.890053664618039,1,0.0,0,0,0.16714056450489911,1.0,948.9638061523438,-3.4301466941833496,1,1,6,18,1,61.880329404526286,-533.6294555664062,74.2923812866211,-542.7667236328125,82.94340515136719,1,-542.7667236328125,82.94340515136719,951.8298950195312,2.67244815826416,0.9659457802772522,0.0022905319929122925,4.0,4.0,1,947.832763671875,2.3139235973358154,7.348174040492241,19.843547821044922,8.057756423950195,0.16714056450489911,947.832763671875,2.3139235973358154,947.832763671875,2.3139235973358154,0.0,0.0,0.0,0,2.4303043891764053,2.4302302471138875,-0.01898341546916211,2.854466199874878,-0.02221250906586647,0.67364102602005,0.03465577960014343,-0.7412683710687306,0.0,62.182250467170434,62.182250467170434,73.07073269056188,3.1909565925598145,-0.046170566231012344,0.003679292168464064,1.0,948.8468957810195,1.6419650837162933,3,3,4,307.5692335922957,0.008536348834390485,3.8782181329157766,0.9102226885337537,-547.5810741898821,81.49942730547046,2.063424696636372,1.9442435113411243,0.1191811852952478,0,5.701033317018784,nan
GT+smooth-jitter_controlled_forward3x6_SoftMS_local_prior_3frame_causal_heading_continuous_waypoint_RNN_polynomial_Kalman,1,controlled_gt_jitter,8.0,-544.3871428022062,77.1089114785833,-4.016781474081157,-1.7880688070612318,0,0,6,-545.2799445404552,81.25826822107088,-540.370361328125,78.89698028564453,-1,-545.2799682617188,81.25827026367188,-545.2799445404552,81.25826822107088,0.0,0,0.0,0.0,349,/yh/study/uav-sat/v36_GvsK/v36_training_data/routes/route_C/vi/vi_000349.jpg,-540.370361328125,78.89698028564453,954.8098024637809,-0.9657246817165962,3,2.097698762887323,2.097698762887323,1,2.097698762887323,-2.3003713959253838,8.588110827466064,951.4689395771402,1.621526463597227,-544.8935629158786,81.22909069815034,5.089016759608397,9.770741042019315,1,0.0,0,0,0.18070125002030285,1.0,951.1090698242188,-3.339830160140991,1,1,6,18,1,56.72658753148317,-533.6294555664062,74.2923812866211,-541.2616577148438,81.95567321777344,1,-541.2616577148438,81.95567321777344,953.4668579101562,1.9233089685440063,0.9598436951637268,0.006372347474098206,4.0,4.0,1,949.4698486328125,1.5825436115264893,6.993607752046243,19.931930541992188,8.073205947875977,0.18070125002030285,949.4698486328125,1.5825436115264893,949.4698486328125,1.5825436115264893,0.0,0.0,0.0,0,2.6221234536091536,2.6220437961206566,-0.02043862011906621,2.895939350128174,-0.02127806656062603,0.6888643503189087,0.036265142261981964,-0.8186564420773849,0.0,57.633022167599194,57.633022167599194,59.933393563524575,3.2399954795837402,-0.0494428351521492,0.0064690996724137,1.0,951.0872436254269,1.614099872934712,3,3,4,305.32888574788825,0.015758213738607748,3.7225588383539616,0.7982405872408509,-545.2799445404552,81.25826822107088,2.3137319134809173,2.097698762887323,0.2160331505935944,0,5.4479067569833015,nan
GT+smooth-jitter_controlled_forward3x6_SoftMS_local_prior_3frame_causal_heading_continuous_waypoint_RNN_polynomial_Kalman,1,controlled_gt_jitter,8.0,-542.4356491705779,76.88249020607657,-3.972941651046701,-1.9378680702906192,0,0,6,-542.8449690108139,81.11372149359107,-538.4627075195312,78.82035827636719,-1,-542.844970703125,81.11372375488281,-542.8449690108139,81.11372149359107,0.0,0,0.0,0.0,350,/yh/study/uav-sat/v36_GvsK/v36_training_data/routes/route_C/vi/vi_000350.jpg,-538.4627075195312,78.82035827636719,956.7071522931893,-0.7534097962471722,3,1.9091919719472783,1.9091919719472783,1,1.9091919719472783,-2.3000814887307977,0.00028990719458627407,953.4736656380936,1.5960907033035654,-542.7817710811707,81.06273266590294,4.866472331404741,9.490023579469355,1,0.0,0,0,0.2476454736626521,1.0,953.0723876953125,-3.268976926803589,1,1,6,18,1,50.03187310358009,-528.8372802734375,83.77883911132812,-535.968505859375,81.57662963867188,1,-535.968505859375,81.57662963867188,958.7565307617188,2.3478846549987793,0.9446988105773926,0.029818162322044373,4.0,4.0,1,954.7592163085938,1.9953933954238892,4.050171850479764,20.083152770996094,8.106849670410156,0.2476454736626521,954.7592163085938,1.9953933954238892,954.7592163085938,1.9953933954238892,0.0,0.0,0.0,1,2.386489964934098,2.386422012666735,-0.018009169631146533,2.921581983566284,-0.02209903486073017,0.7012099623680115,0.03633057698607445,-0.8339209010161585,0.0,49.9427212487411,49.9427212487411,52.2428027374719,3.2717831134796143,-0.051557235419750214,0.0034633757089575245,1.0,953.472913875169,1.6766443549203318,3,3,4,302.94321549814623,0.023448532138340052,3.234238418020368,1.0123900116190059,-542.8449690108139,81.11372149359107,2.439262098745646,1.9091919719472783,0.5300701267983678,0,4.94608235112338,nan
GT+smooth-jitter_controlled_forward3x6_SoftMS_local_prior_3frame_causal_heading_continuous_waypoint_RNN_polynomial_Kalman,1,controlled_gt_jitter,8.0,-540.2930647909684,76.64947366827924,-3.9235579550308697,-2.086801050959037,0,0,6,-539.842242511685,80.72492569032528,-536.3695068359375,78.73627471923828,-1,-539.8422241210938,80.72492218017578,-539.842242511685,80.72492569032528,0.0,0,0.0,0.0,351,/yh/study/uav-sat/v36_GvsK/v36_training_data/routes/route_C/vi/vi_000351.jpg,-536.3695068359375,78.73627471923828,958.7890481385002,-0.5204530713954083,3,2.094888814800631,2.094888814800631,1,2.094888814800631,-2.300326109371501,-0.0002446206407030905,956.0914501396339,1.6568580491552176,-540.0023125041969,80.94407170453864,4.251075693473223,9.344796585072574,1,0.0,0,0,0.24061843398574742,1.0,955.2255859375,-3.175788402557373,1,1,6,18,1,38.31647720159928,-528.8372802734375,83.77883911132812,-533.8809204101562,79.3479232788086,1,-533.8809204101562,79.3479232788086,961.15673828125,0.45996198058128357,0.9441657662391663,0.02689007669687271,4.0,4.0,1,957.1593627929688,0.11367487907409668,1.810108348730639,20.139781951904297,8.117698669433594,0.24061843398574742,957.1593627929688,0.11367487907409668,957.1593627929688,0.11367487907409668,0.0,0.0,0.0,1,2.618611018500789,2.618536264464922,-0.01978630576511419,2.9377875328063965,-0.021898986771702766,0.7026454210281372,0.03682270646095276,-0.8623068470416141,0.0,38.316192729434704,38.316192729434704,40.61651883880621,3.2886853218078613,-0.052986785769462585,0.006509367192890787,1.0,956.0738365789424,1.3727944656497812,3,3,4,300.3422927943728,0.031832726780191084,2.7152115595578152,0.8428987180057654,-539.842242511685,80.72492569032528,3.027792695216789,2.094888814800631,0.9329038804161578,0,4.001827802194193,nan
GT+smooth-jitter_controlled_forward3x6_SoftMS_local_prior_3frame_causal_heading_continuous_waypoint_RNN_polynomial_Kalman,1,controlled_gt_jitter,8.0,-537.44675592398,76.26432480481003,-3.868630923980091,-2.2346604857173067,0,0,6,-536.4894782371268,80.35503169855122,-533.578125,78.49898529052734,-1,-536.489501953125,80.35503387451172,-536.4894782371268,80.35503169855122,0.0,0,0.0,0.0,352,/yh/study/uav-sat/v36_GvsK/v36_training_data/routes/route_C/vi/vi_000352.jpg,-533.578125,78.49898529052734,961.5842537751458,-0.3335191904522069,3,2.801449415388358,2.801449415388358,1,2.801449415388358,-4.8589106933310875,-2.5585845839595867,959.0920034167959,1.3508969429171658,-536.526061090479,80.4456176096189,3.532662534021626,9.990043520573897,1,0.0,0,0,0.20396857801441107,1.0,958.097412109375,-3.1267244815826416,1,1,6,18,1,22.50813054224365,-528.8372802734375,83.77883911132812,-529.501708984375,74.53022003173828,1,-529.501708984375,74.53022003173828,966.2131958007812,-3.641232490539551,0.967703104019165,0.017408348619937897,4.0,4.0,1,962.2158203125,-3.9846599102020264,3.912559823831456,20.14630126953125,8.118673324584961,0.20396857801441107,962.2158203125,-3.9846599102020264,961.9029170063355,-0.33565121080661253,0.31290330616443685,-3.6490086993954134,0.0,1,3.018246272692274,3.0181668378535638,-0.02189752273261547,2.941446304321289,-0.021740593016147614,0.7008951306343079,0.03703583776950836,-0.8682090909798571,0.0,22.45724734380673,22.45724734380673,27.316158037137814,3.2914671897888184,-0.05310281738638878,0.0063650434340255906,1.0,959.0896642806017,1.2519895132456762,3,3,4,297.3264650927135,0.0415543868742468,2.4945894945441296,0.13999688893293127,-536.4894782371268,80.35503169855122,3.3731068536149027,2.801449415388358,0.5716574382265449,0,3.4526636007678477,nan
GT+smooth-jitter_controlled_forward3x6_SoftMS_local_prior_3frame_causal_heading_continuous_waypoint_RNN_polynomial_Kalman,1,controlled_gt_jitter,8.0,-534.8463770393696,75.90182813956221,-3.808169031557152,-2.3812376563362183,0,0,6,-533.2766205363736,79.88439030656457,-531.0382080078125,78.28306579589844,-1,-533.276611328125,79.88439178466797,-533.2766205363736,79.88439030656457,0.0,0,0.0,0.0,353,/yh/study/uav-sat/v36_GvsK/v36_training_data/routes/route_C/vi/vi_000353.jpg,-531.0382080078125,78.28306579589844,964.1276510866822,-0.1634319450951962,3,2.5490781775700015,2.5490781775700015,1,2.5490781775700015,-4.8590575472960245,-0.00014685396493675104,962.0213463904345,1.230178303626631,-533.2891075440155,79.97755531930164,2.8174178722727454,10.719148337549768,1,0.0,0,0,0.21063308138016615,1.0,960.7227172851562,-3.0924038887023926,1,1,6,18,1,8.219246811838083,-528.8372802734375,83.77883911132812,-528.9443359375,72.84102630615234,1,-528.9443359375,72.84102630615234,967.019287109375,-5.226892948150635,0.9595757126808167,0.018286123871803284,4.0,4.0,1,963.0217895507812,-5.573565483093262,5.256307848740011,20.258726119995117,8.142777442932129,0.21063308138016615,963.0217895507812,-5.573565483093262,963.0217895507812,-0.46736628065064334,0.0,-5.106199202442618,0.0,1,2.9317632445302486,2.9316821098327637,-0.021811209619045258,2.966193914413452,-0.022070977836847305,0.7123904824256897,0.037372756749391556,-0.9023482440814321,0.0,8.15359392110234,8.15359392110234,13.012651468398364,3.3219237327575684,-0.055706147104501724,0.0018265829141742556,1.0,962.019113479202,1.1355287267170944,3,3,4,294.39701589411317,0.05099760186823567,2.10853760748023,0.4171157368434506,-533.2766205363736,79.88439030656457,3.24714612007847,2.5490781775700015,0.6980679425084686,0,2.7522228900434813,nan
GT+smooth-jitter_controlled_forward3x6_SoftMS_local_prior_3frame_causal_heading_continuous_waypoint_RNN_polynomial_Kalman,1,controlled_gt_jitter,8.0,-531.9927991651523,75.51977409722086,-3.7421888135898285,-2.5263227045369496,0,0,6,-530.274688970807,79.33519888769241,-528.2506103515625,78.04609680175781,-1,-530.2747192382812,79.33519744873047,-530.274688970807,79.33519888769241,0.0,0,0.0,0.0,354,/yh/study/uav-sat/v36_GvsK/v36_training_data/routes/route_C/vi/vi_000354.jpg,-528.2506103515625,78.04609680175781,966.9190675486719,0.023247279907257893,3,2.797651693351857,2.797651693351857,1,2.797651693351857,-4.858936211288935,0.00012133600708943903,964.9849493626433,1.1135746447645225,-530.1380733822258,79.42839342478251,2.3395000846647074,11.43525879106908,1,0.0,0,0,0.21238518822554503,1.0,963.6012573242188,-3.0391831398010254,1,1,6,18,1,-2.293635355337697,-528.8372802734375,83.77883911132812,-528.9171142578125,72.84571075439453,1,-528.9171142578125,72.84571075439453,967.0454711914062,-5.218152046203613,0.9610806107521057,0.019318044185638428,4.0,4.0,1,963.0479125976562,-5.5654778480529785,6.007834992760033,20.309659957885742,8.153633117675781,0.21238518822554503,963.0479125976562,-5.5654778480529785,963.0479125976562,-0.586860915807627,0.0,-4.978616932245352,0.0,0,2.9659171379562217,2.9658358834413017,-0.02195408195257187,2.9767279624938965,-0.022167790681123734,0.7153806090354919,0.03755335137248039,-0.9163966625436789,0.0,-1.9967559000534785,-1.9967559000534785,2.8621803112354565,3.333937644958496,-0.05671955645084381,0.003157902104492746,1.0,964.8559744696004,1.0007308445151337,3,3,4,291.5601549037148,0.0601423544903981,2.063093079071564,0.17907626914203956,-530.274688970807,79.33519888769241,3.0517543051346285,2.797651693351857,0.2541026117827716,0,2.399724660214935,nan
GT+smooth-jitter_controlled_forward3x6_SoftMS_local_prior_3frame_causal_heading_continuous_waypoint_RNN_polynomial_Kalman,1,controlled_gt_jitter,8.0,-528.9755245517707,74.93409295744739,-3.670714981458272,-2.669704955150264,0,0,6,-527.1223898273646,78.7047828968694,-525.3048095703125,77.60379791259766,-1,-527.1223754882812,78.70478057861328,-527.1223898273646,78.7047828968694,0.0,0,0.0,0.0,355,/yh/study/uav-sat/v36_GvsK/v36_training_data/routes/route_C/vi/vi_000355.jpg,-525.3048095703125,77.60379791259766,969.8978782009764,0.030839900204682042,3,2.9788203286142347,2.9788203286142347,1,2.9788203286142347,-8.538921531800483,-3.679985320511547,967.9998414704355,0.9786592222030648,-527.0603068481338,78.83050548615314,2.1416307252783695,12.096672012602328,1,0.0,0,0,0.21167736816767607,1.0,966.67236328125,-3.1625359058380127,1,1,6,18,1,-8.239202224057342,-528.8372802734375,83.77883911132812,-524.545654296875,72.41868591308594,1,-524.545654296875,72.41868591308594,971.4312744140625,-4.9801836013793945,0.9616873860359192,0.01916840672492981,4.0,4.0,1,967.4337158203125,-5.322178840637207,5.811859451344762,20.348129272460938,8.161100387573242,0.21167736816767607,967.4337158203125,-5.322178840637207,967.4337158203125,-0.7206084352736006,0.0,-4.601570405363606,0.0,0,3.143944477157931,3.1438670008351766,-0.02207162231206894,2.9923582077026367,-0.022264281287789345,0.7202097773551941,0.037846922874450684,-0.9421815871558291,0.0,-8.2525681394002,-8.2525681394002,0.2863533924002816,3.351954936981201,-0.0584663562476635,0.0015941688469254113,1.0,967.955158903731,0.8449865759659784,3,3,4,288.4609704695842,0.07013271886725864,1.9427192972453895,0.013537879088401983,-527.1223898273646,78.7047828968694,3.214718371993585,2.9788203286142347,0.23589804337935005,0,2.125033158898335,nan
GT+smooth-jitter_controlled_forward3x6_SoftMS_local_prior_3frame_causal_heading_continuous_waypoint_RNN_polynomial_Kalman,1,controlled_gt_jitter,8.0,-525.6601257367727,74.30638046390334,-3.593780521928887,-2.811173247034157,0,0,6,-523.7388849881754,78.02818786103514,-522.0663452148438,77.1175537109375,-1,-523.7388916015625,78.02819061279297,-523.7388849881754,78.02818786103514,0.0,0,0.0,0.0,356,/yh/study/uav-sat/v36_GvsK/v36_training_data/routes/route_C/vi/vi_000356.jpg,-522.0663452148438,77.1175537109375,973.1726324186659,0.03918370117871168,3,3.274764847327171,3.274764847327171,1,3.274764847327171,-8.538976520369168,-5.4988568685327124e-05,971.3853404444668,0.82280899149666,-523.714814823032,78.16207711782768,1.9515330375532793,12.717259775804154,1,0.0,0,0,0.18988483417395505,1.0,970.0445556640625,-3.282421112060547,1,1,6,18,1,-9.58378249004792,-514.7344970703125,69.41481018066406,-519.0137939453125,71.47769165039062,1,-519.0137939453125,71.47769165039062,977.0418090820312,-5.075069904327393,0.9679742455482483,0.011834502220153809,4.0,4.0,1,973.0440673828125,-5.426020622253418,5.466716314690654,20.424560546875,8.17802619934082,0.18988483417395505,973.0440673828125,-5.426020622253418,973.0440673828125,-0.8405009848903658,0.0,-4.585519637363053,0.0,1,3.430253233750746,3.4301815407357896,-0.02217758446931839,3.0027453899383545,-0.022477909922599792,0.724765956401825,0.0379561148583889,-0.9499815564662778,0.0,-9.634942634643725,-9.634942634643725,1.0959661142745563,3.364607810974121,-0.059291668236255646,0.0026850359519423315,1.0,971.3817637379257,0.686820340849605,3,3,4,285.0343656353895,0.08117853804862647,1.7908686807402319,0.2720194573888164,-523.7388849881754,78.02818786103514,3.450490666460672,3.274764847327171,0.17572581913350094,0,1.9043749233542162,nan
GT+smooth-jitter_controlled_forward3x6_SoftMS_local_prior_3frame_causal_heading_continuous_waypoint_RNN_polynomial_Kalman,1,controlled_gt_jitter,8.0,-522.3461435798424,73.6818232063857,-3.511426782967371,-2.9505162711533646,0,0,6,-520.557973220329,77.35875940714158,-518.834716796875,76.63233947753906,-1,-520.5579833984375,77.35875701904297,-520.557973220329,77.35875940714158,0.0,0,0.0,0.0,357,/yh/study/uav-sat/v36_GvsK/v36_training_data/routes/route_C/vi/vi_000357.jpg,-518.834716796875,76.63233947753906,976.4404735561486,0.0475134245054374,3,3.2678517536931873,3.2678517536931873,1,3.2678517536931873,-8.538914517951717,6.200241745080334e-05,974.7928841367813,0.6644775770084528,-520.3702517997002,77.49101748202247,1.7593168163480495,13.265006336156757,1,0.0,0,0,0.19115274119738493,1.0,973.4148559570312,-3.3994011878967285,1,1,6,18,1,-9.60168857800905,-514.7344970703125,69.41481018066406,-518.9987182617188,71.44068908691406,1,-518.9987182617188,71.44068908691406,977.0623168945312,-5.109371662139893,0.9651997089385986,0.011731266975402832,4.0,4.0,1,973.0646362304688,-5.452199459075928,6.453148026450715,20.451749801635742,8.181970596313477,0.19115274119738493,973.0646362304688,-5.452199459075928,973.0646362304688,-1.0009244459672324,0.0,-4.451275013108695,0.0,0,3.4111935703774763,3.4111203988555685,-0.02234276384115219,3.0165882110595703,-0.022354140877723694,0.728148877620697,0.038334205746650696,-0.9848640796094734,0.0,-9.66982515778692,-9.66982515778692,1.1309106398352042,3.380108594894409,-0.061294328421354294,0.0028366780047698274,1.0,974.6272863621116,0.505389842853571,3,3,4,281.7888430112036,0.09164063035003463,1.8131871940370274,0.25126354263361694,-520.557973220329,77.35875940714158,3.250589812588787,3.2678517536931873,0.0,0,1.870106578540179,nan
GT+smooth-jitter_controlled_forward3x6_SoftMS_local_prior_3frame_causal_heading_continuous_waypoint_RNN_polynomial_Kalman,1,controlled_gt_jitter,8.0,-519.0715306935285,72.97664029281016,-3.4237035450909854,-3.087522915197658,0,0,6,-517.306111652515,76.65234655135048,-515.6478271484375,76.06416320800781,-1,-517.3060913085938,76.65234375,-517.306111652515,76.65234655135048,0.0,0,0.0,0.0,358,/yh/study/uav-sat/v36_GvsK/v36_training_data/routes/route_C/vi/vi_000358.jpg,-515.6478271484375,76.06416320800781,979.6766162987077,-0.032923223602779154,3,3.2371422434883117,3.2371422434883117,1,3.2371422434883117,-10.108795587907574,-1.5698810699558576,978.0094036210485,0.4830408205247174,-517.2180115539185,76.8259623548728,1.745226921457453,13.68026175115963,1,0.0,0,0,0.18909535277251158,1.0,976.7583618164062,-3.602027177810669,1,1,6,18,1,-9.62553639693956,-514.7344970703125,69.41481018066406,-514.5949096679688,71.13614654541016,1,-514.5949096679688,71.13614654541016,981.4616088867188,-4.74544095993042,0.9620582461357117,0.01021718978881836,4.0,4.0,1,977.4638671875,-5.091972827911377,5.521796947371904,20.491273880004883,8.191343307495117,0.18909535277251158,977.4638671875,-5.091972827911377,977.4638671875,-1.1789665115499268,0.0,-3.91300631636145,0.0,0,3.3821910992725033,3.3821172589369355,-0.022349022328853607,3.023336887359619,-0.02260960452258587,0.7306917905807495,0.03834225982427597,-0.9856981097401555,0.0,-9.670659187917604,-9.670659187917604,0.4381363999899714,3.388122081756592,-0.06173289567232132,0.0016213504549809853,1.0,977.9485299391755,0.29811253858644515,3,3,4,278.4675994341397,0.1023468126455339,1.728086359532199,0.21380535612869256,-517.306111652515,76.65234655135048,3.327705332365322,3.2371422434883117,0.09056308887701014,0,1.7595076418843445,nan
GT+smooth-jitter_controlled_forward3x6_SoftMS_local_prior_3frame_causal_heading_continuous_waypoint_RNN_polynomial_Kalman,1,controlled_gt_jitter,8.0,-515.7970387067569,72.27496562809795,-3.3306690778506076,-3.2219826140895576,0,0,6,-514.0202887692105,75.90443124235456,-512.4663696289062,75.4969482421875,-1,-514.020263671875,75.90443420410156,-514.0202887692105,75.90443124235456,0.0,0,0.0,0.0,359,/yh/study/uav-sat/v36_GvsK/v36_training_data/routes/route_C/vi/vi_000359.jpg,-512.4663696289062,75.4969482421875,982.9072440414009,-0.11322984956896338,3,3.23162571564723,3.23162571564723,1,3.23162571564723,-10.108920670194218,-0.00012508228664247654,981.318322725749,0.2756201968892291,-513.9783547820086,76.12126883512127,1.635810290334189,13.855340577556811,1,0.0,0,0,0.1735303984916583,1.0,980.101318359375,-3.8012032508850098,1,1,6,18,1,-9.641329395126217,-514.7344970703125,69.41481018066406,-510.1102294921875,71.31169128417969,1,-510.1102294921875,71.31169128417969,985.8683471679688,-3.894716501235962,0.9742749333381653,0.006678879261016846,4.0,4.0,1,981.8704833984375,-4.244193077087402,4.259076169535775,20.557626724243164,8.205446243286133,0.1735303984916583,981.8704833984375,-4.244193077087402,981.8704833984375,-1.3607049606220072,0.0,-2.8834881164653954,0.0,1,3.3698678505065587,3.3697927865734814,-0.022492341697216034,3.0353684425354004,-0.022813260555267334,0.7351946830749512,0.03846779838204384,-1.0011690218187632,0.0,-9.68613009999621,-9.68613009999621,0.4227905701980061,3.402383804321289,-0.0630381777882576,0.0018600107510759669,1.0,981.3096123429206,0.054936871396581294,3,3,4,275.1065170303946,0.11318141724159331,1.5976316984803134,0.19625727311182972,-514.0202887692105,75.90443124235456,3.3698678505065875,3.23162571564723,0.13824213485935744,0,1.6064579328538817,nan
GT+smooth-jitter_controlled_forward3x6_SoftMS_local_prior_3frame_causal_heading_continuous_waypoint_RNN_polynomial_Kalman,1,controlled_gt_jitter,8.0,-512.2018420853586,71.51980367417293,-3.232390181061728,-3.353685705709872,0,0,6,-510.4084279297053,75.20031414166326,-508.9694519042969,74.87348937988281,-1,-510.4084167480469,75.2003173828125,-510.4084279297053,75.20031414166326,0.0,0,0.0,0.0,360,/yh/study/uav-sat/v36_GvsK/v36_training_data/routes/route_C/vi/vi_000360.jpg,-508.9694519042969,74.87348937988281,986.4582076868999,-0.2015005356300352,3,3.5520606027591173,3.5520606027591173,1,3.5520606027591173,-10.108939727093166,-1.9056898948419455e-05,984.9893957249773,0.032268025445024134,-510.38612244556117,75.32637004534331,1.4872983290631423,14.446612165309507,1,0.0,0,0,0.18263929728034886,1.0,983.769287109375,-4.004826545715332,1,1,6,18,1,-9.657009695191567,-500.6012878417969,59.808929443359375,-504.8064880371094,66.34288024902344,1,-504.8064880371094,66.34288024902344,991.861572265625,-8.005681037902832,0.9740884900093079,0.01028142124414444,4.0,4.0,1,987.8637084960938,-8.352381706237793,8.271172612272887,20.5516357421875,8.203989028930664,0.18263929728034886,987.8637084960938,-8.352381706237793,987.7416537924983,-1.6190868150675517,0.12205470359551907,-6.7332948911702415,0.0,1,3.6798532056914524,3.6797833820567325,-0.02266884595155716,3.0368001461029053,-0.02274826355278492,0.7336306571960449,0.038559749722480774,-0.9993609426794139,0.0,-9.684322020856861,-9.684322020856861,0.42461770623630385,3.4030370712280273,-0.06283118575811386,0.003776976209321999,1.0,984.986380617873,-0.09571062357366175,3,3,4,271.4297487554422,0.12503364984560741,1.4718270690268582,0.515260456656212,-510.4084279297053,75.20031414166326,3.6798532056914355,3.5520606027591173,0.1277926029323182,0,1.4756240803853207,nan
GT+smooth-jitter_controlled_forward3x6_SoftMS_local_prior_3frame_causal_heading_continuous_waypoint_RNN_polynomial_Kalman,1,controlled_gt_jitter,8.0,-508.9186455795771,70.84871481969323,-3.1289422104364757,-3.482423791146614,0,0,6,-507.17272113658083,74.53441497339277,-505.7897033691406,74.33113861083984,-1,-507.1727294921875,74.53441619873047,-507.17272113658083,74.53441497339277,0.0,0,0.0,0.0,361,/yh/study/uav-sat/v36_GvsK/v36_training_data/routes/route_C/vi/vi_000361.jpg,-505.7897033691406,74.33113861083984,989.6833915137521,-0.25748612770999046,3,3.225669713952409,3.225669713952409,1,3.225669713952409,-9.679451988876341,0.429487738216825,988.3297576263795,-0.11842314855396838,-507.10681719018714,74.67300758519008,1.3607583228534896,14.979939029661034,1,0.0,0,0,0.17545055169228468,1.0,987.1161499023438,-4.1724534034729,1,1,6,18,1,-9.666568971821823,-500.6012878417969,59.808929443359375,-504.8258361816406,66.38900756835938,1,-504.8258361816406,66.38900756835938,991.83544921875,-7.963004112243652,0.9744555950164795,0.007486686110496521,4.0,4.0,1,987.8375854492188,-8.30782699584961,8.25923653379094,20.591686248779297,8.21185302734375,0.17545055169228468,987.8375854492188,-8.30782699584961,987.8375854492188,-1.7579165588462382,0.0,-6.549910437003371,0.0,0,3.3434541539852383,3.3433770085065437,-0.022712524980306625,3.0484273433685303,-0.022871997207403183,0.7380067110061646,0.03872428089380264,-1.0224676860849786,0.0,-9.707428764262424,-9.707428764262424,0.02797677538608429,3.4168238639831543,-0.06449156999588013,0.0010680410050888773,1.0,988.2855370363045,-0.26537818116078915,3,3,4,268.1305923370107,0.13566863316360883,1.397854477447595,0.17724237058387882,-507.17272113658083,74.53441497339277,3.3035163316343747,3.225669713952409,0.07784661768196566,0,1.3978767558794467,nan
GT+smooth-jitter_controlled_forward3x6_SoftMS_local_prior_3frame_causal_heading_continuous_waypoint_RNN_polynomial_Kalman,1,controlled_gt_jitter,8.0,-505.62871597206697,70.18051545544739,-3.020409087301321,-3.6079900987518316,0,0,6,-503.9068021218226,73.83864953284656,-502.6083068847656,73.78850555419922,-1,-503.90679931640625,73.8386459350586,-503.9068021218226,73.83864953284656,0.0,0,0.0,0.0,362,/yh/study/uav-sat/v36_GvsK/v36_training_data/routes/route_C/vi/vi_000362.jpg,-502.6083068847656,73.78850555419922,992.9102470195149,-0.3135019279851537,3,3.2273416653575366,3.2273416653575366,1,3.2273416653575366,-9.679473106990688,-2.1118114348031796e-05,991.6246681670902,-0.28817841437588276,-503.87532083372463,74.00766284768157,1.285828241307213,15.371275350901913,1,0.0,0,0,0.1829288879371062,1.0,990.4692993164062,-4.336206912994385,1,1,6,18,1,-9.68086989383995,-500.6012878417969,59.808929443359375,-500.8191833496094,66.37860870361328,1,-500.8191833496094,66.37860870361328,995.7977905273438,-7.368273735046387,0.96506267786026,0.008411578834056854,4.0,4.0,1,991.7998657226562,-7.7146992683410645,7.484027571789481,20.639461517333984,8.221818923950195,0.1829288879371062,991.7998657226562,-7.7146992683410645,991.7998657226562,-1.940011079472108,0.0,-5.774688188868956,0.0,1,3.339208972079662,3.339131130785769,-0.022800233215093613,3.059112548828125,-0.02286212146282196,0.7424038648605347,0.0389912873506546,-1.0358497342163262,0.0,-9.720810812393774,-9.720810812393774,0.04133770540308533,3.4296932220458984,-0.06537916511297226,0.0010987143763351605,1.0,991.6190690972328,-0.46000746462222836,3,3,4,264.7970602760824,0.1464144279552514,1.2911779222821451,0.16822911652941164,-503.9068021218226,73.83864953284656,3.3392089720797626,3.2273416653575366,0.111867306722226,0,1.299463081143201,nan
GT+smooth-jitter_controlled_forward3x6_SoftMS_local_prior_3frame_causal_heading_continuous_waypoint_RNN_polynomial_Kalman,1,controlled_gt_jitter,8.0,-502.0212936925092,69.46238606669557,-2.906883292118577,-3.730179851273171,0,0,6,-500.3390240537286,73.07936118700988,-499.1144104003906,73.19256591796875,-1,-500.3390197753906,73.07936096191406,-500.3390240537286,73.07936118700988,0.0,0,0.0,0.0,363,/yh/study/uav-sat/v36_GvsK/v36_training_data/routes/route_C/vi/vi_000363.jpg,-499.1144104003906,73.19256591796875,996.4540686271976,-0.3750251470239991,3,3.5443556104824596,3.5443556104824596,1,3.5443556104824596,-9.67955592728022,-8.282028953130024e-05,995.2666762212739,-0.482841735814779,-500.3044680883479,73.2652834660394,1.19227729260589,15.612478348041524,1,0.0,0,0,0.18800599742297086,1.0,994.143798828125,-4.501376628875732,1,1,6,18,1,-9.694849263358554,-500.6012878417969,59.808929443359375,-496.0059509277344,66.12626647949219,1,-496.0059509277344,66.12626647949219,1000.5939331054688,-6.890917778015137,0.9577179551124573,0.008826583623886108,4.0,4.0,1,996.5960083007812,-7.233494281768799,6.859937736101116,20.65032196044922,8.22386360168457,0.18800599742297086,996.5960083007812,-7.233494281768799,996.5960083007812,-2.143051631562681,0.0,-5.090442650206118,0.0,1,3.6476785953940447,3.647607124041044,-0.02283427119255066,3.064507246017456,-0.022898148745298386,0.7427395582199097,0.039087872952222824,-1.045141459530188,0.0,-9.730102537707637,-9.730102537707637,0.050546610427417496,3.43524432182312,-0.06602456420660019,0.0019585052225529853,1.0,995.2605910062796,-0.6718501449964865,3,3,4,261.1555383670356,0.15815304226844037,1.1934776209179745,0.47984836446500356,-500.3390240537286,73.07936118700988,3.647678595394015,3.5443556104824596,0.10332298491155534,0,1.2298349121135346,nan
GT+smooth-jitter_controlled_forward3x6_SoftMS_local_prior_3frame_causal_heading_continuous_waypoint_RNN_polynomial_Kalman,1,controlled_gt_jitter,8.0,-498.42942653492577,68.8107857807078,-2.7884658415663734,-3.8487906353078203,0,0,6,-497.09444857581707,72.34381189526124,-495.6409606933594,72.65957641601562,-1,-497.0944519042969,72.34381103515625,-497.09444857581707,72.34381189526124,0.0,0,0.0,0.0,364,/yh/study/uav-sat/v36_GvsK/v36_training_data/routes/route_C/vi/vi_000364.jpg,-495.6409606933594,72.65957641601562,999.9681723537094,-0.3774075371203023,3,3.514104534083714,3.514104534083714,1,3.514104534083714,-8.723804802603977,0.9557511246762421,998.870173685431,-0.694719549401842,-496.7742837651194,72.51170213259948,1.1429295641811734,15.764787511787464,1,0.0,0,0,0.20495701226953422,1.0,997.7928466796875,-4.603128433227539,1,1,6,18,1,-9.707187893372478,-500.6012878417969,59.808929443359375,-496.02838134765625,66.07721710205078,1,-496.02838134765625,66.07721710205078,1000.5791625976562,-6.94279146194458,0.9558482766151428,0.015195660293102264,4.0,4.0,1,996.5811767578125,-7.292002201080322,7.699568723863042,20.696453094482422,8.23464298248291,0.20495701226953422,996.5811767578125,-7.292002201080322,996.5811767578125,-2.3828986196465736,0.0,-4.909103581433748,0.0,0,3.6096551258101757,3.6095826791514027,-0.022869404405355453,3.067582607269287,-0.022723902016878128,0.7457060813903809,0.039314329624176025,-1.0458872308101888,0.0,-9.730848308987637,-9.730848308987637,1.007043506383659,3.4398064613342285,-0.06586505472660065,0.0036138012307482172,1.0,998.5790316803382,-0.9090300033537968,3,3,4,257.837097692977,0.16885018927645312,1.3891406733712302,0.4465219268144267,-497.09444857581707,72.34381189526124,3.326905888728581,3.514104534083714,0.0,0,1.4873917631271851,nan
GT+smooth-jitter_controlled_forward3x6_SoftMS_local_prior_3frame_causal_heading_continuous_waypoint_RNN_polynomial_Kalman,1,controlled_gt_jitter,8.0,-495.14732191302915,68.21123532094954,-2.6652662489666197,-3.9636227723121844,0,0,6,-493.9032004593225,71.4761937983033,-492.4820556640625,72.17485809326172,-1,-493.9031982421875,71.4761962890625,-493.9032004593225,71.4761937983033,0.0,0,0.0,0.0,365,/yh/study/uav-sat/v36_GvsK/v36_training_data/routes/route_C/vi/vi_000365.jpg,-492.4820556640625,72.17485809326172,1003.1640490980404,-0.3795689198158351,3,3.1958774752062147,3.1958774752062147,1,3.1958774752062147,-8.723710409704415,9.439289956324689e-05,1001.8860403509441,-0.9318193810729607,-493.8288007635393,71.8219210356316,1.3922237354726135,15.195874740076261,1,0.0,0,0,0.25943780708674347,1.0,1001.1278686523438,-4.700201988220215,1,1,6,18,1,-9.715469070854297,-486.43768310546875,54.961185455322266,-490.49383544921875,66.1291732788086,1,-490.49383544921875,66.1291732788086,1006.0423583984375,-6.0557074546813965,0.9569724202156067,0.03723528981208801,4.0,4.0,1,1002.04443359375,-6.396223068237305,6.119940033951703,20.661224365234375,8.226051330566406,0.25943780708674347,1002.04443359375,-6.396223068237305,1002.04443359375,-2.7098917627660875,0.0,-3.6863313054712172,0.0,1,3.3070871931655232,3.3070086706058985,-0.022789377719163895,3.0665597915649414,-0.022526046261191368,0.741055965423584,0.03942691534757614,-1.0415165500716153,0.0,-9.726477628249063,-9.726477628249063,1.0027672185446486,3.4364688396453857,-0.06528770178556442,0.0022278552311094124,1.0,1001.8646990369408,-1.2848168112051275,3,3,4,254.55143033637438,0.17944168997970975,1.2993500610996307,0.12931768364127327,-493.9032004593225,71.4761937983033,3.3070871931654895,3.1958774752062147,0.11120971795927481,0,1.583598536922874,nan
GT+smooth-jitter_controlled_forward3x6_SoftMS_local_prior_3frame_causal_heading_continuous_waypoint_RNN_polynomial_Kalman,1,controlled_gt_jitter,8.0,-491.8580506612469,67.61527098099975,-2.5374024678875724,-4.074479690386963,0,0,6,-490.6927172855359,70.70232142835202,-489.3206481933594,71.68975067138672,-1,-490.6927185058594,70.70232391357422,-490.6927172855359,70.70232142835202,0.0,0,0.0,0.0,366,/yh/study/uav-sat/v36_GvsK/v36_training_data/routes/route_C/vi/vi_000366.jpg,-489.3206481933594,71.68975067138672,1006.3624583441672,-0.3817370680021882,3,3.1984099810023947,3.1984099810023947,1,3.1984099810023947,-8.72380092381627,-9.051411185557024e-05,1005.1670569640411,-1.3074613570880678,-490.64212819325434,70.95514837838152,1.5119358184165357,14.97192021570487,1,0.0,0,0,0.21048017758492382,1.0,1004.4694213867188,-4.7926483154296875,1,1,6,18,1,-9.719322044598123,-481.70635986328125,54.93132019042969,-485.86920166015625,65.90660095214844,1,-485.86920166015625,65.90660095214844,1010.6475830078125,-5.577401638031006,0.9618091583251953,0.018716320395469666,4.0,4.0,1,1006.6495971679688,-5.923007011413574,5.548704469503543,20.739198684692383,8.242860794067383,0.21048017758492382,1006.6495971679688,-5.923007011413574,1006.6495971679688,-3.0047536501031917,0.0,-2.9182533613103825,0.0,1,3.3024355639649534,3.302357927100313,-0.022644545882940292,3.0824778079986572,-0.022897128015756607,0.7488051652908325,0.039520345628261566,-1.0601468515281771,0.0,-9.745107929705625,-9.745107929705625,1.0213070058893545,3.456230640411377,-0.06709560751914978,0.003119979370873756,1.0,1005.1552251611794,-1.565028302483114,3,3,4,251.2609042121358,0.19004885314518413,1.2072331829878067,0.11593217300373748,-490.6927172855359,70.70232142835202,3.3024355639650085,3.1984099810023947,0.10402558296261377,0,1.6904408015976564,nan
GT+smooth-jitter_controlled_forward3x6_SoftMS_local_prior_3frame_causal_heading_continuous_waypoint_RNN_polynomial_Kalman,1,controlled_gt_jitter,8.0,-486.61682332855236,66.75793387680777,-2.4050008187867222,-4.181168296043795,0,0,6,-485.52239256542504,69.73356263156703,-484.2118225097656,70.93910217285156,-1,-485.52239990234375,69.73356628417969,-485.52239256542504,69.73356263156703,0.0,0,0.0,0.0,367,/yh/study/uav-sat/v36_GvsK/v36_training_data/routes/route_C/vi/vi_000367.jpg,-484.2118225097656,70.93910217285156,1011.5260529030979,-0.35233868911380567,3,5.163678246531268,5.163678246531268,1,5.163678246531268,-8.358757148698734,0.36504377511753605,1010.4154753673416,-1.5878117681665742,-485.4962237806374,69.88549429162939,1.6612574129226851,15.352781673089943,1,0.0,0,0,0.20136674362782392,1.0,1009.7799682617188,-4.848722457885742,1,1,6,18,1,-9.728347072369237,-477.00543212890625,50.1432991027832,-481.52337646484375,60.826168060302734,1,-481.52337646484375,60.826168060302734,1015.7107543945312,-9.943354606628418,0.9673554301261902,0.016291126608848572,4.0,4.0,1,1011.7127685546875,-10.287099838256836,9.936515577659524,20.744279861450195,8.243698120117188,0.20136674362782392,1011.7127685546875,-10.287099838256836,1011.7127685546875,-3.2700668951524836,0.0,-7.017032943104352,0.0,1,5.260299546388834,5.260250206162252,-0.022783465683460236,3.085001230239868,-0.022948255762457848,0.7485253810882568,0.03954441100358963,-1.061607978402031,0.0,-9.746569056579478,-9.746569056579478,1.3878119078807447,3.458611011505127,-0.06726699322462082,0.0016351525794863905,1.0,1010.4125485322292,-1.7419528342806616,3,3,4,246.00358084108603,0.20699607821038282,1.1135043708687817,2.0786770162914,-485.52239256542504,69.73356263156703,5.260299546388738,5.163678246531268,0.09662129985746937,0,1.7807075718353211,nan
GT+smooth-jitter_controlled_forward3x6_SoftMS_local_prior_3frame_causal_heading_continuous_waypoint_RNN_polynomial_Kalman,1,controlled_gt_jitter,8.0,-481.8154981446905,65.97023142877441,-2.268195898596747,-4.283499345151368,0,0,6,-480.80924544509094,68.80507768413123,-479.54730224609375,70.25373077392578,-1,-480.8092346191406,68.8050765991211,-480.80924544509094,68.80507768413123,0.0,0,0.0,0.0,368,/yh/study/uav-sat/v36_GvsK/v36_training_data/routes/route_C/vi/vi_000368.jpg,-479.54730224609375,70.25373077392578,1016.240579714959,-0.3255024279409763,3,4.714603190584656,4.714603190584656,1,4.714603190584656,-8.358822749179485,-6.560048075118529e-05,1015.2162259621854,-1.7648269344144383,-480.77725025625926,68.98558900817311,1.766622666490051,15.616696586317563,1,0.0,0,0,0.22872071880463515,1.0,1014.6452026367188,-4.902385711669922,1,1,6,18,1,-9.734724761506737,-477.00543212890625,50.1432991027832,-477.46832275390625,60.5604248046875,1,-477.46832275390625,60.5604248046875,1019.7593994140625,-9.593731880187988,0.944843590259552,0.02228011190891266,4.0,4.0,1,1015.7613525390625,-9.93913745880127,9.625572044959297,20.810955047607422,8.25782585144043,0.22872071880463515,1015.7613525390625,-9.93913745880127,1015.7613525390625,-3.4922161204420865,0.0,-6.446921338359183,0.0,1,4.803731890471017,4.803677429956275,-0.022874100133776665,3.0996320247650146,-0.023244205862283707,0.7544543743133545,0.03966325521469116,-1.0787244324620828,0.0,-9.763685510639533,-9.763685510639533,1.4048627614600468,3.4761788845062256,-0.06886795163154602,0.0012946119558038863,1.0,1015.2118550991952,-1.9480997522910721,3,3,4,241.20427427412,0.2224668649219521,1.0287246157638492,1.6149711658196413,-480.80924544509094,68.80507768413123,4.803731890471038,4.714603190584656,0.08912869988638228,0,1.9212226346955583,nan
GT+smooth-jitter_controlled_forward3x6_SoftMS_local_prior_3frame_causal_heading_continuous_waypoint_RNN_polynomial_Kalman,1,controlled_gt_jitter,8.0,-478.43044468218164,65.37524294946935,-2.1271304731972442,-4.381287812249396,0,0,6,-477.6047624042087,67.7806547495558,-476.3033142089844,69.75653076171875,-1,-477.6047668457031,67.78065490722656,-477.6047624042087,67.7806547495558,0.0,0,0.0,0.0,369,/yh/study/uav-sat/v36_GvsK/v36_training_data/routes/route_C/vi/vi_000369.jpg,-476.3033142089844,69.75653076171875,1019.5224486195536,-0.3271547298999257,3,3.2818693205317313,3.2818693205317313,1,3.2818693205317313,-8.713807422587424,-0.3549846734079387,1018.576022355713,-1.9711774115999825,-477.48713798356533,68.2742708244714,1.8969800343787548,14.026342479621881,1,0.0,0,0,0.3748518081343547,1.0,1018.081298828125,-4.979404449462891,1,1,6,18,1,-9.744860975678447,-477.00543212890625,50.1432991027832,-472.83642578125,60.65705108642578,1,-472.83642578125,60.65705108642578,1024.3236083984375,-8.79879093170166,0.9207432270050049,0.07543046772480011,4.0,4.0,1,1020.3255615234375,-9.140681266784668,8.85004182774049,20.808181762695312,8.256763458251953,0.3748518081343547,1020.3255615234375,-9.140681266784668,1020.3255615234375,-3.939682895021668,0.0,-5.200998371763,0.0,1,3.3642464101468765,3.3641672565178693,-0.02307765930891037,3.102487325668335,-0.023284435272216797,0.7540508508682251,0.03970376029610634,-1.0820783755096766,0.0,-9.767039453687122,-9.767039453687122,1.0532320310996988,3.4788272380828857,-0.06914152204990387,0.0074561727048424965,1.0,1018.5342833658373,-2.476894912257148,3,3,4,237.88184600747792,0.23317686611910465,0.9881652537163745,0.17938199486339634,-477.6047624042087,67.7806547495558,3.3642464101468463,3.2818693205317313,0.08237708961511503,0,2.365978322025305,nan
GT+smooth-jitter_controlled_forward3x6_SoftMS_local_prior_3frame_causal_heading_continuous_waypoint_RNN_polynomial_Kalman,1,controlled_gt_jitter,8.0,-475.0406101379112,64.78487830996966,-1.9819553527549367,-4.474353257413154,0,0,6,-474.7518711208197,66.82687206040481,-473.05865478515625,69.25923156738281,-1,-474.7518615722656,66.82687377929688,-474.7518711208197,66.82687206040481,0.0,0,0.0,0.0,370,/yh/study/uav-sat/v36_GvsK/v36_training_data/routes/route_C/vi/vi_000370.jpg,-473.05865478515625,69.25923156738281,1022.8049961890846,-0.32880369641617746,3,3.2825479837047062,3.2825479837047062,1,3.2825479837047062,-8.713743239590515,6.418299690801438e-05,1021.8958845367054,-2.50008629722829,-474.28520877718347,67.25012295067658,2.3539227109404264,13.052184079168601,1,0.0,0,0,0.3555090742147342,1.0,1021.5214233398438,-5.0511298179626465,1,1,6,18,1,-9.752623485670167,-477.00543212890625,50.1432991027832,-472.83221435546875,60.69803237915039,1,-472.83221435546875,60.69803237915039,1024.321533203125,-8.757643699645996,0.9261128306388855,0.06887468695640564,4.0,4.0,1,1020.323486328125,-9.099421501159668,9.114912389426632,20.828941345214844,8.260940551757812,0.3555090742147342,1020.323486328125,-9.099421501159668,1020.323486328125,-4.436676269682602,0.0,-4.662745231477067,0.0,0,3.3616811675586917,3.361601170868116,-0.023191384971141815,3.1089425086975098,-0.023299382999539375,0.7559206485748291,0.03983791545033455,-1.0915633738327086,0.0,-9.776524452010156,-9.776524452010156,1.0627812124196405,3.486205577850342,-0.06980608403682709,0.0069002588220088085,1.0,1021.4984846094809,-2.9889506515495774,3,3,4,234.9176447638343,0.24273210593775396,1.3065115796036935,0.17360547500719647,-474.7518711208197,66.82687206040481,3.0081040695030836,3.2825479837047062,0.0,0,2.9636724398191987,nan
GT+smooth-jitter_controlled_forward3x6_SoftMS_local_prior_3frame_causal_heading_continuous_waypoint_RNN_polynomial_Kalman,1,controlled_gt_jitter,8.0,-471.6476180683132,64.19952662411752,-1.8328292499538155,-4.562520189847323,0,0,6,-471.44759402040415,66.08585973479546,-469.8147888183594,68.76204681396484,-1,-471.4476013183594,66.08586120605469,-471.44759402040415,66.08585973479546,0.0,0,0.0,0.0,371,/yh/study/uav-sat/v36_GvsK/v36_training_data/routes/route_C/vi/vi_000371.jpg,-469.8147888183594,68.76204681396484,1026.0867421189814,-0.3304593473328932,3,3.2817463475372852,3.2817463475372852,1,3.2817463475372852,-8.713866972738781,-0.00012373314826625876,1024.8847518499751,-3.012201436274528,-471.40794322573015,66.29255693290399,2.938795882395861,13.119840684381739,1,0.0,0,0,0.1942840630150214,1.0,1024.9638671875,-5.1174235343933105,1,1,6,18,1,-9.760988866577845,-472.2436828613281,54.871585845947266,-467.3985595703125,61.55531692504883,1,-467.3985595703125,61.55531692504883,1029.5634765625,-7.089699745178223,0.9686519503593445,0.013743288815021515,4.0,4.0,1,1025.5654296875,-7.433794975280762,7.1224394482853075,20.864498138427734,8.26858139038086,0.1942840630150214,1025.5654296875,-7.433794975280762,1025.5654296875,-4.682770140249314,0.0,-2.7510248350314477,0.0,1,3.386347061810928,3.386267240494344,-0.02325078472495079,3.115694284439087,-0.023460928350687027,0.7588145136833191,0.03988175466656685,-1.0986103147871635,0.0,-9.78357139296461,-9.78357139296461,1.069704420225829,3.494391441345215,-0.07053165137767792,0.0021394961335637758,1.0,1024.876767266226,-3.2225158762128014,3,3,4,231.5393621070893,0.2536221563449601,1.209974852755522,0.1660520630981983,-471.44759402040415,66.08585973479546,3.386347061810948,3.2817463475372852,0.10460071427366291,0,3.134968916997046,nan
GT+smooth-jitter_controlled_forward3x6_SoftMS_local_prior_3frame_causal_heading_continuous_waypoint_RNN_polynomial_Kalman,1,controlled_gt_jitter,8.0,-468.2031730157105,63.6489296072834,-1.6799186211792518,-4.645618427384567,0,0,6,-468.1135640571262,65.31746085621609,-466.52325439453125,68.29454803466797,-1,-468.1135559082031,65.31745910644531,-468.1135640571262,65.31746085621609,0.0,0,0.0,0.0,372,/yh/study/uav-sat/v36_GvsK/v36_training_data/routes/route_C/vi/vi_000372.jpg,-466.52325439453125,68.29454803466797,1029.4111272958328,-0.29557141503171525,3,3.3245682384167745,3.3245682384167745,1,3.3245682384167745,-8.08368962772869,0.6301773450100925,1028.298118847938,-3.245882239931907,-468.06900152933287,65.54613257046663,3.15327159765988,12.968369678139252,1,0.0,0,0,0.16686292755965146,1.0,1028.4520263671875,-5.1415910720825195,1,1,6,18,1,-9.768892782829726,-458.080078125,50.0238151550293,-462.3035583496094,61.575565338134766,1,-462.3035583496094,61.575565338134766,1034.5970458984375,-6.3003315925598145,0.9718393087387085,0.003476053476333618,4.0,4.0,1,1030.5989990234375,-6.641195297241211,6.455848642565145,20.875844955444336,8.270358085632324,0.16686292755965146,1030.5989990234375,-6.641195297241211,1030.5989990234375,-4.871206070405332,0.0,-1.7699892268358788,0.0,1,3.4214313719021963,3.4213515817119835,-0.02336636371910572,3.1219074726104736,-0.023546980693936348,0.7602927088737488,0.03995325788855553,-1.1127644944598396,0.0,-9.797725572637287,-9.797725572637287,1.7140359449085978,3.501323938369751,-0.07158020883798599,0.006374902379451058,1.0,1028.2885970329294,-3.4786609048059787,3,3,4,228.1275323403858,0.2646203474128461,1.1225302629034104,0.20266076580630088,-468.1135640571262,65.31746085621609,3.421431371902286,3.3245682384167745,0.09686313348551145,0,3.3752233838733527,nan
GT+smooth-jitter_controlled_forward3x6_SoftMS_local_prior_3frame_causal_heading_continuous_waypoint_RNN_polynomial_Kalman,1,controlled_gt_jitter,8.0,-464.7553310845087,63.103596321883714,-1.523397490758736,-4.7234834510655075,0,0,6,-464.7899128325608,64.53627800779284,-463.23193359375,67.82707977294922,-1,-464.7899169921875,64.5362777709961,-464.7899128325608,64.53627800779284,0.0,0,0.0,0.0,373,/yh/study/uav-sat/v36_GvsK/v36_training_data/routes/route_C/vi/vi_000373.jpg,-463.23193359375,67.82707977294922,1032.7352966909384,-0.26068557245035573,3,3.3243524466232035,3.3243524466232035,1,3.3243524466232035,-8.0836866149652,3.0127634887431917e-06,1031.7027372564635,-3.5021266089788283,-464.7421152361379,64.77872441538203,3.401928714569731,12.730031289157099,1,0.0,0,0,0.17475514653686436,1.0,1031.942626953125,-5.160042762756348,1,1,6,18,1,-9.778984280606712,-453.3487548828125,49.99394226074219,-458.009033203125,61.01986312866211,1,-458.009033203125,61.01986312866211,1038.9261474609375,-6.2011823654174805,0.9691882133483887,0.006049700081348419,4.0,4.0,1,1034.927978515625,-6.54345703125,6.654402361430976,20.90714454650879,8.277216911315918,0.17475514653686436,1034.927978515625,-6.54345703125,1034.43331390944,-5.140472600764655,0.4946646061851441,-1.4029844304853456,0.0,1,3.414220863568378,3.4141402235340705,-0.023465704172849655,3.1271450519561768,-0.023688387125730515,0.7618962526321411,0.03997375816106796,-1.116677232358905,0.0,-9.801638310536353,-9.801638310536353,1.7179516955711518,3.507354736328125,-0.07206814736127853,0.009018307661877027,1.0,1031.692097464939,-3.7490105201861326,3,3,4,224.72403190837616,0.27559168848507143,1.0431992259993876,0.19720739466702675,-464.7899128325608,64.53627800779284,3.4142208635684206,3.3243524466232035,0.08986841694521708,0,3.6409717887017123,nan
GT+smooth-jitter_controlled_forward3x6_SoftMS_local_prior_3frame_causal_heading_continuous_waypoint_RNN_polynomial_Kalman,1,controlled_gt_jitter,8.0,-461.3027783130917,62.563464022389944,-1.363447258404202,-4.795956753977244,0,0,6,-461.50080581193686,63.708910935521054,-459.9393310546875,67.35942077636719,-1,-461.50079345703125,63.70891189575195,-461.50080581193686,63.708910935521054,0.0,0,0.0,0.0,374,/yh/study/uav-sat/v36_GvsK/v36_training_data/routes/route_C/vi/vi_000374.jpg,-459.9393310546875,67.35942077636719,1036.0607619285677,-0.22579473346247847,3,3.3256482702361856,3.3256482702361856,1,3.3256482702361856,-8.083834822302032,-0.00014820733683082964,1035.1011870306465,-3.7725987007281248,-461.4234752504093,63.99818315114091,3.67431658501707,12.444396772409846,1,0.0,0,0,0.16660844552878293,1.0,1035.4371337890625,-5.172641277313232,1,1,6,18,1,-9.786913169737746,-453.3487548828125,49.99394226074219,-458.00994873046875,61.04985046386719,1,-458.00994873046875,61.04985046386719,1038.9207763671875,-6.171677589416504,0.9696676135063171,0.0028964877128601074,4.0,4.0,1,1034.922607421875,-6.515744209289551,6.392093560764094,20.934520721435547,8.283143997192383,0.16660844552878293,1034.922607421875,-6.515744209289551,1034.922607421875,-5.397502635850616,0.0,-1.1182415734389344,0.0,0,3.4091711704280256,3.4090895657075824,-0.023588180541992188,3.1325697898864746,-0.023828353732824326,0.7641156911849976,0.04000305384397507,-1.1227777652264899,0.0,-9.807738843403937,-9.807738843403937,1.723904021101906,3.5138778686523438,-0.07269492000341415,0.0025858813773049897,1.0,1035.068423672652,-4.070231012227922,3,3,4,221.3477057006632,0.28647543218832683,0.9923382559156835,0.19307848034971098,-461.50080581193686,63.708910935521054,3.3915720934984157,3.3256482702361856,0.06592382326223012,0,3.9704439947745644,nan
GT+smooth-jitter_controlled_forward3x6_SoftMS_local_prior_3frame_causal_heading_continuous_waypoint_RNN_polynomial_Kalman,1,controlled_gt_jitter,8.0,-457.58267226152446,61.959577805725075,-1.2002564900401158,-4.862886183532737,0,0,6,-457.95170181092817,62.74878783635397,-456.3824157714844,66.82246398925781,-1,-457.9516906738281,62.74878692626953,-457.95170181092817,62.74878783635397,0.0,0,0.0,0.0,375,/yh/study/uav-sat/v36_GvsK/v36_training_data/routes/route_C/vi/vi_000375.jpg,-456.3824157714844,66.82246398925781,1039.6579732432947,-0.21949550284133515,3,3.5972168301489402,3.5972168301489402,1,3.5972168301489402,-8.584628090128067,-0.5007932678260354,1038.7450271220405,-4.093951287838608,-457.869941725739,63.13029053915681,3.980562554490496,11.709446148401037,1,0.0,0,0,0.17253390866879376,1.0,1039.205810546875,-5.20786190032959,1,1,6,18,1,-9.794202155520914,-453.3487548828125,49.99394226074219,-453.8331604003906,61.016014099121094,1,-453.8331604003906,61.016014099121094,1043.0548095703125,-5.574425220489502,0.9471020102500916,0.000302240252494812,4.0,4.0,1,1039.056640625,-5.919602394104004,5.7317379118069525,20.946895599365234,8.28614330291748,0.17253390866879376,1039.056640625,-5.919602394104004,1039.056640625,-5.728632237142118,0.0,-0.19097015696188624,0.0,1,3.6766799664275966,3.6766034493884416,-0.02372027561068535,3.1345374584198,-0.02395104244351387,0.7647864818572998,0.03997252881526947,-1.1192302290046088,0.0,-9.804191307182057,-9.804191307182057,1.2195632170539894,3.5161821842193604,-0.07266025990247726,0.0037433623485951814,1.0,1038.721811959942,-4.483425394840291,3,3,4,217.6943174133732,0.2982522983206647,0.9361612833527033,0.4626793717291404,-457.95170181092817,62.74878783635397,3.676679966427602,3.5972168301489402,0.07946313627866175,0,4.365489213402165,nan
GT+smooth-jitter_controlled_forward3x6_SoftMS_local_prior_3frame_causal_heading_continuous_waypoint_RNN_polynomial_Kalman,1,controlled_gt_jitter,8.0,-454.1813595594319,61.40996491014549,-1.0340206922443824,-4.924126276377946,0,0,6,-454.68217920206666,62.0341645432084,-453.1473388671875,66.33409118652344,-1,-454.68218994140625,62.03416442871094,-454.68217920206666,62.0341645432084,0.0,0,0.0,0.0,376,/yh/study/uav-sat/v36_GvsK/v36_training_data/routes/route_C/vi/vi_000376.jpg,-453.1473388671875,66.33409118652344,1042.9297002734827,-0.21376740517731088,3,3.2717320445240747,3.2717320445240747,1,3.2717320445240747,-8.584648465778736,-2.037565066938402e-05,1042.0684365059874,-4.507272591091445,-454.64705210848115,62.219869236681625,4.379036658749464,11.939276867924201,1,0.0,0,0,0.25489606726530945,1.0,1042.651123046875,-5.237569808959961,1,1,6,18,1,-9.797698358602313,-453.3487548828125,49.99394226074219,-449.1119079589844,56.06019973754883,1,-449.1119079589844,56.06019973754883,1048.47021484375,-9.760498046875,0.9396426677703857,0.031606048345565796,4.0,4.0,1,1044.4720458984375,-10.100611686706543,10.006423930357178,20.939565658569336,8.283340454101562,0.25489606726530945,1044.4720458984375,-10.100611686706543,1044.4720458984375,-6.277851102079206,0.0,-3.822760584627338,0.0,1,3.346709509497748,3.3466245460454056,-0.023847196251153946,3.1401119232177734,-0.023725155740976334,0.7653108239173889,0.04024876654148102,-1.1361431647717355,0.0,-9.821104242949183,-9.821104242949183,1.236455777170447,3.522003412246704,-0.0734499841928482,0.006472682226126921,1.0,1042.061753855884,-4.696152150783177,3,3,4,214.35437551743115,0.30901875551196234,0.8679464175986595,0.1316201213063013,-454.68217920206666,62.0341645432084,3.346709509497766,3.2717320445240747,0.07497746497369118,0,4.565643874796032,nan
GT+smooth-jitter_controlled_forward3x6_SoftMS_local_prior_3frame_causal_heading_continuous_waypoint_RNN_polynomial_Kalman,1,controlled_gt_jitter,8.0,-450.7756171193956,60.865943287435705,-0.8649420705674294,-4.979538585122888,0,0,6,-451.41481930287694,61.3277312087404,-449.9106750488281,65.8454818725586,-1,-451.4148254394531,61.32773208618164,-451.41481930287694,61.3277312087404,0.0,0,0.0,0.0,377,/yh/study/uav-sat/v36_GvsK/v36_training_data/routes/route_C/vi/vi_000377.jpg,-449.9106750488281,65.8454818725586,1046.2030317349877,-0.20803348062485064,3,3.273336483585194,3.273336483585194,1,3.273336483585194,-8.58459564169865,5.282408008680505e-05,1045.4045256511108,-4.719932224753733,-451.38132793752936,61.505894066762416,4.5820129030001855,12.175324323004416,1,0.0,0,0,0.20644140559796248,1.0,1046.0999755859375,-5.261081695556641,1,1,6,18,1,-9.805890423459804,-448.6478576660156,45.205909729003906,-444.05853271484375,56.505699157714844,1,-444.05853271484375,56.505699157714844,1053.3984375,-8.557040214538574,0.9692845940589905,0.018745407462120056,4.0,4.0,1,1049.4002685546875,-8.900104522705078,9.261448174114763,20.9892635345459,8.294340133666992,0.20644140559796248,1049.4002685546875,-8.900104522705078,1048.2222395165052,-6.410560543990371,1.178029038182287,-2.489543978714707,0.0,1,3.3428563784405974,3.342771795226671,-0.02378007397055626,3.1472280025482178,-0.02414003014564514,0.7690296173095703,0.04011893272399902,-1.1436828398417833,0.0,-9.828643918019232,-9.828643918019232,1.2440482763205816,3.5309576988220215,-0.07457229495048523,0.0076873472279476735,1.0,1045.3983211458751,-4.901109429849173,3,3,4,211.01780822744007,0.31977433450488396,0.8047105891125739,0.12610848103697636,-451.41481930287694,61.3277312087404,3.3428563784405516,3.273336483585194,0.06951989485535748,0,4.761567073707747,nan
GT+smooth-jitter_controlled_forward3x6_SoftMS_local_prior_3frame_causal_heading_continuous_waypoint_RNN_polynomial_Kalman,1,controlled_gt_jitter,8.0,-447.42751271930246,60.33161133641754,-0.6932292720368032,-5.028991996101992,0,0,6,-448.21945416876423,60.59790829837567,-446.7342834472656,65.36060333251953,-1,-448.2194519042969,60.59790802001953,-448.21945416876423,60.59790829837567,0.0,0,0.0,0.0,378,/yh/study/uav-sat/v36_GvsK/v36_training_data/routes/route_C/vi/vi_000378.jpg,-446.7342834472656,65.36060333251953,1049.4162187358013,-0.20771274735118683,3,3.2131870168210246,3.2131870168210246,1,3.2131870168210246,-8.67924193924645,-0.09464629754780038,1048.6758850085446,-4.925087480647351,-448.1784581625269,60.80911151182439,4.775114490989171,12.346941985998972,1,0.0,0,0,0.21039854455355558,1.0,1049.4903564453125,-5.283718585968018,1,1,6,18,1,-9.813854103866921,-448.5260925292969,64.23853302001953,-444.049072265625,56.539031982421875,1,-444.049072265625,56.539031982421875,1053.4027099609375,-8.522661209106445,0.9700115919113159,0.020488202571868896,4.0,4.0,1,1049.404541015625,-8.861945152282715,8.654240283682638,20.96255111694336,8.288288116455078,0.21039854455355558,1049.404541015625,-8.861945152282715,1049.404541015625,-6.6222450791607175,0.0,-2.2397000731219974,0.0,1,3.2776515709874774,3.277563862669437,-0.02397805079817772,3.1449637413024902,-0.023831704631447792,0.7657691836357117,0.04029421508312225,-1.136793420125062,0.0,-9.82175449830251,-9.82175449830251,1.1425125590560612,3.527080774307251,-0.07367456704378128,0.0025552729201154833,1.0,1048.6672510524543,-5.140059396721763,3,3,4,207.7488783208609,0.3303118812637956,0.7489676833470185,0.06822327551853435,-448.21945416876423,60.59790829837567,3.277651570987428,3.2131870168210246,0.06446455416640351,0,4.988887256719204,nan
GT+smooth-jitter_controlled_forward3x6_SoftMS_local_prior_3frame_causal_heading_continuous_waypoint_RNN_polynomial_Kalman,1,controlled_gt_jitter,8.0,-444.0755851493019,59.80314813205197,-0.5190971121925121,-5.072363037381617,0,0,6,-445.03439741710395,59.83731995681883,-443.5564880371094,64.8755111694336,-1,-445.0343933105469,59.837318420410156,-445.03439741710395,59.83731995681883,0.0,0,0.0,0.0,379,/yh/study/uav-sat/v36_GvsK/v36_training_data/routes/route_C/vi/vi_000379.jpg,-443.5564880371094,64.8755111694336,1052.6308257058852,-0.2073912106257506,3,3.2146069861644864,3.2146069861644864,1,3.2146069861644864,-8.679230145146978,1.179409947238858e-05,1051.941775452,-5.163956957035107,-444.9860854855304,60.07982713205938,5.004231634412794,12.224738625895233,1,0.0,0,0,0.16943646166089926,1.0,1052.8836669921875,-5.299976825714111,1,1,6,18,1,-9.816619263263718,-434.42340087890625,49.874427795410156,-439.1126708984375,56.680450439453125,1,-439.1126708984375,56.680450439453125,1058.2611083984375,-7.637461185455322,0.9749071002006531,0.005180381238460541,4.0,4.0,1,1054.262939453125,-7.979970455169678,7.942089359648655,21.002208709716797,8.297008514404297,0.16943646166089926,1054.262939453125,-7.979970455169678,1054.262939453125,-6.793527118775591,0.0,-1.186443336394087,0.0,1,3.2746116008787522,3.274524399545799,-0.023897560313344002,3.15216064453125,-0.023909417912364006,0.770089328289032,0.040417976677417755,-1.1467396696604815,0.0,-9.83170074783793,-9.83170074783793,1.1524706026909515,3.5364227294921875,-0.07448994368314743,0.00769998852858703,1.0,1051.930636398918,-5.410978604410302,3,3,4,204.48549297439712,0.3408315548767105,0.7001893069671041,0.06244634163323637,-445.03439741710395,59.83731995681883,3.274611600878636,3.2146069861644864,0.06000461471414953,0,5.250484437682351,nan
GT+smooth-jitter_controlled_forward3x6_SoftMS_local_prior_3frame_causal_heading_continuous_waypoint_RNN_polynomial_Kalman,1,controlled_gt_jitter,8.0,-440.40862322063396,59.23313044973001,-0.3427662870402235,-5.1095361762465465,0,0,6,-441.5516631582444,58.978084044058214,-440.06585693359375,64.34266662597656,-1,-441.5516662597656,58.978084564208984,-441.5516631582444,58.978084044058214,0.0,0,0.0,0.0,380,/yh/study/uav-sat/v36_GvsK/v36_training_data/routes/route_C/vi/vi_000380.jpg,-440.06585693359375,64.34266662597656,1056.1618919304228,-0.20703589020970065,3,3.5310662424149792,3.5310662424149792,1,3.5310662424149792,-8.679195578792502,3.45663544759482e-05,1055.5177177844603,-5.434882685844314,-441.4920566499044,59.2720358153033,5.267384782693737,11.763819381821213,1,0.0,0,0,0.16291587147478018,1.0,1056.5946044921875,-5.309741973876953,1,1,6,18,1,-9.821897825553375,-434.42340087890625,49.874427795410156,-434.4028625488281,56.664306640625,1,-434.4028625488281,56.664306640625,1062.91943359375,-6.942232608795166,0.9717049598693848,0.0018676742911338806,4.0,4.0,1,1058.9212646484375,-7.28111457824707,7.593202689344508,20.991151809692383,8.294370651245117,0.16291587147478018,1058.9212646484375,-7.28111457824707,1058.215736431016,-7.053693873777701,0.7055282174215805,-0.22742070446936924,0.0,1,3.587161032294519,3.5870813855421617,-0.02390408143401146,3.15154767036438,-0.023932963609695435,0.7683018445968628,0.040385257452726364,-1.1431516859121091,0.0,-9.828112764089557,-9.828112764089557,1.1489171852970552,3.5349204540252686,-0.0742783173918724,0.012253517473330276,1.0,1055.5031818670282,-5.734464539031407,3,3,4,200.91294750628703,0.35234782044202,0.6587100633946648,0.37951857205059936,-441.5516631582444,58.978084044058214,3.587161032294391,3.5310662424149792,0.056094789879411966,0,5.566539896150249,nan
GT+smooth-jitter_controlled_forward3x6_SoftMS_local_prior_3frame_causal_heading_continuous_waypoint_RNN_polynomial_Kalman,1,controlled_gt_jitter,8.0,-437.08359148831426,58.69583475567063,-0.1644630703454896,-5.14040410541335,0,0,6,-438.4306540738409,58.108095125422864,-436.91912841796875,63.836238861083984,-1,-438.4306640625,58.10809326171875,-438.4306540738409,58.108095125422864,0.0,0,0.0,0.0,381,/yh/study/uav-sat/v36_GvsK/v36_training_data/routes/route_C/vi/vi_000381.jpg,-436.91912841796875,63.836238861083984,1059.3490099376106,-0.23249645501175534,3,3.187219702515283,3.187219702515283,1,3.187219702515283,-9.142663577148811,-0.46346799835630953,1058.7430902389888,-5.758384505103251,-438.35251696313645,58.46520779601798,5.559008672715132,11.12279155605909,1,0.0,0,0,0.17033498305443678,1.0,1059.962646484375,-5.338792324066162,1,1,6,18,1,-9.824073027360612,-434.42340087890625,49.874427795410156,-434.4207458496094,56.6882209777832,1,-434.4207458496094,56.6882209777832,1062.8980712890625,-6.921292781829834,0.968636691570282,0.004160299897193909,4.0,4.0,1,1058.8997802734375,-7.265748977661133,7.047584574769355,21.030292510986328,8.303369522094727,0.17033498305443678,1058.8997802734375,-7.265748977661133,1058.8997802734375,-7.265748977661133,0.0,0.0,0.0,1,3.2399966702880474,3.239908371960657,-0.0239199660718441,3.156118869781494,-0.024129793047904968,0.7710341215133667,0.04035364091396332,-1.1418526693093374,0.0,-9.826813747486785,-9.826813747486785,0.6841501703379739,3.540853977203369,-0.07452909648418427,0.003458804833005198,1.0,1058.719773580792,-6.123201172786292,3,3,4,197.6963557925232,0.3627166526154771,0.6292363568186374,0.03110083273378894,-438.4306540738409,58.108095125422864,3.239996670288034,3.187219702515283,0.05277696777275098,0,5.924216443104819,nan
GT+smooth-jitter_controlled_forward3x6_SoftMS_local_prior_3frame_causal_heading_continuous_waypoint_RNN_polynomial_Kalman,1,controlled_gt_jitter,8.0,-433.75434697524787,58.16455016513623,0.015581003267782261,-5.164868017236818,0,0,6,-435.248487013582,57.49790115098797,-433.7699279785156,63.32941818237305,-1,-435.24847412109375,57.497901916503906,-435.248487013582,57.49790115098797,0.0,0,0.0,0.0,382,/yh/study/uav-sat/v36_GvsK/v36_training_data/routes/route_C/vi/vi_000382.jpg,-433.7699279785156,63.32941818237305,1062.538630854969,-0.2579721644565964,3,3.1897226538087557,3.1897226538087557,1,3.1897226538087557,-9.142576459973316,8.71171754945666e-05,1061.9598270042302,-6.147236544626292,-435.23138191690765,57.59508289193843,5.9176387890074365,10.667922357455472,1,0.0,0,0,0.17680873293045912,1.0,1063.333984375,-5.361264705657959,1,1,6,18,1,-9.825032242052176,-434.3625183105469,59.39073944091797,-429.9488525390625,56.643524169921875,1,-429.9488525390625,56.643524169921875,1067.325439453125,-6.290215015411377,0.9667707681655884,0.0063392966985702515,4.0,4.0,1,1063.3271484375,-6.633686065673828,6.424288888907104,21.054420471191406,8.308135032653809,0.17680873293045912,1063.3271484375,-6.633686065673828,1063.3271484375,-6.633686065673828,0.0,0.0,0.0,1,3.2401425718374113,3.2400534234382103,-0.024035371840000153,3.1632986068725586,-0.024291018024086952,0.7737222909927368,0.04039236903190613,-1.1550091077546627,0.0,-9.83997018593211,-9.83997018593211,0.6973937259587923,3.5493557453155518,-0.07565580308437347,0.0032538086560209337,1.0,1061.957592616903,-6.2458868493378015,3,3,4,194.45853675641223,0.3731539120443945,0.5810382380659576,0.026424046936197154,-435.248487013582,57.49790115098797,3.2401425718374575,3.1897226538087557,0.050419918028701716,0,6.016039204286375,nan
GT+smooth-jitter_controlled_forward3x6_SoftMS_local_prior_3frame_causal_heading_continuous_waypoint_RNN_polynomial_Kalman,1,controlled_gt_jitter,8.0,-430.1157977771774,57.59022197977543,0.19712946891633204,-5.182837865195276,0,0,6,-431.73422593366826,57.00947630649804,-430.31292724609375,62.7730598449707,-1,-431.7342224121094,57.00947570800781,-431.73422593366826,57.00947630649804,0.0,0,0.0,0.0,383,/yh/study/uav-sat/v36_GvsK/v36_training_data/routes/route_C/vi/vi_000383.jpg,-430.31292724609375,62.7730598449707,1066.0400029439772,-0.2859392500256067,3,3.5014837802797945,3.5014837802797945,1,3.5014837802797945,-9.142599355845228,-2.2895871911225644e-05,1065.5055505209264,-6.2700628248095365,-431.7448621770404,56.938255931870906,6.007942605483996,10.340647317312055,1,0.0,0,0,0.17087292316917332,1.0,1067.0174560546875,-5.379581451416016,1,1,6,18,1,-9.830260538418408,-424.9607238769531,49.81466293334961,-425.1031494140625,56.6436767578125,1,-425.1031494140625,56.6436767578125,1072.1156005859375,-5.558356761932373,0.9772871732711792,0.006278581917285919,4.0,4.0,1,1068.117431640625,-5.897436618804932,5.9836955729275285,21.04178237915039,8.30453109741211,0.17087292316917332,1068.117431640625,-5.897436618804932,1068.117431640625,-5.897436618804932,0.0,0.0,0.0,1,3.5480402712640964,3.547957904023354,-0.024175975471735,3.1647489070892334,-0.024180972948670387,0.772497296333313,0.040494028478860855,-1.1616860445551733,0.0,-9.846647122732621,-9.846647122732621,0.7040477668873932,3.550187826156616,-0.0759255588054657,0.01094442073253395,1.0,1065.5053104312287,-6.1980530074785944,3,3,4,190.91081894208645,0.38459014451932183,0.5346925127485065,0.33673487319056106,-431.73422593366826,57.00947630649804,3.5480402712640653,3.5014837802797945,0.04655649098427084,0,5.936243354534424,nan
GT+smooth-jitter_controlled_forward3x6_SoftMS_local_prior_3frame_causal_heading_continuous_waypoint_RNN_polynomial_Kalman,1,controlled_gt_jitter,8.0,-426.6856104825957,57.06625017612309,0.37994127521683035,-5.19423261196285,0,0,6,-428.42284406393946,56.653694448075434,-427.0655517578125,62.26048278808594,-1,-428.4228515625,56.65369415283203,-428.42284406393946,56.653694448075434,0.0,0,0.0,0.0,384,/yh/study/uav-sat/v36_GvsK/v36_training_data/routes/route_C/vi/vi_000384.jpg,-427.0655517578125,62.26048278808594,1069.3275424123276,-0.3022807669110757,3,3.287580082847342,3.287580082847342,1,3.287580082847342,-8.969761381276198,0.17283797456903005,1068.8356626659363,-6.22223173221457,-428.4457120182552,56.48268712087839,5.940350588686466,10.418887022102652,1,0.0,0,0,0.19123267996672544,1.0,1070.4874267578125,-5.379582405090332,1,1,6,18,1,-9.835995869608809,-424.9607238769531,49.81466293334961,-420.3841247558594,56.86187744140625,1,-420.3841247558594,56.86187744140625,1076.74755859375,-4.6300787925720215,0.9711844325065613,0.01307988166809082,4.0,4.0,1,1072.749267578125,-4.974809646606445,5.791435853209341,21.06816864013672,8.311185836791992,0.19123267996672544,1072.749267578125,-4.974809646606445,1071.6115525358448,-4.974809646606445,1.1377150422802078,0.0,0.0,1,3.330440003655802,3.330352234707464,-0.024178724735975266,3.1659669876098633,-0.024353373795747757,0.7742688059806824,0.04042133688926697,-1.153574341142137,0.0,-9.838535419319586,-9.838535419319586,0.8687740380433869,3.552297830581665,-0.07567400485277176,0.011115890487612473,1.0,1068.8324460677538,-6.049732158922928,3,3,4,187.58368330556135,0.3953153201410327,0.49509634457376706,0.12161309523747876,-428.42284406393946,56.653694448075434,3.330440003655851,3.287580082847342,0.04285992080850898,0,5.768736247563169,nan
GT+smooth-jitter_controlled_forward3x6_SoftMS_local_prior_3frame_causal_heading_continuous_waypoint_RNN_polynomial_Kalman,1,controlled_gt_jitter,8.0,-423.2541915058488,56.54889093552545,0.5637711406355996,-5.198980463400333,0,0,6,-425.1668538227948,55.96760874482571,-423.8179626464844,61.74787139892578,-1,-425.1668395996094,55.96760940551758,-425.1668538227948,55.96760874482571,0.0,0,0.0,0.0,385,/yh/study/uav-sat/v36_GvsK/v36_training_data/routes/route_C/vi/vi_000385.jpg,-423.8179626464844,61.74787139892578,1072.615298238448,-0.3186239650329696,3,3.287796446301642,3.287796446301642,1,3.287796446301642,-8.969771937907858,-1.0556631659161654e-05,1072.1598469720068,-6.074006940269249,-425.13726214239256,56.1272559621752,5.77337587965157,10.81979381906984,1,0.0,0,0,0.1691464291847125,1.0,1073.9576416015625,-5.372860431671143,1,1,6,18,1,-9.836884754696262,-425.0216064453125,40.29834747314453,-420.5238952636719,52.06751251220703,1,-420.5238952636719,52.06751251220703,1077.3333740234375,-9.39057445526123,0.9666786789894104,0.003254115581512451,4.0,4.0,1,1073.3350830078125,-9.73236083984375,9.441214543816983,21.081457138061523,8.313282012939453,0.1691464291847125,1073.3350830078125,-9.73236083984375,1073.3350830078125,-7.703098548424025,0.0,-2.0292622914197254,0.0,1,3.327489450416549,3.32740090425305,-0.024274781346321106,3.171576499938965,-0.024440886452794075,0.7754707932472229,0.04046668857336044,-1.1667414517580406,0.0,-9.851702529935489,-9.851702529935489,0.8819305920276315,3.558488368988037,-0.07668163627386093,0.0032196221797571424,1.0,1072.1547015493384,-6.2362919555418435,3,3,4,184.26142782397682,0.4060247643575601,0.46059668910970686,0.11621994636267718,-425.1668538227948,55.96760874482571,3.3274894504164867,3.287796446301642,0.039693004114844666,0,5.935566001310414,nan
GT+smooth-jitter_controlled_forward3x6_SoftMS_local_prior_3frame_causal_heading_continuous_waypoint_RNN_polynomial_Kalman,1,controlled_gt_jitter,8.0,-419.8320744141142,56.03983165070369,0.7483699218233241,-5.1970190878216975,0,0,6,-421.96026607019724,55.1285996653622,-420.5804443359375,61.23685073852539,-1,-421.96026611328125,55.12860107421875,-421.96026607019724,55.1285996653622,0.0,0,0.0,0.0,386,/yh/study/uav-sat/v36_GvsK/v36_training_data/routes/route_C/vi/vi_000386.jpg,-420.5804443359375,61.23685073852539,1075.8928585378649,-0.3349153789766165,3,3.2776007881501283,3.2776007881501283,1,3.2776007881501283,-8.969752657513743,1.928039411502545e-05,1075.4691468335186,-6.260658094044799,-421.89409276147666,55.443036265515204,5.940871849618018,10.5517867581318,1,0.0,0,0,0.2681299233770743,1.0,1077.4173583984375,-5.359338283538818,1,1,6,18,1,-9.84207100271042,-415.46759033203125,54.51304626464844,-415.8353576660156,52.118492126464844,1,-415.8353576660156,52.118492126464844,1081.96044921875,-8.632204055786133,0.9567298889160156,0.04065877944231033,4.0,4.0,1,1077.962158203125,-8.977006912231445,8.886379868866765,21.110410690307617,8.3200101852417,0.2681299233770743,1077.962158203125,-8.977006912231445,1077.962158203125,-8.053072467616971,0.0,-0.9239344446144737,0.0,1,3.314534846781697,3.314445284180238,-0.024366138502955437,3.1763434410095215,-0.024599570780992508,0.7784364223480225,0.04048248380422592,-1.1700249584798186,0.0,-9.854986036657266,-9.854986036657266,0.8852333791435243,3.5647294521331787,-0.0771639421582222,0.014113287190048965,1.0,1075.4512126505097,-6.581481483751053,3,3,4,180.96491672280553,0.4166512203730135,0.4416458873552074,0.10125734714060686,-421.96026607019724,55.1285996653622,3.3145348467818003,3.2776007881501283,0.036934058631671984,0,6.262159307390286,nan
GT+smooth-jitter_controlled_forward3x6_SoftMS_local_prior_3frame_causal_heading_continuous_waypoint_RNN_polynomial_Kalman,1,controlled_gt_jitter,8.0,-414.9915943524067,55.48531105263749,0.9334849932963959,-5.188295819921099,0,0,6,-417.4516207176732,53.71676678931986,-415.9250793457031,60.673606872558594,-1,-417.4516296386719,53.716766357421875,-417.4516207176732,53.71676678931986,0.0,0,0.0,0.0,387,/yh/study/uav-sat/v36_GvsK/v36_training_data/routes/route_C/vi/vi_000387.jpg,-415.9250793457031,60.673606872558594,1080.5798936315869,-0.18873441213101833,3,4.689314112410164,4.689314112410164,1,4.689314112410164,-6.898578388711045,2.071174268802697,1080.1756761124132,-6.605976010658854,-417.2936741131569,54.39098561235348,6.4299596839080655,8.672976486442208,1,0.0,0,0,0.3825631225443259,1.0,1082.2861328125,-5.176581382751465,1,1,6,18,1,-9.846591307280498,-415.46759033203125,54.51304626464844,-411.271484375,51.84104919433594,1,-411.271484375,51.84104919433594,1086.513916015625,-8.217314720153809,0.9431260228157043,0.08343920856714249,4.0,4.0,1,1082.515625,-8.553694725036621,8.586012867865067,21.08607292175293,8.313203811645508,0.3825631225443259,1082.515625,-8.553694725036621,1082.515625,-8.553694725036621,0.0,0.0,0.0,1,4.724526958829836,4.724463461903527,-0.024494526907801628,3.1822590827941895,-0.02432757057249546,0.7781771421432495,0.040791165083646774,-1.1914318385556963,0.0,-9.876392916733144,-9.876392916733144,2.977814528022099,3.5704939365386963,-0.07818984240293503,0.03038259257860779,1.0,1080.121348550692,-7.296314092506072,3,3,4,176.2947808226233,0.43170561946538827,0.4585450808949645,1.5070550296159748,-417.4516207176732,53.71676678931986,4.724526958829886,4.689314112410164,0.035212846419721444,0,7.122355825433985,nan
GT+smooth-jitter_controlled_forward3x6_SoftMS_local_prior_3frame_causal_heading_continuous_waypoint_RNN_polynomial_Kalman,1,controlled_gt_jitter,8.0,-409.7086845282193,54.88409784336528,1.1188606377963386,-5.172767848773391,0,0,6,-412.4029658723967,52.59743473158924,-410.8275451660156,60.05686569213867,-1,-412.4029541015625,52.597434997558594,-412.4029658723967,52.59743473158924,0.0,0,0.0,0.0,388,/yh/study/uav-sat/v36_GvsK/v36_training_data/routes/route_C/vi/vi_000388.jpg,-410.8275451660156,60.05686569213867,1085.7121059733406,-0.02866918836479057,3,5.134707819994052,5.134707819994052,1,5.134707819994052,-6.898579438331582,-1.0496205372615457e-06,1085.2925403388983,-7.320716792870662,-412.34340895395707,52.9117869266951,7.304107993997953,8.401952909603354,1,0.0,0,0,0.2837684178686515,1.0,1087.5992431640625,-4.973174095153809,1,1,6,18,1,-9.857021859916753,-401.36492919921875,40.14890670776367,-406.1968994140625,50.72124099731445,1,-406.1968994140625,50.72124099731445,1091.6993408203125,-8.558013916015625,0.9543395638465881,0.046388305723667145,4.0,4.0,1,1087.7010498046875,-8.893930435180664,9.08563451491137,21.090248107910156,8.313995361328125,0.2837684178686515,1087.7010498046875,-8.893930435180664,1087.7010498046875,-8.893930435180664,0.0,0.0,0.0,1,5.171249365694779,5.171191788206426,-0.02440270036458969,3.1839094161987305,-0.024238869547843933,0.7781290411949158,0.04090040922164917,-1.1931544336087145,0.0,-9.878115511786163,-9.878115511786163,2.97953607345458,3.572120189666748,-0.07818777114152908,0.020598932078053758,1.0,1085.2811339344219,-7.640457661448344,3,3,4,171.13499543889333,0.448338426316821,0.43097203891875324,1.9507984037953214,-412.4029658723967,52.59743473158924,5.171249365694683,5.134707819994052,0.03654154570063106,0,7.623979319049709,nan
GT+smooth-jitter_controlled_forward3x6_SoftMS_local_prior_3frame_causal_heading_continuous_waypoint_RNN_polynomial_Kalman,1,controlled_gt_jitter,8.0,-406.330527178374,54.425193466360156,1.3042384466260344,-5.150402389352731,0,0,6,-409.1929673807582,52.00939134816035,-407.634765625,59.57559585571289,-1,-409.1929626464844,52.00939178466797,-409.1929673807582,52.00939134816035,0.0,0,0.0,0.0,389,/yh/study/uav-sat/v36_GvsK/v36_training_data/routes/route_C/vi/vi_000389.jpg,-407.634765625,59.57559585571289,1088.9409480830684,-0.022306529390734034,3,3.228848378753831,3.228848378753831,1,3.228848378753831,-8.572055887575187,-1.6734764492436047,1088.5444595747672,-7.664770254491194,-409.1807302089175,52.08063431932298,7.6527416607835015,7.880640080375079,1,0.0,0,0,0.36999805140856656,1.0,1091.0079345703125,-4.916710376739502,1,1,6,18,1,-9.864404654079303,-401.36492919921875,40.14890670776367,-401.3352355957031,50.86629104614258,1,-401.3352355957031,50.86629104614258,1096.4833984375,-7.680509090423584,0.9519914388656616,0.08036357164382935,4.0,4.0,1,1092.485107421875,-8.018701553344727,8.746622136457372,21.10793113708496,8.318231582641602,0.36999805140856656,1092.485107421875,-8.018701553344727,1091.8119542161407,-8.018701553344727,0.6731532057342533,0.0,0.0,1,3.2634162065411134,3.2633256403452484,-0.024312593042850494,3.183182716369629,-0.024452919140458107,0.7780544757843018,0.04073489084839821,-1.1850493469414367,0.0,-9.870010425118885,-9.870010425118885,1.2979545375436974,3.571361541748047,-0.07796339690685272,0.035215853976390016,1.0,1088.543120505061,-7.737044151626064,3,3,4,167.8730088682541,0.45885359091116484,0.39782757800730906,0.04566566238420222,-409.1929673807582,52.00939134816035,3.2634162065412156,3.228848378753831,0.03456782778738443,0,7.724988243470429,nan
GT+smooth-jitter_controlled_forward3x6_SoftMS_local_prior_3frame_causal_heading_continuous_waypoint_RNN_polynomial_Kalman,1,controlled_gt_jitter,8.0,-402.9528724953747,53.97318732921454,1.489357729234663,-5.121176837045228,0,0,6,-405.95631897544325,51.61558164877531,-404.4422302246094,59.094364166259766,-1,-405.9563293457031,51.61558151245117,-405.95631897544325,51.61558164877531,0.0,0,0.0,0.0,390,/yh/study/uav-sat/v36_GvsK/v36_training_data/routes/route_C/vi/vi_000390.jpg,-404.4422302246094,59.094364166259766,1092.1695430913517,-0.015943026419717225,3,3.228601279452332,3.228601279452332,1,3.228601279452332,-8.572032268558276,2.361901691027987e-05,1091.8035474890605,-7.761433923370673,-405.97360879043146,51.49295234319774,7.7541332214275505,7.553603999029606,1,0.0,0,0,0.41757751050952824,1.0,1094.4151611328125,-4.853503227233887,1,1,6,18,1,-9.866366625918388,-401.36492919921875,40.14890670776367,-396.68011474609375,51.01950454711914,1,-396.68011474609375,51.01950454711914,1101.06201171875,-6.826122760772705,0.947638750076294,0.09843776375055313,4.0,4.0,1,1097.0635986328125,-7.174530982971191,8.67162967236191,21.127519607543945,8.324069023132324,0.41757751050952824,1097.0635986328125,-7.174530982971191,1095.2018856429618,-7.174530982971191,1.8617129898507772,0.0,0.0,1,3.2605182071194023,3.2604269839993916,-0.02438977174460888,3.1788363456726074,-0.024484524503350258,0.7783833146095276,0.04066616669297218,-1.156758703399244,0.0,-9.84171978157669,-9.84171978157669,1.2696875130184146,3.5672168731689453,-0.07618150115013123,0.039814638905242415,1.0,1091.8021218598624,-7.637599954403537,3,3,4,164.6140075134528,0.4693591325241732,0.3674212314892884,0.049764933779724796,-405.95631897544325,51.61558164877531,3.260518207119469,3.228601279452332,0.03191692766713672,0,7.63050802301084,nan
GT+smooth-jitter_controlled_forward3x6_SoftMS_local_prior_3frame_causal_heading_continuous_waypoint_RNN_polynomial_Kalman,1,controlled_gt_jitter,8.0,-399.25768469370394,53.48010664220945,1.6739559312960683,-5.0850789046655525,0,0,6,-402.40211963441305,51.1888454865402,-400.931640625,58.565185546875,-1,-402.4021301269531,51.188846588134766,-402.40211963441305,51.1888454865402,0.0,0,0.0,0.0,391,/yh/study/uav-sat/v36_GvsK/v36_training_data/routes/route_C/vi/vi_000391.jpg,-400.931640625,58.565185546875,1095.7197853994876,-0.008950057063501628,3,3.5502491952114403,3.5502491952114403,1,3.5502491952114403,-8.572104806003958,-7.253744568209659e-05,1095.381764202627,-7.6620418410967766,-402.4214131609738,51.050889174264796,7.66055299468418,7.231804524600343,1,0.0,0,0,0.3564897881782428,1.0,1098.1424560546875,-4.782951354980469,1,1,6,18,1,-9.857740203718368,-401.36492919921875,40.14890670776367,-396.6376953125,51.10533905029297,1,-396.6376953125,51.10533905029297,1101.0909423828125,-6.734867095947266,0.955782949924469,0.07579439878463745,4.0,4.0,1,1097.092529296875,-7.081472873687744,7.204512807920092,21.137107849121094,8.325751304626465,0.3564897881782428,1097.092529296875,-7.081472873687744,1097.092529296875,-7.081472873687744,0.0,0.0,0.0,1,3.57972578669623,3.579642342764542,-0.024441886693239212,3.182671070098877,-0.024579018354415894,0.7793062925338745,0.04066682234406471,-1.1604020757129168,0.0,-9.845363153890363,-9.845363153890363,1.273258347886404,3.571505546569824,-0.07658949494361877,0.012181427366190323,1.0,1095.3800049107522,-7.522754048538066,3,3,4,161.036124462563,0.4808926040344641,0.3397804887354141,0.3675781251125634,-402.40211963441305,51.1888454865402,3.579725786696328,3.5502491952114403,0.02947659148488757,0,7.521482646581348,nan
GT+smooth-jitter_controlled_forward3x6_SoftMS_local_prior_3frame_causal_heading_continuous_waypoint_RNN_polynomial_Kalman,1,controlled_gt_jitter,8.0,-395.60200877153375,52.87638843669989,1.8577690604975081,-5.042106741522766,0,0,6,-398.86126418389,50.83296717831817,-397.45977783203125,57.918495178222656,-1,-398.86126708984375,50.83296585083008,-398.86126418389,50.83296717831817,0.0,0,0.0,0.0,392,/yh/study/uav-sat/v36_GvsK/v36_training_data/routes/route_C/vi/vi_000392.jpg,-397.45977783203125,57.918495178222656,1099.2494893932999,-0.12396919535750557,3,3.531577506739513,3.531577506739513,1,3.531577506739513,-10.551344239938343,-1.9792394339343844,1098.9386149755564,-7.547271357458688,-398.8880163213147,50.62725435712829,7.429808738686586,7.49532126761339,1,0.0,0,0,0.25866300630930816,1.0,1101.8472900390625,-4.827735424041748,1,1,6,18,1,-9.853408262958993,-387.1709289550781,40.05922317504883,-391.66473388671875,51.45532989501953,1,-391.66473388671875,51.45532989501953,1105.9539794921875,-5.637965679168701,0.9719766974449158,0.04022631049156189,4.0,4.0,1,1101.9556884765625,-5.982755661010742,6.4535953024939765,21.12095069885254,8.32206916809082,0.25866300630930816,1101.9556884765625,-5.982755661010742,1101.899938242907,-5.982755661010742,0.05575023365545517,0.0,0.0,1,3.5586945207143357,3.558610064804168,-0.024517308920621872,3.1826062202453613,-0.024533405900001526,0.7791035175323486,0.04070249944925308,-1.157326142708884,0.0,-9.842287220886332,-9.842287220886332,0.7090570190520117,3.5713448524475098,-0.07633095979690552,0.025120132491921267,1.0,1098.9339974460438,-7.339877721876765,3,3,4,157.48213192727138,0.4923490633626634,0.31549194725607776,0.34897128649415166,-398.86126418389,50.83296717831817,3.5586945207142735,3.531577506739513,0.027117013974760518,0,7.222802159264561,nan
GT+smooth-jitter_controlled_forward3x6_SoftMS_local_prior_3frame_causal_heading_continuous_waypoint_RNN_polynomial_Kalman,1,controlled_gt_jitter,8.0,-391.94860362295327,52.279768471987126,2.040532119234244,-4.992269034116387,0,0,6,-395.3187039833268,50.52979850789418,-393.9891357421875,57.272037506103516,-1,-395.3186950683594,50.52980041503906,-395.3187039833268,50.52979850789418,0.0,0,0.0,0.0,393,/yh/study/uav-sat/v36_GvsK/v36_training_data/routes/route_C/vi/vi_000393.jpg,-393.9891357421875,57.272037506103516,1102.7779515436198,-0.2389426331478847,3,3.5303348336435016,3.5303348336435016,1,3.5303348336435016,-10.55125934403212,8.489590622329506e-05,1102.489421820802,-7.364403885812426,-395.350311369419,50.271848338944956,7.131300545074025,7.72861906136735,1,0.0,0,0,0.28655246737960727,1.0,1105.5489501953125,-4.865845203399658,1,1,6,18,1,-9.849515908905733,-387.1709289550781,40.05922317504883,-387.3892822265625,51.4213752746582,1,-387.3892822265625,51.4213752746582,1110.185546875,-5.0259318351745605,0.9600048661231995,0.04874829202890396,4.0,4.0,1,1106.1871337890625,-5.374939918518066,6.164494439771331,21.15410614013672,8.329340934753418,0.28655246737960727,1106.1871337890625,-5.374939918518066,1105.527441106096,-5.541592314636074,0.6596926829666714,0.16665239611800775,0.0,1,3.555508967411196,3.5554243747581005,-0.024526163935661316,3.1852951049804688,-0.024743616580963135,0.7812020778656006,0.0406121090054512,-1.159126004276888,0.0,-9.844087082454335,-9.844087082454335,0.7071722615777842,3.5750746726989746,-0.07677412033081055,0.028417847732660876,1.0,1102.4817159571485,-7.104638729985338,3,3,4,153.9344134161667,0.5037852980836897,0.29623558647131176,0.3450397286630329,-395.3187039833268,50.52979850789418,3.555508967411113,3.5303348336435016,0.025174133767611462,0,6.872083993725716,nan
GT+smooth-jitter_controlled_forward3x6_SoftMS_local_prior_3frame_causal_heading_continuous_waypoint_RNN_polynomial_Kalman,1,controlled_gt_jitter,8.0,-388.60953290779,51.74829857891018,2.221979543381853,-4.935585088082006,0,0,6,-392.14108602006934,49.9200616276603,-390.8315124511719,56.68388366699219,-1,-392.1410827636719,49.92006301879883,-392.14108602006934,49.9200616276603,0.0,0,0.0,0.0,394,/yh/study/uav-sat/v36_GvsK/v36_training_data/routes/route_C/vi/vi_000394.jpg,-390.8315124511719,56.68388366699219,1105.9881801499253,-0.3435470388123367,3,3.2119324068893076,3.2119324068893076,1,3.2119324068893076,-10.551267768138164,-8.424106043320668e-06,1105.7172109069088,-7.129284492503387,-392.12403020040637,50.01687121845122,6.791145494030179,8.430232848222259,1,0.0,0,0,0.19619144741062078,1.0,1108.929931640625,-4.887016773223877,1,1,6,18,1,-9.847615835655999,-377.708251953125,39.999427795410156,-382.2060241699219,46.8054084777832,1,-382.2060241699219,46.8054084777832,1116.0064697265625,-8.806290626525879,0.9493911862373352,0.01026887446641922,4.0,4.0,1,1112.0081787109375,-9.15007495880127,10.667488771033945,21.14980697631836,8.32767105102539,0.19619144741062078,1112.0081787109375,-9.15007495880127,1108.506737387288,-8.80300038073091,3.501441323649489,-0.34707457807035835,0.0,1,3.2355888155843497,3.235494949760305,-0.024645762518048286,3.188689947128296,-0.024706166237592697,0.7809030413627625,0.04069320484995842,-1.1676221192741492,0.0,-9.852583197451597,-9.852583197451597,0.6986845706865664,3.5783092975616455,-0.07729239761829376,0.008794331419439742,1.0,1105.714969036382,-7.227559473398946,3,3,4,150.70116033693324,0.5142078389394131,0.2732111135433115,0.02324245976101169,-392.14108602006934,49.9200616276603,3.2355888155842694,3.2119324068893076,0.023656408694961772,0,6.889431871504832,nan
GT+smooth-jitter_controlled_forward3x6_SoftMS_local_prior_3frame_causal_heading_continuous_waypoint_RNN_polynomial_Kalman,1,controlled_gt_jitter,8.0,-385.0876257892493,51.25163337067454,2.4018456462976125,-4.872084891044214,0,0,6,-388.8119258742072,49.1792917103655,-387.4894714355469,56.12371826171875,-1,-388.8119201660156,49.179290771484375,-388.8119258742072,49.1792917103655,0.0,0,0.0,0.0,395,/yh/study/uav-sat/v36_GvsK/v36_training_data/routes/route_C/vi/vi_000395.jpg,-387.4894714355469,56.12371826171875,1109.3764855737616,-0.39263661189314936,3,3.3886610086264066,3.3886610086264066,1,3.3886610086264066,-9.515000947123207,1.036266821014956,1109.1254584873086,-7.252238458055876,-388.77342931730584,49.38067708997131,6.864193476732143,8.813944711742131,1,0.0,0,0,0.2103357272184268,1.0,1112.4864501953125,-4.846174240112305,1,1,6,18,1,-9.849354438964886,-377.708251953125,39.999427795410156,-382.213134765625,46.77428436279297,1,-382.213134765625,46.77428436279297,1116.004150390625,-8.83813190460205,0.9496117830276489,0.015975117683410645,4.0,4.0,1,1112.005859375,-9.17678165435791,9.169231740647477,21.15473747253418,8.3279390335083,0.2103357272184268,1112.005859375,-9.17678165435791,1111.9538817371592,-8.949292407966281,0.05197763784072018,-0.2274892463916296,0.0,1,3.4105787407954313,3.4104894509266632,-0.02467898465692997,3.1931169033050537,-0.024865521118044853,0.7814933061599731,0.0406564325094223,-1.1821278402456694,0.0,-9.867088918423118,-9.867088918423118,0.35208797129990993,3.5830070972442627,-0.07847344875335693,0.016561849030251596,1.0,1109.1178128145295,-7.457127695694142,3,3,4,147.29831655878564,0.5251770632575404,0.25867275923201305,0.1955441053213529,-388.8119258742072,49.1792917103655,3.4105787407954424,3.3886610086264066,0.02191773216903581,0,7.069225266567221,nan
GT+smooth-jitter_controlled_forward3x6_SoftMS_local_prior_3frame_causal_heading_continuous_waypoint_RNN_polynomial_Kalman,1,controlled_gt_jitter,8.0,-381.56787052851774,50.761793291435495,2.5798650671853602,-4.801809156074267,0,0,6,-385.4543822378045,48.58860297361736,-384.1477355957031,55.563602447509766,-1,-385.4543762207031,48.58860397338867,-385.4543822378045,48.58860297361736,0.0,0,0.0,0.0,396,/yh/study/uav-sat/v36_GvsK/v36_training_data/routes/route_C/vi/vi_000396.jpg,-384.1477355957031,55.563602447509766,1112.7644818327801,-0.44172324449962047,3,3.3883518336535254,3.3883518336535254,1,3.3883518336535254,-9.515026963033812,-2.6015910604959283e-05,1112.526830022951,-7.481909276708537,-385.4457400247512,48.64002806334979,7.044196032963923,9.33566013941403,1,0.0,0,0,0.21578637230757627,1.0,1116.039794921875,-4.798909664154053,1,1,6,18,1,-9.85556148009484,-377.708251953125,39.999427795410156,-377.0638427734375,47.158287048339844,1,-377.0638427734375,47.158287048339844,1121.036376953125,-7.6809821128845215,0.9582512974739075,0.020056068897247314,4.0,4.0,1,1117.0380859375,-8.02303409576416,8.702871150797382,21.164033889770508,8.33033275604248,0.21578637230757627,1117.0380859375,-8.02303409576416,1115.3702425467968,-8.02303409576416,1.667843390703276,0.0,0.0,1,3.409107281103083,3.4090172084212895,-0.02478158101439476,3.1937150955200195,-0.024734854698181152,0.7821389436721802,0.04078038036823273,-1.178722137170772,0.0,-9.86368321534822,-9.86368321534822,0.3486562523144074,3.5839366912841797,-0.07808682322502136,0.009400827697145198,1.0,1112.526052163659,-7.534049689397444,3,3,4,143.89007720965623,0.536163680448301,0.23842966912116026,0.1946367381335059,-385.4543822378045,48.58860297361736,3.4091072811029646,3.3883518336535254,0.020755447449439135,0,7.096333074772781,nan
GT+smooth-jitter_controlled_forward3x6_SoftMS_local_prior_3frame_causal_heading_continuous_waypoint_RNN_polynomial_Kalman,1,controlled_gt_jitter,8.0,-378.04708322237343,50.278150859586546,2.7557732229390814,-4.724809345491581,0,0,6,-382.0869052747285,48.04749245904815,-380.8028564453125,55.002960205078125,-1,-382.0869140625,48.04749298095703,-382.0869052747285,48.04749245904815,0.0,0,0.0,0.0,397,/yh/study/uav-sat/v36_GvsK/v36_training_data/routes/route_C/vi/vi_000397.jpg,-380.8028564453125,55.002960205078125,1116.155664851125,-0.4908556249124389,3,3.3915389213035265,3.3915389213035265,1,3.3915389213035265,-9.515019813916691,7.149117121558212e-06,1115.9366369862555,-7.558805571496714,-382.0866428685632,48.049128018974756,7.071342846518618,9.899115776911156,1,0.0,0,0,0.17969544399145992,1.0,1119.59326171875,-4.745362758636475,1,1,6,18,1,-9.858404119450034,-377.708251953125,39.999427795410156,-372.8982238769531,46.95162582397461,1,-372.8982238769531,46.95162582397461,1125.1854248046875,-7.256259441375732,0.9838363528251648,0.011248409748077393,4.0,4.0,1,1121.1871337890625,-7.596378803253174,8.706557259408992,21.148006439208984,8.326705932617188,0.17969544399145992,1121.1871337890625,-7.596378803253174,1118.680799457232,-7.596378803253174,2.5063343318304776,0.0,0.0,1,3.4106746672505017,3.4105848225965305,-0.02475588209927082,3.191763401031494,-0.02470237761735916,0.781034529209137,0.040767569094896317,-1.174293613267665,0.0,-9.859254691445113,-9.859254691445113,0.34423487752842186,3.581439733505249,-0.07773242890834808,0.007066563384341913,1.0,1115.9366245607234,-7.560462001053089,3,3,4,140.47950481259176,0.5471578183269958,0.21904029040160822,0.19977552027203238,-382.0869052747285,48.04749245904815,3.41067466725059,3.3915389213035265,0.019135745947063576,0,7.072998866279275,nan
GT+smooth-jitter_controlled_forward3x6_SoftMS_local_prior_3frame_causal_heading_continuous_waypoint_RNN_polynomial_Kalman,1,controlled_gt_jitter,8.0,-374.6927940675097,49.91270059181277,2.9293067625684177,-4.6411476747887885,0,0,6,-378.8889976066863,47.59396570227834,-377.6221008300781,54.55384826660156,-1,-378.8890075683594,47.59396743774414,-378.8889976066863,47.59396570227834,0.0,0,0.0,0.0,398,/yh/study/uav-sat/v36_GvsK/v36_training_data/routes/route_C/vi/vi_000398.jpg,-377.6221008300781,54.55384826660156,1119.3677650205384,-0.4545194338440116,3,3.212305685504912,3.212305685504912,1,3.212305685504912,-8.036842562875425,1.478177251041266,1119.166437028173,-7.5851884552216475,-378.8978610007994,47.535343465737924,7.133510612100102,10.549230392842071,1,0.0,0,0,0.21287609133485708,1.0,1122.96435546875,-4.600120544433594,1,1,6,18,1,-9.858701766287458,-363.54473876953125,35.15156173706055,-367.62738037109375,46.881744384765625,1,-367.62738037109375,46.881744384765625,1130.4063720703125,-6.529435157775879,0.9672234058380127,0.020865820348262787,4.0,4.0,1,1126.407958984375,-6.871740818023682,9.526020225782302,21.187328338623047,8.335355758666992,0.21287609133485708,1126.407958984375,-6.871740818023682,1122.001846279344,-6.871740818023682,4.406112705031093,0.0,0.0,1,3.229907115139594,3.2298124674497166,-0.02472645416855812,3.19943904876709,-0.02488255314528942,0.7844647169113159,0.04080291837453842,-1.1845835066957007,0.0,-9.869544584873148,-9.869544584873148,1.8327020219977237,3.590811014175415,-0.07873222976922989,0.006111087252566863,1.0,1119.1663467534338,-7.525900022769157,3,3,4,137.2497826198814,0.5575689772066902,0.2014182671046001,0.01286663673782229,-378.8889976066863,47.59396570227834,3.229907115139579,3.212305685504912,0.017601429634666932,0,7.074248564459027,nan
GT+smooth-jitter_controlled_forward3x6_SoftMS_local_prior_3frame_causal_heading_continuous_waypoint_RNN_polynomial_Kalman,1,controlled_gt_jitter,8.0,-371.02754255873634,49.50956204045917,3.1002040232949026,-4.550897096503719,0,0,6,-375.3727883750477,47.14153495334372,-374.12774658203125,54.06045913696289,-1,-375.372802734375,47.141536712646484,-375.3727883750477,47.14153495334372,0.0,0,0.0,0.0,399,/yh/study/uav-sat/v36_GvsK/v36_training_data/routes/route_C/vi/vi_000399.jpg,-374.12774658203125,54.06045913696289,1122.8965538773714,-0.41459891304787305,3,3.5290146562587195,3.5290146562587195,1,3.5290146562587195,-8.03681241220354,3.015067188512164e-05,1122.7114568071067,-7.550712329977934,-375.3882840527326,47.03412147715265,7.138513544478977,10.648274387389831,1,0.0,0,0,0.21527917850378903,1.0,1126.6484375,-4.445178508758545,1,1,6,18,1,-9.862496790145046,-363.54473876953125,35.15156173706055,-367.6405334472656,46.89145278930664,1,-367.6405334472656,46.89145278930664,1130.3919677734375,-6.521824359893799,0.9661921858787537,0.021600186824798584,4.0,4.0,1,1126.3936767578125,-6.861105918884277,7.333983979884523,21.16565704345703,8.330507278442383,0.21527917850378903,1126.3936767578125,-6.861105918884277,1125.5534745479922,-6.861105918884277,0.8402022098203377,0.0,0.0,1,3.5451968835655108,3.5451100536730293,-0.024812307208776474,3.1974809169769287,-0.024726705625653267,0.7826423048973083,0.0408778078854084,-1.1800179521223704,0.0,-9.864979030299818,-9.864979030299818,1.8281666180962783,3.5879528522491455,-0.07819375395774841,0.010891891018385549,1.0,1122.710555223858,-7.442190636100587,3,3,4,133.70557414945728,0.568993897149225,0.18599865351347944,0.33153373928179075,-375.3727883750477,47.14153495334372,3.545196883565416,3.5290146562587195,0.016182227306696717,0,7.0300526971728905,nan
GT+smooth-jitter_controlled_forward3x6_SoftMS_local_prior_3frame_causal_heading_continuous_waypoint_RNN_polynomial_Kalman,1,controlled_gt_jitter,8.0,-367.67960945400733,49.157324190198054,3.2682054873989297,-4.454141263903509,0,0,6,-372.1661148053685,46.785014841660214,-370.94781494140625,53.61146545410156,-1,-372.1661071777344,46.78501510620117,-372.1661148053685,46.785014841660214,0.0,0,0.0,0.0,400,/yh/study/uav-sat/v36_GvsK/v36_training_data/routes/route_C/vi/vi_000400.jpg,-370.94781494140625,53.61146545410156,1126.1078216634762,-0.37827024361935574,3,3.2114732703694395,3.2114732703694395,1,3.2114732703694395,-8.036808765029415,3.647174124357345e-06,1125.9368919477672,-7.466955863090572,-372.18718584498714,46.62987247378773,7.0907461370021085,11.00977807813152,1,0.0,0,0,0.1642808752096072,1.0,1130.0111083984375,-4.287834644317627,1,1,6,18,1,-9.863365611551814,-363.54473876953125,35.15156173706055,-362.95123291015625,46.91136169433594,1,-362.95123291015625,46.91136169433594,1135.0244140625,-5.794053077697754,0.971233606338501,0.0023099780082702637,4.0,4.0,1,1131.0260009765625,-6.135157108306885,7.571673139305565,21.178260803222656,8.333545684814453,0.1642808752096072,1131.0260009765625,-6.135157108306885,1128.6386643545936,-6.135157108306885,2.3873366219688723,0.0,0.0,1,3.2264317709373582,3.2263367239093492,-0.024765226989984512,3.197153091430664,-0.024811457842588425,0.7824108600616455,0.04081294685602188,-1.171470610706334,0.0,-9.856431688883783,-9.856431688883783,1.8196229238543666,3.5875182151794434,-0.07776658982038498,0.008394707673320411,1.0,1125.9342946694883,-7.310410671004599,3,3,4,130.4818347038269,0.5793857703669737,0.17352699398793447,0.014320178938775463,-372.1661148053685,46.785014841660214,3.226431770937353,3.2114732703694395,0.014958500567913369,0,6.934311971827584,nan
GT+smooth-jitter_controlled_forward3x6_SoftMS_local_prior_3frame_causal_heading_continuous_waypoint_RNN_polynomial_Kalman,1,controlled_gt_jitter,8.0,-364.34883663025374,48.861473645725674,3.433054238886888,-4.350974474391516,0,0,6,-368.97890241961636,46.44914610127706,-367.7818908691406,53.21244812011719,-1,-368.9789123535156,46.44914627075195,-368.97890241961636,46.44914610127706,0.0,0,0.0,0.0,401,/yh/study/uav-sat/v36_GvsK/v36_training_data/routes/route_C/vi/vi_000401.jpg,-367.7818908691406,53.21244812011719,1129.2976960017563,-0.2946534381673569,3,3.1909700819924582,3.1909700819924582,1,3.1909700819924582,-7.183399364819314,0.8534094002101016,1129.1390592515029,-7.335201324963515,-369.00184090094166,46.2765846493798,7.042334851794583,11.418027030258619,1,0.0,0,0,0.15248905066017066,1.0,1133.348388671875,-4.0773420333862305,1,1,6,18,1,-9.860938759962345,-363.54473876953125,35.15156173706055,-358.900634765625,46.96797180175781,1,-358.900634765625,46.96797180175781,1139.02001953125,-5.12644624710083,0.9825525879859924,8.34241509437561e-05,4.0,4.0,1,1135.0216064453125,-5.467799186706543,7.715217929616884,21.20055389404297,8.338061332702637,0.15248905066017066,1135.0216064453125,-5.467799186706543,1131.8084041408183,-5.7335943913742335,3.2132023044941453,0.2657952046676908,0.0,1,3.204860465396008,3.204764582014505,-0.024790653958916664,3.2036454677581787,-0.024911483749747276,0.7854188084602356,0.04087813198566437,-1.1865895545992746,0.0,-9.87155063277672,-9.87155063277672,2.688151267957407,3.5954911708831787,-0.07894626259803772,0.007754894014760486,1.0,1129.1356776966982,-7.161154797582164,3,3,4,127.28045167661702,0.5897055766358431,0.1620183050581545,0.01267538576572047,-368.97890241961636,46.44914610127706,3.204860465396045,3.1909700819924582,0.013890383403586615,0,6.868412542212305,nan
GT+smooth-jitter_controlled_forward3x6_SoftMS_local_prior_3frame_causal_heading_continuous_waypoint_RNN_polynomial_Kalman,1,controlled_gt_jitter,8.0,-360.71251041689356,48.532988763854945,3.594496419043921,-4.241501592590368,0,0,6,-365.4856895757845,46.05545673146152,-364.3070068359375,52.77449035644531,-1,-365.4856872558594,46.055458068847656,-365.4856895757845,46.05545673146152,0.0,0,0.0,0.0,402,/yh/study/uav-sat/v36_GvsK/v36_training_data/routes/route_C/vi/vi_000402.jpg,-364.3070068359375,52.77449035644531,1132.7988676864325,-0.20287718093752957,3,3.502374344208581,3.502374344208581,1,3.502374344208581,-7.183409945344449,-1.0580525135699325e-05,1132.650917292549,-7.18601190885736,-365.5077235810128,45.89376806547716,6.984701850997664,11.891092855626328,1,0.0,0,0,0.18342934567097577,1.0,1136.99267578125,-3.8529698848724365,1,1,6,18,1,-9.86465288876695,-349.3507080078125,35.06184387207031,-353.9098815917969,46.701263427734375,1,-353.9098815917969,46.701263427734375,1143.993896484375,-4.636485576629639,0.9759487509727478,0.01100669801235199,4.0,4.0,1,1139.9954833984375,-4.980728626251221,8.63823721251987,21.186208724975586,8.335651397705078,0.18342934567097577,1139.9954833984375,-4.980728626251221,1135.405347993144,-5.53335348850025,4.590135405293406,0.5526248622490288,0.0,1,3.5153274800816354,3.5152395958506375,-0.024857111275196075,3.198732376098633,-0.024836843833327293,0.7840463519096375,0.04085388779640198,-1.1679652295582366,0.0,-9.852926307735684,-9.852926307735684,2.6695163623912355,3.5899195671081543,-0.0776008889079094,0.0069190695939301385,1.0,1132.6482834381934,-7.022850072310215,3,3,4,123.76784593512178,0.6010286237198846,0.15058424823905625,0.30364196810994803,-365.4856895757845,46.05545673146152,3.5153274800817345,3.502374344208581,0.01295313587315361,0,6.82163513058827,nan
GT+smooth-jitter_controlled_forward3x6_SoftMS_local_prior_3frame_causal_heading_continuous_waypoint_RNN_polynomial_Kalman,1,controlled_gt_jitter,8.0,-357.39154766577127,48.2499822068119,3.75228167993184,-4.1258379531002065,0,0,6,-362.29440456764434,45.815985455435985,-361.1438293457031,52.37582015991211,-1,-362.2944030761719,45.81598663330078,-362.29440456764434,45.815985455435985,0.0,0,0.0,0.0,403,/yh/study/uav-sat/v36_GvsK/v36_training_data/routes/route_C/vi/vi_000403.jpg,-361.1438293457031,52.37582015991211,1135.9859745179856,-0.11933195607899545,3,3.188201649884973,3.188201649884973,1,3.188201649884973,-7.183382035645583,2.7909698866091523e-05,1135.848444242471,-7.047696037516838,-362.3259750122061,45.547667038839805,6.929728957299928,11.783561530703912,1,0.0,0,0,0.19430901128415023,1.0,1140.3182373046875,-3.6312615871429443,1,1,6,18,1,-9.860548585406008,-349.3507080078125,35.06184387207031,-353.90313720703125,46.73651123046875,1,-353.90313720703125,46.73651123046875,1143.9952392578125,-4.600623607635498,0.9756277799606323,0.01528795063495636,4.0,4.0,1,1139.996826171875,-4.941988945007324,6.272555414053023,21.19594955444336,8.336976051330566,0.19430901128415023,1139.996826171875,-4.941988945007324,1138.6327940235024,-5.37708616889799,1.3640321483725542,0.43509722389066563,0.0,1,3.2002572545377332,3.2001608042775507,-0.024845965206623077,3.2018933296203613,-0.024963395670056343,0.7843914031982422,0.04080444201827049,-1.1773363558211998,0.0,-9.862297433998648,-9.862297433998648,2.6789153983530642,3.5932364463806152,-0.07840777933597565,0.011517105613541054,1.0,1135.8391362414166,-6.777687099200197,3,3,4,120.57699313189863,0.611314485324655,0.14683827656904214,0.01369167973538854,-362.29440456764434,45.815985455435985,3.2002572545377226,3.188201649884973,0.012055604652749796,0,6.659974075880057,nan
GT+smooth-jitter_controlled_forward3x6_SoftMS_local_prior_3frame_causal_heading_continuous_waypoint_RNN_polynomial_Kalman,1,controlled_gt_jitter,8.0,-354.18895965612387,47.88453974384142,3.9061636348917372,-4.004109242974983,0,0,6,-359.107649668786,45.51477490134029,-358.0951232910156,51.888648986816406,-1,-359.1076354980469,45.514774322509766,-359.107649668786,45.51477490134029,0.0,0,0.0,0.0,404,/yh/study/uav-sat/v36_GvsK/v36_training_data/routes/route_C/vi/vi_000404.jpg,-358.0951232910156,51.888648986816406,1139.0732862618622,-0.14055825828914156,3,3.087384711982565,3.087384711982565,1,3.087384711982565,-9.078882544407527,-1.8955005087619436,1139.0399976954266,-6.802597649764724,-359.13400714077153,45.30802611896081,6.662122558331364,12.00188181243454,1,0.0,0,0,0.2066423686182872,1.0,1143.539306640625,-3.508918523788452,1,1,6,18,1,-9.861160634388664,-344.58892822265625,39.79008865356445,-348.89080810546875,46.58620834350586,1,-348.89080810546875,46.58620834350586,1148.9727783203125,-3.9923346042633057,0.9679219126701355,0.018526002764701843,4.0,4.0,1,1144.974365234375,-4.340925693511963,7.243329319498922,21.233211517333984,8.346029281616211,0.2066423686182872,1144.974365234375,-4.340925693511963,1141.858264209127,-5.11163774154455,3.1161010252481463,0.7707120480325873,0.0,1,3.200958385124134,3.2008614540100098,-0.02491055056452751,3.20406174659729,-0.025048620998859406,0.787356436252594,0.040821272879838943,-1.1738514652406125,0.0,-9.85881254341806,-9.85881254341806,0.7799299990105333,3.5968897342681885,-0.0783408135175705,0.008857034192341852,1.0,1139.0348335943393,-6.59423952680134,3,3,4,117.38129577897593,0.6216159635594677,0.03845266752296084,0.116677034614725,-359.107649668786,45.51477490134029,3.200958385124096,3.087384711982565,0.1135736731415311,0,6.45379582286152,nan
GT+smooth-jitter_controlled_forward3x6_SoftMS_local_prior_3frame_causal_heading_continuous_waypoint_RNN_polynomial_Kalman,1,controlled_gt_jitter,8.0,-350.68610408942254,47.47638524488062,4.055900305108684,-3.8764513640060976,0,0,6,-355.72693329635985,45.16443257135849,-354.74200439453125,51.35283660888672,-1,-355.7269287109375,45.164432525634766,-355.72693329635985,45.16443257135849,0.0,0,0.0,0.0,405,/yh/study/uav-sat/v36_GvsK/v36_training_data/routes/route_C/vi/vi_000405.jpg,-354.74200439453125,51.35283660888672,1142.4688652024895,-0.1639012716262959,3,3.3956591758159798,3.3956591758159798,1,3.3956591758159798,-9.078836496859497,4.604754803040021e-05,1142.433562564742,-6.619226017408602,-355.75166502946485,44.976862232212454,6.455421275930896,12.30476005444488,1,0.0,0,0,0.20474878344301137,1.0,1147.0635986328125,-3.3834571838378906,1,1,6,18,1,-9.86033877053244,-344.58892822265625,39.79008865356445,-344.43841552734375,46.445526123046875,1,-344.43841552734375,46.445526123046875,1153.395263671875,-3.4590864181518555,0.9784590005874634,0.020086728036403656,4.0,4.0,1,1149.39697265625,-3.7950971126556396,7.822036571556036,21.172849655151367,8.331422805786133,0.20474878344301137,1149.39697265625,-3.7950971126556396,1145.2466217192102,-4.931390524727633,4.150350937039685,1.1362934120719934,0.0,1,3.3988208159547924,3.39872897040272,-0.024986490607261658,3.2008025646209717,-0.02468382567167282,0.7819474339485168,0.04097908362746239,-1.1759563374437398,0.0,-9.860917415621188,-9.860917415621188,0.7820809187616913,3.5909337997436523,-0.07790695875883102,0.007632254050936859,1.0,1142.4296873371616,-6.43007191789994,3,3,4,113.98644203615362,0.6325594316291431,0.039177865327928885,0.19485661119500808,-355.72693329635985,45.16443257135849,3.398820815954749,3.3956591758159798,0.003161640138769073,0,6.266293120605912,nan
GT+smooth-jitter_controlled_forward3x6_SoftMS_local_prior_3frame_causal_heading_continuous_waypoint_RNN_polynomial_Kalman,1,controlled_gt_jitter,8.0,-347.18967561448034,47.07433820527831,4.201254561300916,-3.7430102749463,0,0,6,-352.34063199972945,44.89747878516406,-351.39093017578125,50.81734848022461,-1,-352.34063720703125,44.89748001098633,-352.34063199972945,44.89747878516406,0.0,0,0.0,0.0,406,/yh/study/uav-sat/v36_GvsK/v36_training_data/routes/route_C/vi/vi_000406.jpg,-351.39093017578125,50.81734848022461,1145.862373948487,-0.18723250279349646,3,3.393588949108152,3.393588949108152,1,3.393588949108152,-9.078877851217753,-4.135435825557533e-05,1145.8264040992472,-6.454891943910215,-352.372912656101,44.626988304255924,6.2677626550368,12.137153854319202,1,0.0,0,0,0.20249363947276028,1.0,1150.5806884765625,-3.2529287338256836,1,1,6,18,1,-9.860541328330013,-344.58892822265625,39.79008865356445,-344.4080810546875,46.477169036865234,1,-344.4080810546875,46.477169036865234,1153.4205322265625,-3.4232258796691895,0.9787219762802124,0.019242525100708008,4.0,4.0,1,1149.422119140625,-3.772423267364502,5.0522647051906455,21.22427749633789,8.344326972961426,0.20249363947276028,1149.422119140625,-3.772423267364502,1148.6332616077973,-4.7707774387801605,0.7888575328277527,0.9983541714156585,0.0,1,3.396807441631621,3.3967167620855303,-0.024820026010274887,3.2022526264190674,-0.024997949600219727,0.7864046096801758,0.04083092510700226,-1.1625183671385628,0.0,-9.847479445316011,-9.847479445316011,0.7686015940982587,3.5946218967437744,-0.0775275006890297,0.010966718880901852,1.0,1145.8174701817406,-6.18262860418988,3,3,4,110.59865919157454,0.6434801063312656,0.0449037667463017,0.19133632268908451,-352.34063199972945,44.89747878516406,3.396807441631659,3.393588949108152,0.003218492523507255,0,5.995564257090971,nan
GT+smooth-jitter_controlled_forward3x6_SoftMS_local_prior_3frame_causal_heading_continuous_waypoint_RNN_polynomial_Kalman,1,controlled_gt_jitter,8.0,-343.8669898154014,46.66764937267058,4.341994559598596,-3.6039418138528574,0,0,6,-349.1746118827472,44.24748158753896,-348.208984375,50.27159118652344,-1,-349.17462158203125,44.24748229980469,-349.1746118827472,44.24748158753896,0.0,0,0.0,0.0,407,/yh/study/uav-sat/v36_GvsK/v36_training_data/routes/route_C/vi/vi_000407.jpg,-348.208984375,50.27159118652344,1149.090244235984,-0.2462537687158915,3,3.2284098411969717,3.2284098411969717,1,3.2284098411969717,-9.7324915984579,-0.6536137472401479,1149.0494291599814,-6.207546489851005,-349.1494947342712,44.38481642935876,5.961432443422275,12.184817688122825,1,0.0,0,0,0.22511389720801267,1.0,1153.9266357421875,-3.153224229812622,1,1,6,18,1,-9.855969690619453,-335.09576416015625,44.48842239379883,-339.74810791015625,42.2269401550293,1,-339.74810791015625,42.2269401550293,1158.6688232421875,-6.921057224273682,0.9682712554931641,0.025991469621658325,4.0,4.0,1,1154.67041015625,-7.265780448913574,8.967274196304295,21.196826934814453,8.337617874145508,0.22511389720801267,1154.67041015625,-7.265780448913574,1151.9184923773034,-7.265780448913574,2.7519177789465648,0.0,0.0,1,3.232055033265432,3.231958978240688,-0.024917885661125183,3.2001428604125977,-0.02483254484832287,0.7842167615890503,0.04089421406388283,-1.158771474770282,0.0,-9.84373255294773,-9.84373255294773,0.11124095448982994,3.59142804145813,-0.07703063637018204,0.008189488417088248,1.0,1149.0453377632966,-6.347099312819249,3,3,4,107.37079161001856,0.6538852867861183,0.044906472687443966,0.028266980784374063,-349.1746118827472,44.24748158753896,3.232055033265521,3.2284098411969717,0.0036451920685491856,0,6.101010813323885,nan
GT+smooth-jitter_controlled_forward3x6_SoftMS_local_prior_3frame_causal_heading_continuous_waypoint_RNN_polynomial_Kalman,1,controlled_gt_jitter,8.0,-340.23286022384514,46.21217739693256,4.4778941706861115,-3.4594115007725144,0,0,6,-345.67217613155157,43.65052615877178,-344.71075439453125,49.67158889770508,-1,-345.67218017578125,43.65052795410156,-345.67217613155157,43.65052615877178,0.0,0,0.0,0.0,408,/yh/study/uav-sat/v36_GvsK/v36_training_data/routes/route_C/vi/vi_000408.jpg,-344.71075439453125,49.67158889770508,1152.6389631160196,-0.31113869237389674,3,3.549312009789737,3.549312009789737,1,3.549312009789737,-9.732442778632608,4.881982529191529e-05,1152.598194840521,-6.371970259822613,-345.6662489907461,43.686409583943934,6.06096868010965,12.222195352658598,1,0.0,0,0,0.23977492842439568,1.0,1157.587890625,-3.0547149181365967,1,1,6,18,1,-9.851686735123034,-335.09576416015625,44.48842239379883,-335.27008056640625,42.15501022338867,1,-335.27008056640625,42.15501022338867,1163.1064453125,-6.315974235534668,0.9658535718917847,0.03132399171590805,4.0,4.0,1,1159.1080322265625,-6.659636974334717,9.063789803004157,21.22055435180664,8.342447280883789,0.23977492842439568,1159.1080322265625,-6.659636974334717,1155.5075758936882,-6.659636974334717,3.6004563328743657,0.0,0.0,1,3.552944127788714,3.5528570772243935,-0.024870947003364563,3.2063896656036377,-0.025042053312063217,0.7866247892379761,0.04086172208189964,-1.1709029579532824,0.0,-9.85586403613073,-9.85586403613073,0.12342125749812231,3.5988564491271973,-0.07816901803016663,0.007435958951475277,1.0,1152.5977541088216,-6.408337235993072,3,3,4,103.81837526449357,0.6653366651936979,0.04120900719794918,0.34292234418609935,-345.67217613155157,43.65052615877178,3.5529441277886327,3.549312009789737,0.003632117998895623,0,6.097337801252779,nan
GT+smooth-jitter_controlled_forward3x6_SoftMS_local_prior_3frame_causal_heading_continuous_waypoint_RNN_polynomial_Kalman,1,controlled_gt_jitter,8.0,-336.9169318819144,45.81569559595503,4.608733401288719,-3.3095943210371632,0,0,6,-342.4645434545216,43.231014830994326,-341.5256652832031,49.12528991699219,-1,-342.46453857421875,43.231014251708984,-342.4645434545216,43.231014830994326,0.0,0,0.0,0.0,409,/yh/study/uav-sat/v36_GvsK/v36_training_data/routes/route_C/vi/vi_000409.jpg,-341.5256652832031,49.12528991699219,1155.870022466941,-0.37022078992763435,3,3.231599483758612,3.231599483758612,1,3.231599483758612,-9.732536269238528,-9.349060591921864e-05,1155.832607102529,-6.433302291279956,-342.47818515737185,43.137380173947584,6.063196945633129,12.304409132904091,1,0.0,0,0,0.2540698708928004,1.0,1160.9256591796875,-2.9459407329559326,1,1,6,18,1,-9.853148822492239,-335.09576416015625,44.48842239379883,-330.56915283203125,42.386661529541016,1,-330.56915283203125,42.386661529541016,1167.7183837890625,-5.377132892608643,0.958774745464325,0.03548462688922882,4.0,4.0,1,1163.719970703125,-5.720787525177002,9.500013247313197,21.222217559814453,8.34278678894043,0.2540698708928004,1163.719970703125,-5.720787525177002,1158.7812992474842,-5.720787525177002,4.938671455640817,0.0,0.0,1,3.2349493264784974,3.234852993707474,-0.024965055286884308,3.2071824073791504,-0.02502349764108658,0.7870627641677856,0.0408998541533947,-1.1720315399919212,0.0,-9.85699261816937,-9.85699261816937,0.12445634893084191,3.5998668670654297,-0.07822299003601074,0.007585082111255674,1.0,1155.831953423326,-6.33868137519681,3,3,4,100.58417594998917,0.6757622562825856,0.03806904361499619,0.024417076379461555,-342.4645434545216,43.231014830994326,3.234949326478534,3.231599483758612,0.0033498427199218916,0,5.968581993237041,nan
GT+smooth-jitter_controlled_forward3x6_SoftMS_local_prior_3frame_causal_heading_continuous_waypoint_RNN_polynomial_Kalman,1,controlled_gt_jitter,8.0,-333.3719939175117,45.454536478536305,4.734298807097677,-3.154674489481275,0,0,6,-339.02845103614595,42.814590050279406,-338.1062927246094,48.60921096801758,-1,-339.0284423828125,42.81459045410156,-339.02845103614595,42.814590050279406,0.0,0,0.0,0.0,410,/yh/study/uav-sat/v36_GvsK/v36_training_data/routes/route_C/vi/vi_000410.jpg,-338.1062927246094,48.60921096801758,1159.3281156011985,-0.36405225372947475,3,3.4580986359614885,3.4580986359614885,1,3.4580986359614885,-8.58275714631591,1.1497791229226173,1159.2930971426404,-6.363678572288389,-339.0468613582368,42.683666866399506,5.999728515090038,11.708747192317597,1,0.0,0,0,0.2547335246539489,1.0,1164.4844970703125,-2.7676682472229004,1,1,6,18,1,-9.854494156315319,-335.09576416015625,44.48842239379883,-330.5513610839844,42.389163970947266,1,-330.5513610839844,42.389163970947266,1167.735595703125,-5.371972560882568,0.9584788680076599,0.03568499535322189,4.0,4.0,1,1163.7371826171875,-5.7112507820129395,6.9305413967710825,21.214937210083008,8.340471267700195,0.2547335246539489,1163.7371826171875,-5.7112507820129395,1162.2436143354387,-5.7112507820129395,1.493568281748777,0.0,0.0,1,3.461233985966819,3.461143719314371,-0.024997197091579437,3.208616018295288,-0.02498660609126091,0.7858151197433472,0.04093528166413307,-1.1787264060390032,0.0,-9.86368748421645,-9.86368748421645,1.280930337900541,3.6006686687469482,-0.07860569655895233,0.012018220148742476,1.0,1159.2915267854385,-6.231476628221754,3,3,4,97.12460258787672,0.6869143510386626,0.03658881576006934,0.2494826176662004,-339.02845103614595,42.814590050279406,3.461233985966883,3.4580986359614885,0.003135350005394333,0,5.867538455930626,nan
GT+smooth-jitter_controlled_forward3x6_SoftMS_local_prior_3frame_causal_heading_continuous_waypoint_RNN_polynomial_Kalman,1,controlled_gt_jitter,8.0,-330.140122939697,45.14471168882865,4.854383896240487,-2.9948451959369775,0,0,6,-335.86569702270356,42.43629200621172,-334.9945068359375,48.139556884765625,-1,-335.8656921386719,42.4362907409668,-335.86569702270356,42.43629200621172,0.0,0,0.0,0.0,411,/yh/study/uav-sat/v36_GvsK/v36_training_data/routes/route_C/vi/vi_000411.jpg,-334.9945068359375,48.139556884765625,1162.4751387733168,-0.3584371843382314,3,3.14702818145193,3.14702818145193,1,3.14702818145193,-8.58273131411355,2.5832202359731395e-05,1162.4751387733168,-6.256468000821952,-335.8851174895959,42.30915551129383,5.8980308164837245,11.927036469757832,1,0.0,0,0,0.1804374912715331,1.0,1167.72607421875,-2.585923671722412,1,1,6,18,1,-9.857711815744631,-320.9017639160156,44.39867401123047,-325.5235900878906,42.20078659057617,1,-325.5235900878906,42.20078659057617,1172.7342529296875,-4.798989772796631,0.9717240333557129,0.00888051837682724,4.0,4.0,1,1168.73583984375,-5.140644550323486,7.87819047653761,21.22888946533203,8.343923568725586,0.1804374912715331,1168.73583984375,-5.140644550323486,1165.2213418743136,-5.140644550323486,3.5144979694365266,0.0,0.0,1,3.207413286564431,3.2073159217834473,-0.024991372600197792,3.210160732269287,-0.02506844885647297,0.7873010635375977,0.04092445969581604,-1.1782481860753964,0.0,-9.863209264252845,-9.863209264252845,1.2804779501392942,3.602954626083374,-0.0787099227309227,0.0067466995916263955,1.0,1162.4751387733168,-6.1278567926232705,3,3,4,93.94099059999843,0.6971768715402434,0.0,0.06313255081735702,-335.86569702270356,42.43629200621172,3.185297844737822,3.14702818145193,0.0382696632858921,0,5.769419608285043,nan
GT+smooth-jitter_controlled_forward3x6_SoftMS_local_prior_3frame_causal_heading_continuous_waypoint_RNN_polynomial_Kalman,1,controlled_gt_jitter,8.0,-326.5997224404723,44.79217015270191,4.968789522418292,-2.830308332405517,0,0,6,-332.4199473343902,42.07263879162319,-331.5685119628906,47.62247848510742,-1,-332.4199523925781,42.07263946533203,-332.4199473343902,42.07263879162319,0.0,0,0.0,0.0,412,/yh/study/uav-sat/v36_GvsK/v36_training_data/routes/route_C/vi/vi_000412.jpg,-331.5685119628906,47.62247848510742,1165.9399292060352,-0.3522566602126246,3,3.4647959451512524,3.4647959451512524,1,3.4647959451512524,-8.58275646325049,-2.5149136940794295e-05,1165.9399292060352,-6.15289055716442,-332.444415549586,41.88835723479535,5.800633896951804,12.191973258220063,1,0.0,0,0,0.2129113959110156,1.0,1171.2791748046875,-2.39981746673584,1,1,6,18,1,-9.859635901378164,-320.9017639160156,44.39867401123047,-321.1749267578125,42.233970642089844,1,-321.1749267578125,42.233970642089844,1177.0279541015625,-4.109531879425049,0.9460330605506897,0.016218066215515137,4.0,4.0,1,1173.029541015625,-4.452932834625244,8.190124583794153,21.220300674438477,8.342418670654297,0.2129113959110156,1173.029541015625,-4.452932834625244,1168.7754355447905,-4.452932834625244,4.254105470834476,0.0,0.0,1,3.4648859396798475,3.4647955041566303,-0.02503376454114914,3.2070441246032715,-0.02493126317858696,0.7862123250961304,0.04097235947847366,-1.165690883286328,0.0,-9.850651961463775,-9.850651961463775,1.2678954982132848,3.5993149280548096,-0.077684685587883,0.007703957949057397,1.0,1165.9362900927501,-5.967027320895772,3,3,4,90.47983928056505,0.7083340529147333,0.003639113285089479,0.25775182054798096,-332.4199473343902,42.07263879162319,3.4648859396800007,3.4647959451512524,8.999452874824954e-05,0,5.614771839996151,nan
GT+smooth-jitter_controlled_forward3x6_SoftMS_local_prior_3frame_causal_heading_continuous_waypoint_RNN_polynomial_Kalman,1,controlled_gt_jitter,8.0,-321.74164545971115,44.26631902885622,5.077324266851372,-2.6612742023449485,0,0,6,-327.64108603775685,41.61783418838033,-326.8189697265625,46.92759323120117,-1,-327.6410827636719,41.617835998535156,-327.64108603775685,41.61783418838033,0.0,0,0.0,0.0,413,/yh/study/uav-sat/v36_GvsK/v36_training_data/routes/route_C/vi/vi_000413.jpg,-326.8189697265625,46.92759323120117,1170.7399396958292,-0.3219867307312213,3,4.800105933285339,4.800105933285339,1,4.800105933285339,-8.323645989589586,0.25911047366090467,1170.736679519619,-5.9920047106188346,-327.678372926188,41.32308248881953,5.670018917164011,11.996611255033464,1,0.0,0,0,0.2697233812845126,1.0,1176.160888671875,-2.186062812805176,1,1,6,18,1,-9.856491559760725,-320.9017639160156,44.39867401123047,-316.640869140625,41.863670349121094,1,-316.640869140625,41.863670349121094,1181.5660400390625,-3.7909374237060547,0.9297893643379211,0.03536924719810486,4.0,4.0,1,1177.567626953125,-4.138551712036133,7.821987058284145,21.249509811401367,8.34920597076416,0.2697233812845126,1177.567626953125,-4.138551712036133,1173.7284188181513,-4.196961131499389,3.839208134973616,0.05840941946325584,0.0,1,4.800454407615127,4.800389426868837,-0.024977389723062515,3.2095956802368164,-0.025180861353874207,0.7885199785232544,0.04085556045174599,-1.1645994404013011,0.0,-9.849560518578748,-9.849560518578748,1.5259145289891627,3.6030144691467285,-0.07799936830997467,0.012669967085649134,1.0,1170.7290309535645,-5.695002394331295,3,3,4,85.68709841975073,0.7237836747688243,0.010908742264746252,1.5905102530485227,-327.64108603775685,41.61783418838033,4.800454407615085,4.800105933285339,0.0003484743297459403,0,5.373026737505549,nan
GT+smooth-jitter_controlled_forward3x6_SoftMS_local_prior_3frame_causal_heading_continuous_waypoint_RNN_polynomial_Kalman,1,controlled_gt_jitter,8.0,-316.42133044571455,43.676230987149616,5.179804808191689,-2.4879612125574186,0,0,6,-322.40533781990007,40.98123051543662,-321.60113525390625,46.16419219970703,-1,-322.40533447265625,40.981231689453125,-322.40533781990007,40.98123051543662,0.0,0,0.0,0.0,414,/yh/study/uav-sat/v36_GvsK/v36_training_data/routes/route_C/vi/vi_000414.jpg,-321.60113525390625,46.16419219970703,1176.0132187503675,-0.28873418357728237,3,5.273383896410942,5.273383896410942,1,5.273383896410942,-8.323666836438479,-2.0846848892866713e-05,1176.0032791620067,-5.720091693637569,-322.4311032218994,40.79661394041631,5.431366604962795,12.271251498629745,1,0.0,0,0,0.1971999982333556,1.0,1181.50927734375,-1.9660097360610962,1,1,6,18,1,-9.854065668666607,-316.2618713378906,30.094284057617188,-311.0768737792969,41.26868438720703,1,-311.0768737792969,41.26868438720703,1187.156005859375,-3.5389301776885986,0.9466275572776794,0.010064296424388885,4.0,4.0,1,1183.1575927734375,-3.878702163696289,7.995620693842151,21.20944595336914,8.339479446411133,0.1971999982333556,1183.1575927734375,-3.878702163696289,1178.7955791571485,-4.044711696552532,4.362013616289052,0.16600953285624276,0.0,1,5.274307882290965,5.274248208442311,-0.02508929930627346,3.2069761753082275,-0.024904906749725342,0.7847529053688049,0.04097682610154152,-1.163112059987825,0.0,-9.848073138165272,-9.848073138165272,1.5244063017267935,3.5985212326049805,-0.07747790962457657,0.007304880096064621,1.0,1176.0008717732032,-5.533701403677049,3,3,4,80.41525760011194,0.7407776975010574,0.012346977164270356,2.0664077211027143,-322.40533781990007,40.98123051543662,5.274307882290896,5.273383896410942,0.0009239858799539036,0,5.244981752853503,nan
GT+smooth-jitter_controlled_forward3x6_SoftMS_local_prior_3frame_causal_heading_continuous_waypoint_RNN_polynomial_Kalman,1,controlled_gt_jitter,8.0,-313.05115319307146,43.35279556508306,5.2760562795848145,-2.310595548198187,0,0,6,-319.1033902200793,40.70974929423829,-318.32720947265625,45.66339111328125,-1,-319.1033935546875,40.70975112915039,-319.1033902200793,40.70974929423829,0.0,0,0.0,0.0,415,/yh/study/uav-sat/v36_GvsK/v36_training_data/routes/route_C/vi/vi_000415.jpg,-318.32720947265625,45.66339111328125,1179.325225886713,-0.2894256282631047,3,3.3120072085215435,3.3120072085215435,1,3.3120072085215435,-8.696922665232632,-0.3732558287941528,1179.3138667341238,-5.558689287542882,-319.13410433618355,40.45626242075143,5.269275902944737,12.228960517134029,1,0.0,0,0,0.26506117228034887,1.0,1184.8896484375,-1.7768352031707764,1,1,6,18,1,-9.851968266982885,-306.73822021484375,39.55075454711914,-307.1092834472656,41.60844039916992,1,-307.1092834472656,41.60844039916992,1191.02685546875,-2.6039583683013916,0.9289664626121521,0.03332332521677017,4.0,4.0,1,1187.0284423828125,-2.95141339302063,8.15019774272377,21.242067337036133,8.347543716430664,0.26506117228034887,1187.0284423828125,-2.95141339302063,1182.2927849578948,-3.7713383532803064,4.735657424917692,0.8199249602596765,0.0,1,3.313089193702066,3.3129949609206037,-0.024987883865833282,3.209062099456787,-0.02506434917449951,0.7880461812019348,0.04093534126877785,-1.1575385189033889,0.0,-9.842499597080836,-9.842499597080836,1.145576931848205,3.602257251739502,-0.07738341391086578,0.010972318778699168,1.0,1179.3059518067823,-5.303471134028301,3,3,4,77.11017756653285,0.7514317758664851,0.019274079930710286,0.1029451090647564,-319.1033902200793,40.70974929423829,3.313089193702085,3.3120072085215435,0.0010819851805417002,0,5.014082550581054,nan
GT+smooth-jitter_controlled_forward3x6_SoftMS_local_prior_3frame_causal_heading_continuous_waypoint_RNN_polynomial_Kalman,1,controlled_gt_jitter,8.0,-309.6870659035379,43.03312960432324,5.365912612087045,-2.1294108314677715,0,0,6,-315.79307430740636,40.554533791497136,-315.052978515625,45.162540435791016,-1,-315.7930603027344,40.554534912109375,-315.79307430740636,40.554533791497136,0.0,0,0.0,0.0,416,/yh/study/uav-sat/v36_GvsK/v36_training_data/routes/route_C/vi/vi_000416.jpg,-315.052978515625,45.162540435791016,1182.6375421878765,-0.29012001342326854,3,3.3123163739480264,3.3123163739480264,1,3.3123163739480264,-8.696972412492672,-4.974726003912445e-05,1182.6198101013022,-5.328501072696314,-315.83130965246255,40.18460926242543,5.038412262343733,11.50292310536284,1,0.0,0,0,0.2664321454203502,1.0,1188.263427734375,-1.584854006767273,1,1,6,18,1,-9.848654237853253,-306.73822021484375,39.55075454711914,-307.095703125,41.61840057373047,1,-307.095703125,41.61840057373047,1191.0386962890625,-2.592061758041382,0.9297558665275574,0.03404538333415985,4.0,4.0,1,1187.040283203125,-2.939091920852661,5.138207918496697,21.25118064880371,8.349245071411133,0.2664321454203502,1187.040283203125,-2.939091920852661,1185.6024985012082,-3.538888032752736,1.4377847019168724,0.599796111900075,0.0,1,3.313952820120841,3.3138582945197204,-0.02502993866801262,3.210294485092163,-0.025188591331243515,0.788506269454956,0.04086098447442055,-1.1611260757649382,0.0,-9.846087153942387,-9.846087153942387,1.149114741449715,3.6037111282348633,-0.0777999758720398,0.017307163778494016,1.0,1182.6017479172233,-4.957044673738384,3,3,4,73.8143814560919,0.7620559270762474,0.035794270653241256,0.10202188885586327,-315.79307430740636,40.554533791497136,3.3139528201208344,3.3123163739480264,0.0016364461728080038,0,4.667061925330434,nan
GT+smooth-jitter_controlled_forward3x6_SoftMS_local_prior_3frame_causal_heading_continuous_waypoint_RNN_polynomial_Kalman,1,controlled_gt_jitter,8.0,-306.32751653476913,42.716733003233244,5.449216863668363,-1.9446477645890212,0,0,6,-312.48783440906686,40.27177433208431,-311.7767333984375,44.661380767822266,-1,-312.4878234863281,40.27177429199219,-312.48783440906686,40.27177433208431,0.0,0,0.0,0.0,417,/yh/study/uav-sat/v36_GvsK/v36_training_data/routes/route_C/vi/vi_000417.jpg,-311.7767333984375,44.661380767822266,1185.951896211922,-0.2908157051240747,3,3.314354097059257,3.314354097059257,1,3.314354097059257,-8.696987614094882,-1.5201602210134154e-05,1185.9189655500936,-4.982161871743703,-312.51768609738417,40.02880023625362,4.691461742734897,11.5012767666693,1,0.0,0,0,0.24569918159011755,1.0,1191.63232421875,-1.3903261423110962,1,1,6,18,1,-9.847755747812279,-306.73822021484375,39.55075454711914,-302.1973571777344,41.78675079345703,1,-302.1973571777344,41.78675079345703,1195.85546875,-1.6859850883483887,0.9442309737205505,0.0289367213845253,4.0,4.0,1,1191.8570556640625,-2.0324859619140625,6.156648718141417,21.227096557617188,8.344401359558105,0.24569918159011755,1191.8570556640625,-2.0324859619140625,1188.8446382994664,-3.2267582221200084,3.0124173645960597,1.194272260205946,0.0,1,3.3173127222892425,3.317217632870419,-0.02511719800531864,3.206503391265869,-0.02496499754488468,0.7864496111869812,0.04096025601029396,-1.1461755387237207,0.0,-9.83113661690117,-9.83113661690117,1.1341490028062873,3.5989181995391846,-0.07649006694555283,0.011671126692823736,1.0,1185.9117855276315,-4.73746617946945,3,3,4,70.50434384568365,0.7727259864198976,0.04011068429053921,0.10785070579338774,-312.48783440906686,40.27177433208431,3.317312722289338,3.314354097059257,0.002958625230081058,0,4.446831378407569,nan
GT+smooth-jitter_controlled_forward3x6_SoftMS_local_prior_3frame_causal_heading_continuous_waypoint_RNN_polynomial_Kalman,1,controlled_gt_jitter,8.0,-302.72054687514225,42.39962757774365,5.5258215330608635,-1.756553757705569,0,0,6,-308.9415857374016,39.86402737971266,-308.2463684082031,44.15618133544922,-1,-308.94158935546875,39.86402893066406,-308.9415857374016,39.86402737971266,0.0,0,0.0,0.0,418,/yh/study/uav-sat/v36_GvsK/v36_training_data/routes/route_C/vi/vi_000418.jpg,-308.2463684082031,44.15618133544922,1189.5180662674986,-0.2571323939644885,3,3.5663291254092924,3.5663291254092924,1,3.5663291254092924,-8.143805117650029,0.5531824964448528,1189.4813107821974,-4.762499666476472,-308.9630190082158,39.7080247348535,4.505517198493614,11.890052147589207,1,0.0,0,0,0.19632676634553822,1.0,1195.2457275390625,-1.1591382026672363,1,1,6,18,1,-9.841939094682072,-292.57470703125,34.702823638916016,-296.6833801269531,41.66423416137695,1,-296.6833801269531,41.66423416137695,1201.32470703125,-0.9744789004325867,0.9484590888023376,0.010117940604686737,4.0,4.0,1,1197.3262939453125,-1.3189330101013184,7.880091371107784,21.248470306396484,8.348180770874023,0.19632676634553822,1197.3262939453125,-1.3189330101013184,1192.2712093896475,-3.088560502006334,5.055084555664873,1.7696274919050157,0.0,1,3.569613034833832,3.5695252545659164,-0.025033487007021904,3.2118420600891113,-0.025178352370858192,0.7882781028747559,0.04089057818055153,-1.1633438595327825,0.0,-9.84830493771023,-9.84830493771023,1.7044998200602017,3.6051418781280518,-0.07794354856014252,0.006772451321873014,1.0,1189.4789416786182,-4.605049364320278,3,3,4,66.937187694697,0.7842248792721757,0.03912458888044057,0.35448706532018104,-308.9415857374016,39.86402737971266,3.5696130348338664,3.5663291254092924,0.0032839094245740164,0,4.348092997460253,nan
GT+smooth-jitter_controlled_forward3x6_SoftMS_local_prior_3frame_causal_heading_continuous_waypoint_RNN_polynomial_Kalman,1,controlled_gt_jitter,8.0,-299.4376447848373,42.13099425816187,5.595588857740814,-1.565382542375237,0,0,6,-305.7135382249703,39.49490867357025,-305.0332336425781,43.69637680053711,-1,-305.7135314941406,39.49490737915039,-305.7135382249703,39.49490867357025,0.0,0,0.0,0.0,419,/yh/study/uav-sat/v36_GvsK/v36_training_data/routes/route_C/vi/vi_000419.jpg,-305.0332336425781,43.69637680053711,1192.7637889101375,-0.22647689763843643,3,3.2458674083199646,3.2458674083199646,1,3.2458674083199646,-8.143824780806717,-1.9663156689583195e-05,1192.7279274727941,-4.6301625278362035,-305.7336463802689,39.34860091289305,4.4038316466798095,12.33099703987881,1,0.0,0,0,0.1854263985491172,1.0,1198.5316162109375,-0.9289685487747192,0,0,6,18,1,-9.844167123733671,-292.57470703125,34.702823638916016,-292.4955139160156,41.30126190185547,1,-292.4955139160156,41.30126190185547,1205.5194091796875,-0.7009156346321106,0.9794179797172546,0.012568749487400055,4.0,4.0,0,1201.52099609375,-1.0447156429290771,8.795350607054253,21.23786735534668,8.345909118652344,0.1854263985491172,1201.52099609375,-1.0447156429290771,1195.4878500688042,-2.97420897023016,6.0331460249457916,1.9294933273010828,0.0,1,3.249082849318965,3.2489857941759097,-0.025113163515925407,3.2105467319488525,-0.02501383237540722,0.787479043006897,0.04098943620920181,-1.1591410520374033,0.0,-9.844102130214852,-9.844102130214852,1.700277349408133,3.603457450866699,-0.07743090391159058,0.005882735816184875,1.0,1192.725712388725,-4.48249603825085,3,3,4,63.69041698459017,0.7946909948362804,0.03807652141244944,0.035320676371112025,-305.7135382249703,39.49490867357025,3.249082849318906,3.2458674083199646,0.0032154409989413324,0,4.256189463210279,nan
GT+smooth-jitter_controlled_forward3x6_SoftMS_local_prior_3frame_causal_heading_continuous_waypoint_RNN_polynomial_Kalman,1,controlled_gt_jitter,8.0,-296.16115846518284,41.86509457091871,5.658391095364035,-1.3713937713664515,0,0,6,-302.477333517318,39.20066078665765,-301.8195495605469,43.236488342285156,-1,-302.4773254394531,39.200660705566406,-302.477333517318,39.20066078665765,0.0,0,0.0,0.0,420,/yh/study/uav-sat/v36_GvsK/v36_training_data/routes/route_C/vi/vi_000420.jpg,-301.8195495605469,43.236488342285156,1196.0100672430149,-0.1958214148274389,3,3.2464230736511217,3.2464230736511217,1,3.2464230736511217,-8.143917644245105,-9.286343838781529e-05,1195.9751700048273,-4.507554568521903,-302.5051242063371,38.979464967795565,4.311874372694678,12.402898970449598,1,0.0,0,0,0.19631626698736104,1.0,1201.8106689453125,-0.6970654726028442,1,1,6,18,1,-9.84414439201034,-292.57470703125,34.702823638916016,-292.4914245605469,41.30156707763672,1,-292.4914245605469,41.30156707763672,1205.5234375,-0.6999964714050293,0.9788466095924377,0.016798995435237885,4.0,4.0,1,1201.5250244140625,-1.0468394756317139,5.580231566727856,21.254547119140625,8.349929809570312,0.19631626698736104,1201.5250244140625,-1.0468394756317139,1198.7650397390425,-2.8336327279927573,2.759984675019952,1.7867932523610435,0.0,1,3.2495542353966136,3.2494576161022204,-0.025058530271053314,3.2116305828094482,-0.025183215737342834,0.7886834144592285,0.04090218245983124,-1.1568957340694672,0.0,-9.841856812246915,-9.841856812246915,1.6979391680018092,3.6051416397094727,-0.0775367021560669,0.008717181317628369,1.0,1195.9692411647645,-4.284698647501756,3,3,4,60.44688820855066,0.8051466598759627,0.040826078250347564,0.03479249084167346,-302.477333517318,39.20066078665765,3.249554235396508,3.2464230736511217,0.0031311617453861906,0,4.08908104499627,nan
GT+smooth-jitter_controlled_forward3x6_SoftMS_local_prior_3frame_causal_heading_continuous_waypoint_RNN_polynomial_Kalman,1,controlled_gt_jitter,8.0,-292.70761162410196,41.541810755098815,5.7141107880074395,-1.1748526054968893,0,0,6,-299.0886681167261,38.60443132903808,-298.4217224121094,42.7166633605957,-1,-299.0886535644531,38.60443115234375,-299.0886681167261,38.60443132903808,0.0,0,0.0,0.0,421,/yh/study/uav-sat/v36_GvsK/v36_training_data/routes/route_C/vi/vi_000421.jpg,-298.4217224121094,42.7166633605957,1199.4474276723872,-0.19660934382671658,3,3.4373605196789225,3.4373605196789225,1,3.4373605196789225,-8.698094703920644,-0.5541770596755372,1199.409867763479,-4.309825754779268,-299.0799528998227,38.656282514525806,4.11338789686635,12.207207332923568,1,0.0,0,0,0.26489147934678947,1.0,1205.2734375,-0.495152086019516,1,1,6,18,1,-9.843343765773566,-292.57470703125,34.702823638916016,-288.4488830566406,37.02519989013672,1,-288.4488830566406,37.02519989013672,1210.165283203125,-4.31689977645874,0.9292783141136169,0.03332405537366867,4.0,4.0,1,1206.1668701171875,-4.663118362426758,8.068494877126748,21.24901580810547,8.348689079284668,0.26489147934678947,1206.1668701171875,-4.663118362426758,1202.3883193316826,-4.663118362426758,3.778550785504787,0.0,0.0,1,3.440718349894586,3.4406265987144242,-0.02512710727751255,3.211064338684082,-0.02514231950044632,0.7881247401237488,0.040916807949543,-1.1533358181297155,0.0,-9.838296896307163,-9.838296896307163,1.1402021923865204,3.604302167892456,-0.0772474855184555,0.00907785343713479,1.0,1199.4090820784686,-4.362398401100531,3,3,4,57.007047294846586,0.8162351461718668,0.03834559391862058,0.2262961809948405,-299.0886681167261,38.60443132903808,3.440718349894673,3.4373605196789225,0.0033578302157506457,0,4.165965536856406,nan
GT+smooth-jitter_controlled_forward3x6_SoftMS_local_prior_3frame_causal_heading_continuous_waypoint_RNN_polynomial_Kalman,1,controlled_gt_jitter,8.0,-289.56060117889655,41.266608345989674,5.762641008603433,-0.976029288287668,0,0,6,-295.9236607473286,38.311984905721296,-295.3232421875,42.242637634277344,-1,-295.9236755371094,38.31198501586914,-295.9236607473286,38.311984905721296,0.0,0,0.0,0.0,422,/yh/study/uav-sat/v36_GvsK/v36_training_data/routes/route_C/vi/vi_000422.jpg,-295.3232421875,42.242637634277344,1202.5819578731343,-0.19732496362116114,3,3.134530282435793,3.134530282435793,1,3.134530282435793,-8.698041824132815,5.2879787828057735e-05,1202.5819578731343,-4.387533873517409,-295.9559694166927,38.10047552228655,4.190208909896249,12.108519707537104,1,0.0,0,0,0.25412474143866454,1.0,1208.4259033203125,-0.2919960618019104,0,0,6,18,1,-9.84157741482118,-287.90435791015625,25.156579971313477,-285.2889404296875,38.251277923583984,1,-285.2889404296875,38.251277923583984,1213.1038818359375,-2.6277248859405518,0.8038721680641174,0.0014280080795288086,4.0,4.0,0,1209.10546875,-2.972386121749878,7.089228349541364,21.24139404296875,8.346595764160156,0.25412474143866454,1209.10546875,-2.972386121749878,1205.5308009120906,-2.972386121749878,3.5746678379093297,0.0,0.0,1,3.211152224426829,3.2110538482666016,-0.025135472416877747,3.2103641033172607,-0.0250864215195179,0.7872321605682373,0.04093534126877785,-1.1536257810043236,0.0,-9.838586859181772,-9.838586859181772,1.1405450350489563,3.603156566619873,-0.0771775022149086,0.010354368973555357,1.0,1202.5819578731343,-4.173571097789881,3,3,4,53.834171500180844,0.826463058058022,0.0,0.07583382088146795,-295.9236607473286,38.311984905721296,3.1784896663118856,3.134530282435793,0.04395938387609277,0,3.9762461341687274,nan
GT+smooth-jitter_controlled_forward3x6_SoftMS_local_prior_3frame_causal_heading_continuous_waypoint_RNN_polynomial_Kalman,1,controlled_gt_jitter,8.0,-286.1197899481187,40.9473469145462,5.803885588990691,-0.7751987092330938,0,0,6,-292.493142463147,38.06760037601252,-291.9236755371094,41.7225456237793,-1,-292.4931335449219,38.06760025024414,-292.493142463147,38.06760037601252,0.0,0,0.0,0.0,423,/yh/study/uav-sat/v36_GvsK/v36_training_data/routes/route_C/vi/vi_000423.jpg,-291.9236755371094,41.7225456237793,1206.0210781802693,-0.19811419240355502,3,3.439120397693578,3.439120397693578,1,3.439120397693578,-8.698109637538316,-6.781340550011124e-05,1206.0210781802693,-4.198679591654417,-292.52776633895337,37.767852485644475,4.000565399250856,10.801718512149078,1,0.0,0,0,0.2698061542547122,1.0,1211.87548828125,-0.08802953362464905,1,1,6,18,1,-9.840530688330874,-287.90435791015625,25.156579971313477,-285.29852294921875,38.19178009033203,1,-285.29852294921875,38.19178009033203,1213.1033935546875,-2.6879873275756836,0.8043314814567566,0.007801622152328491,4.0,4.0,1,1209.10498046875,-3.0379912853240967,4.192297130188961,21.244850158691406,8.348150253295898,0.2698061542547122,1209.10498046875,-3.0379912853240967,1209.0130451044697,-3.0379912853240967,0.09193536428019922,0.0,0.0,1,3.439212045871188,3.439120390448892,-0.025108493864536285,3.2070794105529785,-0.025070320814847946,0.7869463562965393,0.040903955698013306,-1.1350614335619347,0.0,-9.820022511739383,-9.820022511739383,1.1219128742010673,3.599754571914673,-0.07594172656536102,0.019506901861559983,1.0,1206.0100427052876,-3.897140491622807,3,3,4,50.406086668027626,0.8375136480812668,0.01103547498178159,0.2320409871405995,-292.493142463147,38.06760037601252,3.4392120458711277,3.439120397693578,9.16481775496969e-05,0,3.699042760502196,nan
GT+smooth-jitter_controlled_forward3x6_SoftMS_local_prior_3frame_causal_heading_continuous_waypoint_RNN_polynomial_Kalman,1,controlled_gt_jitter,8.0,-282.99378363970834,40.654956326442914,5.837759329041679,-0.5726399565160671,0,0,6,-289.2989842348007,38.37373936406447,-288.83154296875,41.227596282958984,-1,-289.2989807128906,38.373741149902344,-289.2989842348007,38.37373936406447,0.0,0,0.0,0.0,424,/yh/study/uav-sat/v36_GvsK/v36_training_data/routes/route_C/vi/vi_000424.jpg,-288.83154296875,41.227596282958984,1209.1524930039861,-0.22047201193954932,3,3.131494638393495,3.131494638393495,1,3.131494638393495,-9.094037167999211,-0.3959275304608968,1209.1524930039861,-3.9222279897512213,-289.39051314263736,37.56828628461656,3.701755977811677,7.4571980199184855,1,0.0,0,0,0.6166799085176364,1.0,1215.009765625,0.09496375173330307,1,1,6,18,1,-9.833352799843427,-283.02056884765625,48.91743469238281,-280.6683044433594,39.96742248535156,1,-280.6683044433594,39.96742248535156,1217.4124755859375,-0.2335360050201416,0.6073671579360962,0.10321897268295288,4.0,4.0,1,1213.4140625,-0.5809524655342102,4.276788599729887,21.260589599609375,8.350973129272461,0.6166799085176364,1213.4140625,-0.5809524655342102,1213.0983627524097,-1.554706140697121,0.315699747590362,0.9737536751629108,0.0032343406902406446,1,3.208795391999549,3.2086973190307617,-0.025087498128414154,3.2128124237060547,-0.02525930106639862,0.7891322374343872,0.040868692100048065,-1.1509430107643897,0.0,-9.835904088941838,-9.835904088941838,0.7418669209426254,3.606553792953491,-0.07728321105241776,0.09146485349496748,1.0,1209.1213478931295,-3.112189604098048,3,3,4,47.29478148018569,0.8475430842683638,0.031145110856641622,0.08131778531255973,-289.2989842348007,38.37373936406447,3.2087953919996357,3.131494638393495,0.07730075360614075,0,2.8918853107841533,nan
GT+smooth-jitter_controlled_forward3x6_SoftMS_local_prior_3frame_causal_heading_continuous_waypoint_RNN_polynomial_Kalman,1,controlled_gt_jitter,8.0,-279.5661401827739,40.31454208797503,5.864188186366751,-0.3686358600230195,0,0,6,-285.85415590589633,38.24897339769248,-285.4303283691406,40.68317794799805,-1,-285.8541564941406,38.24897384643555,-285.85415590589633,38.24897339769248,0.0,0,0.0,0.0,425,/yh/study/uav-sat/v36_GvsK/v36_training_data/routes/route_C/vi/vi_000425.jpg,-285.4303283691406,40.68317794799805,1212.5969156722133,-0.24505978616812743,3,3.444510426176353,3.444510426176353,1,3.444510426176353,-9.093956111091401,8.10569078112806e-05,1212.5683429075384,-3.1373715942148825,-285.8953165120793,37.828345198996054,2.8924529378795176,7.069419749881269,1,0.0,0,0,0.5254802631175891,1.0,1218.4495849609375,0.2760316729545593,1,1,6,18,1,-9.8342457403557,-278.2892150878906,48.88750457763672,-273.68731689453125,38.433292388916016,1,-273.68731689453125,38.433292388916016,1224.5450439453125,-0.6959365010261536,0.84946209192276,0.13194382190704346,4.0,4.0,1,1220.546630859375,-1.0442798137664795,7.989788746237655,21.24049949645996,8.346851348876953,0.5254802631175891,1220.546630859375,-1.0442798137664795,1216.2634136311117,-1.0442798137664795,4.283217228263221,0.0,0.0,1,3.447086996579343,3.4469950144089494,-0.02518199011683464,3.2081193923950195,-0.02507207915186882,0.7869421243667603,0.04091896861791611,-1.1359409271392797,0.0,-9.820902005316727,-9.820902005316727,0.7269458942253267,3.6007909774780273,-0.07601181417703629,0.0686802171460881,1.0,1212.5455161193518,-2.7153511980477907,3,3,4,43.87061325396343,0.8585810489312268,0.05139955286153963,0.23639103378133353,-285.85415590589633,38.24897339769248,3.4470869965793836,3.444510426176353,0.002576570403030498,0,2.4708260913388327,nan
GT+smooth-jitter_controlled_forward3x6_SoftMS_local_prior_3frame_causal_heading_continuous_waypoint_RNN_polynomial_Kalman,1,controlled_gt_jitter,8.0,-276.1650778097253,39.97833503061301,5.883109446134068,-0.16347252553933148,0,0,6,-282.4260581980705,38.154765257226295,-282.0481872558594,40.141807556152344,-1,-282.4260559082031,38.15476608276367,-282.4260581980705,38.154765257226295,0.0,0,0.0,0.0,426,/yh/study/uav-sat/v36_GvsK/v36_training_data/routes/route_C/vi/vi_000426.jpg,-282.0481872558594,40.141807556152344,1216.0220233156397,-0.2695146886597652,3,3.425194945008897,3.425194945008897,1,3.425194945008897,-9.094039868757005,-8.375766560469397e-05,1215.974816044463,-2.740472737878952,-282.46797124463814,37.706310972246285,2.4714089518841447,6.266635777278666,1,0.0,0,0,0.527717442992963,1.0,1221.8623046875,0.45724475383758545,1,1,6,18,1,-9.829575385067292,-278.2892150878906,48.88750457763672,-273.7887878417969,38.46933364868164,1,-273.7887878417969,38.46933364868164,1224.439208984375,-0.6756307482719421,0.845394492149353,0.16183269023895264,4.0,4.0,1,1220.440673828125,-1.0257768630981445,4.482901385037739,21.26375961303711,8.351909637451172,0.527717442992963,1220.440673828125,-1.0257768630981445,1219.6760390126938,-1.0257768630981445,0.764634815431283,0.0,0.0,1,3.429391938541189,3.429299925111218,-0.0251215398311615,3.2109673023223877,-0.02527579851448536,0.7889556288719177,0.04082849994301796,-1.1413901374364805,0.0,-9.826351215613927,-9.826351215613927,0.732311346856923,3.60463285446167,-0.07667995989322662,0.09794338186579549,1.0,1215.9485312920717,-2.290831702183553,3,3,4,40.467598081243466,0.8695508257476859,0.07349202356795104,0.2142276426865095,-282.4260581980705,38.154765257226295,3.4293919385411153,3.425194945008897,0.004196993532218141,0,2.0226526015825965,nan
GT+smooth-jitter_controlled_forward3x6_SoftMS_local_prior_3frame_causal_heading_continuous_waypoint_RNN_polynomial_Kalman,1,controlled_gt_jitter,8.0,-272.9671309126165,39.650539959775315,5.894471870586656,0.042561138974536665,0,0,6,-279.19011765162793,38.07432134493895,-278.8616027832031,39.60797882080078,-1,-279.19012451171875,38.07432174682617,-279.19011765162793,38.07432134493895,0.0,0,0.0,0.0,427,/yh/study/uav-sat/v36_GvsK/v36_training_data/routes/route_C/vi/vi_000427.jpg,-278.8616027832031,39.60797882080078,1219.252677857447,-0.31604372863957236,3,3.2309895883553943,3.2309895883553943,1,3.2309895883553943,-9.510098298987511,-0.4160584302305058,1219.1853734385886,-2.3160380836386167,-279.2301373201703,37.64108034861461,2.0011265089508714,6.072469635928783,1,0.0,0,0,0.5595822827852145,1.0,1225.0731201171875,0.6161026358604431,1,1,6,18,1,-9.828446909750358,-264.09521484375,48.79770278930664,-268.12615966796875,38.5222053527832,1,-268.12615966796875,38.5222053527832,1230.0289306640625,0.23169924318790436,0.7874584197998047,0.26965945959091187,4.0,4.0,1,1226.030517578125,-0.11473844945430756,6.780828496181721,21.223224639892578,8.342741012573242,0.5595822827852145,1226.030517578125,-0.11473844945430756,1222.974224716248,-0.11473844945430756,3.0562928618770475,0.0,0.0,1,3.2369402903258413,3.236842146516985,-0.02520638145506382,3.206116199493408,-0.024944696575403214,0.7854413390159607,0.04096648097038269,-1.1310799668843463,0.0,-9.816041045061795,-9.816041045061795,0.30594274607428285,3.5980477333068848,-0.07550086826086044,0.09911364786915823,1.0,1219.159514245709,-1.8817217969189413,3,3,4,37.25661512760615,0.8799015778234408,0.09316361173796395,0.02487338886198609,-279.19011765162793,38.07432134493895,3.2369402903259097,3.2309895883553943,0.005950701970515393,0,1.5684474081214983,nan
GT+smooth-jitter_controlled_forward3x6_SoftMS_local_prior_3frame_causal_heading_continuous_waypoint_RNN_polynomial_Kalman,1,controlled_gt_jitter,8.0,-269.7951540646984,39.32640626494332,5.8982358278797,0.24917390410348117,0,0,6,-275.9717682061718,37.97488443675311,-275.6933898925781,39.077232360839844,-1,-275.9717712402344,37.974884033203125,-275.9717682061718,37.97488443675311,0.0,0,0.0,0.0,428,/yh/study/uav-sat/v36_GvsK/v36_training_data/routes/route_C/vi/vi_000428.jpg,-275.6933898925781,39.077232360839844,1222.4647060461837,-0.36229996977526685,3,3.2123612382612707,3.2123612382612707,1,3.2123612382612707,-9.51001741279928,8.088618823097616e-05,1222.3793019289474,-1.906784251783324,-276.0110339498392,37.563353959680235,1.5468437414977803,6.045792622862397,1,0.0,0,0,0.5560966448820011,1.0,1228.2576904296875,0.7746583819389343,1,1,6,18,1,-9.824104830428935,-264.09521484375,48.79770278930664,-264.17169189453125,39.560997009277344,1,-264.17169189453125,39.560997009277344,1233.78125,1.8557096719741821,0.7937959432601929,0.1557912826538086,4.0,4.0,1,1229.78271484375,1.5023670196533203,7.551836580774468,21.260889053344727,8.351726531982422,0.5560966448820011,1229.78271484375,1.5023670196533203,1226.158567702373,0.36077521227197806,3.6241471413771267,1.1415918073813422,0.0,1,3.2198852233856323,3.21978768323834,-0.025062454864382744,3.2084195613861084,-0.025231726467609406,0.7884973287582397,0.04083115980029106,-1.1275945426952299,0.0,-9.812555620872677,-9.812555620872677,0.3025382080733975,3.6018757820129395,-0.07571200281381607,0.0943753953810452,1.0,1222.3559757738867,-1.4940433855298607,3,3,4,34.060153599428475,0.8902055194125349,0.10873027229695253,0.0039416768751623366,-275.9717682061718,37.97488443675311,3.2198852233856456,3.2123612382612707,0.00752398512437491,0,1.136954454328582,nan
GT+smooth-jitter_controlled_forward3x6_SoftMS_local_prior_3frame_causal_heading_continuous_waypoint_RNN_polynomial_Kalman,1,controlled_gt_jitter,8.0,-266.3192191293919,38.95035447455503,5.894373399904951,0.45607270575619835,0,0,6,-272.4413163773781,37.75898295690237,-272.2135925292969,38.49428176879883,-1,-272.4413146972656,37.75898361206055,-272.4413163773781,37.75898295690237,0.0,0,0.0,0.0,429,/yh/study/uav-sat/v36_GvsK/v36_training_data/routes/route_C/vi/vi_000429.jpg,-272.2135925292969,38.49428176879883,1225.9926288362703,-0.41311206918883436,3,3.5282886903228468,3.5282886903228468,1,3.5282886903228468,-9.510125837494737,-0.00010842469545677441,1225.8929336139745,-1.5191989391240923,-272.4791652195684,37.415931896367006,1.1105707096766917,6.23959966190419,1,0.0,0,0,0.5194413112438098,1.0,1231.75048828125,0.9277895092964172,0,0,6,18,1,-9.820062639100758,-264.09521484375,48.79770278930664,-259.650146484375,39.81724166870117,1,-259.650146484375,39.81724166870117,1238.2122802734375,2.7917754650115967,0.7987409234046936,0.10642576217651367,4.0,4.0,0,1234.2138671875,2.444263219833374,8.703640248197523,21.22785758972168,8.343646049499512,0.5194413112438098,1234.2138671875,2.444263219833374,1229.571397219895,0.6878792244281937,4.642469967605031,1.7563839954051805,0.0,1,3.5370472946279,3.5369578400877097,-0.025155553594231606,3.206674575805664,-0.025035567581653595,0.7862610220909119,0.040912795811891556,-1.1289623947982308,0.0,-9.813923472975679,-9.813923472975679,0.3037976354809415,3.5990161895751953,-0.07550464570522308,0.071510723248866,1.0,1225.878547289045,-1.174366228024041,3,3,4,30.53758208427024,0.9015606916289481,0.11408154722539621,0.3216141145171827,-272.4413163773781,37.75898295690237,3.537047294627926,3.5282886903228468,0.008758604305079132,0,0.769754827046414,nan
GT+smooth-jitter_controlled_forward3x6_SoftMS_local_prior_3frame_causal_heading_continuous_waypoint_RNN_polynomial_Kalman,1,controlled_gt_jitter,8.0,-261.4096119999368,38.43385623396786,5.882868468813158,0.6629631370440279,0,0,6,-267.4709167391764,37.40232759900282,-267.29248046875,37.77089309692383,-1,-267.4709167480469,37.40232849121094,-267.4709167391764,37.40232759900282,0.0,0,0.0,0.0,430,/yh/study/uav-sat/v36_GvsK/v36_training_data/routes/route_C/vi/vi_000430.jpg,-267.29248046875,37.77089309692383,1230.9665459091925,-0.3851114486335011,3,4.9739958869159695,4.9739958869159695,1,4.9739958869159695,-8.362418419985554,1.147707417509183,1230.8616633946194,-1.1994557899632805,-267.5191274539468,36.981723791755314,0.8210706718175669,6.339404428464462,1,0.0,0,0,0.5588309066331759,1.0,1236.681884765625,1.1585710048675537,0,0,6,18,1,-9.817913904276553,-249.9316864013672,43.94972610473633,-254.21591186523438,39.488338470458984,1,-254.21591186523438,39.488338470458984,1243.6337890625,3.2872204780578613,0.7888245582580566,0.1568172425031662,4.0,4.0,0,1239.6353759765625,2.938156843185425,9.284003817122713,21.243785858154297,8.347400665283203,0.5588309066331759,1239.6353759765625,2.938156843185425,1234.6484483878608,1.0726152059814598,4.986927588701839,1.8655416372039655,0.0,1,4.983179267069794,4.9831161055744975,-0.025089561939239502,3.208906412124634,-0.02507440373301506,0.7874687910079956,0.04094009846448898,-1.1274484406800152,0.0,-9.81240951885746,-9.81240951885746,1.4499910988719074,3.6018528938293457,-0.07549052685499191,0.08239013979002119,1.0,1230.8458095584833,-0.7763949296021031,3,3,4,25.570319814831862,0.9175728913162641,0.12073635070919408,1.7650894747913357,-267.4709167391764,37.40232759900282,4.983179267069758,4.9739958869159695,0.009183380153788612,0,0.40948751978716924,nan
GT+smooth-jitter_controlled_forward3x6_SoftMS_local_prior_3frame_causal_heading_continuous_waypoint_RNN_polynomial_Kalman,1,controlled_gt_jitter,8.0,-256.5050271144938,37.91667671431122,5.863716781990549,0.8695499442916881,0,0,6,-262.5201029706888,36.807970860466476,-262.3687438964844,37.04712677001953,-1,-262.5201110839844,36.8079719543457,-262.5201029706888,36.807970860466476,0.0,0,0.0,0.0,431,/yh/study/uav-sat/v36_GvsK/v36_training_data/routes/route_C/vi/vi_000431.jpg,-262.3687438964844,37.04712677001953,1235.943114426437,-0.35708784791749726,3,4.97664741859684,4.97664741859684,1,4.97664741859684,-8.36232569772999,9.272225556448374e-05,1235.8321095730287,-0.8014761543416546,-262.5455791559614,36.624595900883996,0.4580426228712012,6.959474395727927,1,0.0,0,0,0.5494751261508838,1.0,1241.6082763671875,1.387920618057251,0,0,6,18,1,-9.815987364043785,-249.9316864013672,43.94972610473633,-249.59146118164062,39.087547302246094,1,-249.59146118164062,39.087547302246094,1265.063232421875,2.130514621734619,0.8058350682258606,0.1403120756149292,4.0,4.0,0,1261.0648193359375,1.782827615737915,17.387434500755838,21.237960815429688,8.345926284790039,0.5494751261508838,1261.0648193359375,1.782827615737915,1239.5931661699435,1.4551578038073036,21.471653165993896,0.3276698119306114,0.0,1,4.986363093767816,4.986300014545385,-0.025081224739551544,3.208287000656128,-0.025060731917619705,0.7867160439491272,0.04093151167035103,-1.125462029570305,0.0,-9.810423107747752,-9.810423107747752,1.4480974100177635,3.6008596420288086,-0.07533671706914902,0.0316154357545764,1.0,1235.8296037694013,-0.6163569150225133,3,3,4,20.586525603913913,0.9336383824816278,0.11351065703570384,1.7683604179407117,-262.5201029706888,36.807970860466476,4.986363093767828,4.97664741859684,0.00971567517098837,0,0.28302847633793504,nan
GT+smooth-jitter_controlled_forward3x6_SoftMS_local_prior_3frame_causal_heading_continuous_waypoint_RNN_polynomial_Kalman,1,controlled_gt_jitter,8.0,-253.4273257136932,37.69203838068954,5.8369259952911925,1.0755375261973479,0,0,6,-259.3244124838504,36.523208209437044,-259.2642517089844,36.61650085449219,-1,-259.32440185546875,36.52320861816406,-259.3244124838504,36.523208209437044,0.0,0,0.0,0.0,432,/yh/study/uav-sat/v36_GvsK/v36_training_data/routes/route_C/vi/vi_000432.jpg,-259.2642517089844,36.61650085449219,1239.0770342239368,-0.31399348389124265,3,3.1342160776456205,3.1342160776456205,1,3.1342160776456205,-7.897139522764762,0.46518617496522685,1239.0378585835492,-0.6414268688962669,-259.3524210293477,36.29873754106174,0.3297686346753189,7.5143495682586225,1,0.0,0,0,0.5434950964486972,1.0,1244.6845703125,1.6305952072143555,1,1,6,18,1,-9.814039906356687,-249.9316864013672,43.94972610473633,-249.55572509765625,39.162960052490234,1,-249.55572509765625,39.162960052490234,1265.093017578125,2.052574396133423,0.8167078495025635,0.12177014350891113,4.0,4.0,1,1261.0946044921875,1.7038774490356445,14.358308526490525,21.216075897216797,8.341209411621094,0.5434950964486972,1261.0946044921875,1.7038774490356445,1242.782470098783,1.6053400402440836,18.31213439340436,0.09853740879156092,0.0,1,3.2083527635050864,3.208254814147949,-0.025069953873753548,3.2046918869018555,-0.0249448511749506,0.78532874584198,0.040950559079647064,-1.1158908001090015,0.0,-9.80085187828645,-9.80085187828645,1.903712355521687,3.5965869426727295,-0.07452629506587982,0.03392652851693422,1.0,1239.0316505952067,-0.41530075261938126,3,3,4,17.38447877810853,0.9439603285359739,0.045383628730178316,0.07047580925623498,-259.3244124838504,36.523208209437044,3.2083527635051214,3.1342160776456205,0.07413668585950095,0,0.11100827200647354,nan
GT+smooth-jitter_controlled_forward3x6_SoftMS_local_prior_3frame_causal_heading_continuous_waypoint_RNN_polynomial_Kalman,1,controlled_gt_jitter,8.0,-250.05222063375197,37.42419275204683,5.80251569437303,1.280630435152297,0,0,6,-255.93117740182126,35.92331207768715,-255.854736328125,36.14356231689453,-1,-255.93118286132812,35.92331314086914,-255.93117740182126,35.92331207768715,0.0,0,0.0,0.0,433,/yh/study/uav-sat/v36_GvsK/v36_training_data/routes/route_C/vi/vi_000433.jpg,-255.854736328125,36.14356231689453,1242.5188689466058,-0.26666765065749237,3,3.442160076559726,3.442160076559726,1,3.442160076559726,-7.897183670403882,-4.4147639119380624e-05,1242.4774153337535,-0.4403019003813222,-255.92193362266033,35.978178586428676,0.17851401820493246,8.356204784025563,1,0.0,0,0,0.30641177165869626,1.0,1248.0615234375,1.875466227531433,1,1,6,18,1,-9.809424085859932,-249.9316864013672,43.94972610473633,-245.20689392089844,39.39167022705078,1,-245.20689392089844,39.39167022705078,1262.2535400390625,-1.2492148876190186,0.8291277885437012,0.027899056673049927,4.0,4.0,1,1258.255126953125,-1.6017353534698486,12.459081046236207,21.16152000427246,8.331690788269043,0.30641177165869626,1258.255126953125,-1.6017353534698486,1245.5700477058149,-1.6017353534698486,12.685079247310115,0.0,0.0,1,3.445855436724309,3.4457647385468824,-0.025001147761940956,3.1817336082458496,-0.024030135944485664,0.7806506752967834,0.041043154895305634,-1.1115639819915042,0.0,-9.79652506016895,-9.79652506016895,1.8993413897650682,3.5713188648223877,-0.07280310988426208,0.007620961564373301,1.0,1242.4765624651168,-0.49593510853750256,3,3,4,13.939566908198401,0.9550651612937664,0.042306481489049474,0.2604264683138764,-255.93117740182126,35.92331207768715,3.4458554367241914,3.442160076559726,0.0036953601644653666,0,0.23313816851546523,nan
GT+smooth-jitter_controlled_forward3x6_SoftMS_local_prior_3frame_causal_heading_continuous_waypoint_RNN_polynomial_Kalman,1,controlled_gt_jitter,8.0,-246.9778706674909,37.195826146565935,5.7605173940325605,1.4845338797202332,0,0,6,-252.80165418538397,35.297119256523075,-252.73838806152344,35.7112922668457,-1,-252.80165100097656,35.297119140625,-252.80165418538397,35.297119256523075,0.0,0,0.0,0.0,434,/yh/study/uav-sat/v36_GvsK/v36_training_data/routes/route_C/vi/vi_000434.jpg,-252.73838806152344,35.7112922668457,1245.6647571426772,-0.22340828474900107,3,3.1461856135517148,3.1461856135517148,1,3.1461856135517148,-7.897131782436156,5.188796772570987e-05,1245.6647571426772,-0.5204022005449012,-252.7832345456652,35.41770381530187,0.2969939157959029,9.123706837201011,1,0.0,0,0,0.24965806621674452,1.0,1261.889892578125,1.5482497215270996,0,0,6,18,1,-9.80490943754026,-245.2003631591797,43.91978454589844,-241.1181182861328,37.06919479370117,1,-241.1181182861328,37.06919479370117,1257.74951171875,-2.6002562046051025,0.9092907309532166,0.02283342182636261,4.0,4.0,0,1253.7515869140625,-2.962209701538086,8.538023714652617,20.561479568481445,8.210596084594727,0.24965806621674452,1253.7515869140625,-2.962209701538086,1248.6013168247732,-2.2823380098025297,5.150270089289235,-0.6798716917355558,0.0,1,3.192879963977609,3.19278621673584,-0.024467092007398605,3.028912305831909,-0.02151012420654297,0.7379562258720398,0.039433255791664124,-1.048762313563941,0.0,-9.733723391741387,-9.733723391741387,1.836591609305231,3.3972880840301514,-0.0639859139919281,0.009818592689393734,1.0,1245.6647571426772,-0.6423854737558026,3,3,4,10.751372230637969,0.9653424543075109,0.0,0.1172733077198056,-252.80165418538397,35.297119256523075,3.191556518612421,3.1461856135517148,0.04537090506070607,0,0.4189771890068045,nan
GT+smooth-jitter_controlled_forward3x6_SoftMS_local_prior_3frame_causal_heading_continuous_waypoint_RNN_polynomial_Kalman,1,controlled_gt_jitter,8.0,-244.4948360313952,37.04775592405143,5.710974515479781,1.6869542272740852,0,0,6,-250.306244923317,34.70330593929161,-250.205810546875,35.360801696777344,-1,-250.30624389648438,34.703304290771484,-250.306244923317,34.70330593929161,0.0,0,0.0,0.0,435,/yh/study/uav-sat/v36_GvsK/v36_training_data/routes/route_C/vi/vi_000435.jpg,-250.205810546875,35.360801696777344,1248.2212195493164,-0.1874573341277285,3,2.5567151791722322,2.5567151791722322,1,2.5567151791722322,-7.879276642822499,0.01785513961365688,1248.2212195493164,-0.6652262344040532,-250.27795429888502,34.888511107079474,0.47776890027632124,9.706675486542451,1,0.0,0,0,0.2153750518298522,1.0,1260.067138671875,-0.14442090690135956,1,1,6,18,1,-9.779994294830228,-245.2918701171875,29.645313262939453,-241.05235290527344,36.127960205078125,1,-241.05235290527344,36.127960205078125,1257.0235595703125,-1.9974472522735596,0.9390562176704407,0.01566862314939499,4.0,4.0,1,1253.025634765625,-2.353940486907959,5.270299310473688,20.635997772216797,8.224710464477539,0.2153750518298522,1253.025634765625,-2.353940486907959,1251.0635009418486,-2.353940486907959,1.9621338237765045,0.0,0.0,0,3.1027394828290467,3.1026554107666016,-0.02284076064825058,3.0522546768188477,-0.022211257368326187,0.7435102462768555,0.03939368203282356,-1.0608712784670216,0.0,-9.745832356644469,-9.745832356644469,1.8665557138219702,3.4233763217926025,-0.0659082904458046,0.011492773033145883,1.0,1248.2212195493164,-0.8525796800784836,3,3,4,8.194909823998785,0.973583329125029,0.0,0.4955394976466154,-250.306244923317,34.70330593929161,2.565089012282237,2.5567151791722322,0.008373833110004725,0,0.6651223459507515,nan
GT+smooth-jitter_controlled_forward3x6_SoftMS_local_prior_3frame_causal_heading_continuous_waypoint_RNN_polynomial_Kalman,1,controlled_gt_jitter,8.0,-242.2354924729106,36.92783311784447,5.653942341542514,1.887599505783926,0,0,6,-247.93756464716427,34.72515065005926,-247.88943481445312,35.04023361206055,-1,-247.93756103515625,34.72515106201172,-247.93756464716427,34.72515065005926,0.0,0,0.0,0.0,436,/yh/study/uav-sat/v36_GvsK/v36_training_data/routes/route_C/vi/vi_000436.jpg,-247.88943481445312,35.04023361206055,1250.5594409035891,-0.1545737650550338,3,2.3384525718286384,2.3384525718286384,1,2.3384525718286384,-7.879235169675072,4.1473147427915356e-05,1250.5594409035891,-0.8739626500341513,-247.99806351189815,34.32909355980439,0.7193888849791124,9.558716028469943,1,0.0,0,0,0.25084159988526256,1.0,1258.4193115234375,-1.6948343515396118,1,1,6,18,1,-9.768037621801298,-245.2003631591797,43.91978454589844,-241.53904724121094,31.982513427734375,1,-241.53904724121094,31.982513427734375,1256.4161376953125,1.2186998128890991,0.9009760022163391,0.0214775949716568,4.0,4.0,1,1252.418212890625,0.8749091625213623,2.1248219685330962,20.653568267822266,8.225635528564453,0.25084159988526256,1252.418212890625,0.8749091625213623,1252.418212890625,0.8749091625213623,0.0,0.0,0.0,0,2.9230657147857975,2.9229875028046357,-0.021382969955667634,3.0703930854797363,-0.021950222551822662,0.7464951872825623,0.03994663432240486,-1.0806565222235502,0.0,-9.765617600400997,-9.765617600400997,1.8863824307259267,3.442991018295288,-0.06692326813936234,0.012630531653771843,1.0,1250.5594409035891,-0.473311515784857,3,3,4,5.856688469726066,0.9811206938154572,0.0,0.7319405136510979,-247.93756464716427,34.72515065005926,2.368781003390456,2.3384525718286384,0.030328431561817748,0,0.31873775072982036,nan
GT+smooth-jitter_controlled_forward3x6_SoftMS_local_prior_3frame_causal_heading_continuous_waypoint_RNN_polynomial_Kalman,1,controlled_gt_jitter,8.0,-239.9899493060226,36.80673044085849,5.5894879498367835,2.086179903749112,0,0,6,-245.7988703318761,33.93781633740787,-245.57943725585938,34.720550537109375,-1,-245.7988739013672,33.93781661987305,-245.7988703318761,33.93781633740787,0.0,0,0.0,0.0,437,/yh/study/uav-sat/v36_GvsK/v36_training_data/routes/route_C/vi/vi_000437.jpg,-245.57943725585938,34.720550537109375,1252.8912235813348,-0.12177844703178901,3,2.332013290939681,2.332013290939681,1,2.332013290939681,-7.879178684234427,5.6485440644353896e-05,1252.8912235813348,-0.4943689330817024,-245.63569892465236,34.35223233918869,0.37259048604991707,9.498241752694495,1,0.0,0,0,0.446686309758462,1.0,1256.4161376953125,2.7845005989074707,1,1,6,18,1,-9.76719057162251,-240.43850708007812,48.64799880981445,-236.15908813476562,38.74872589111328,1,-236.15908813476562,38.74872589111328,1256.4161376953125,-7.345608711242676,0.826036274433136,0.0833287388086319,4.0,4.0,1,1252.4183349609375,-7.692525386810303,7.585501491230955,20.56085205078125,8.202213287353516,0.446686309758462,1252.4183349609375,-7.692525386810303,1252.4183349609375,-2.5814013441831647,0.0,-5.111124042627138,0.0,0,2.9150166136746014,2.9149405556847516,-0.021057417296845397,3.055222749710083,-0.020167695358395576,0.7374891042709351,0.040971539914608,-1.053006742524575,0.0,-9.737967820702023,-9.737967820702023,1.8587891364675961,3.4233951568603516,-0.0626055970788002,0.00839130476653769,1.0,1252.7925005483983,-0.9286721606027566,3,3,4,3.6236288249169206,0.9883190648711521,0.09872303293650475,0.7232094587704019,-245.7988703318761,33.93781633740787,2.279014851668196,2.332013290939681,0.0,0,0.8129106360680227,nan
GT+smooth-jitter_controlled_forward3x6_SoftMS_local_prior_3frame_causal_heading_continuous_waypoint_RNN_polynomial_Kalman,1,controlled_gt_jitter,8.0,-239.37360626273204,36.87735989690992,5.517690123986707,2.2824082672712507,0,0,6,-245.34080827516848,33.39182523779116,-244.89129638671875,34.59495162963867,-1,-245.34080505371094,33.39182662963867,-245.34080827516848,33.39182523779116,0.0,0,0.0,0.0,438,/yh/study/uav-sat/v36_GvsK/v36_training_data/routes/route_C/vi/vi_000438.jpg,-244.89129638671875,34.59495162963867,1253.5904395267883,-0.14202697693359395,3,0.699509071663441,0.699509071663441,1,0.699509071663441,-10.343720673376822,-2.4645419891423956,1253.5904395267883,-0.9346897453153604,-245.01098953994975,33.81137788489714,0.7926627683817661,9.315213928028069,1,0.0,0,0,0.44183242115739735,1.0,1256.4161376953125,2.9473888874053955,1,1,6,18,1,-9.756962576783828,-240.43850708007812,48.64799880981445,-235.61587524414062,37.49625778198242,1,-235.61587524414062,37.49625778198242,1256.4161376953125,-6.872897148132324,0.8928868174552917,0.09609430283308029,4.0,4.0,1,1252.4180908203125,-7.221692085266113,7.176075496796007,20.736846923828125,8.242435455322266,0.44183242115739735,1252.4180908203125,-7.221692085266113,1252.4180908203125,-3.0137132402250657,0.0,-4.207978845041048,0.0,0,0.8743863395793011,0.8743656326258,-0.006017584712603817,3.0830838680267334,-0.021598635241389275,0.74913489818573,0.04055462032556534,-1.062109463697498,0.0,-9.747070541874946,-9.747070541874946,0.5966501315018768,3.4570326805114746,-0.0654129758477211,0.011421054946392386,1.0,1253.3277556586058,-1.3992346916786433,3,3,4,3.0883737147093484,0.990044484477246,0.26268386818242107,2.3835747963632925,-245.34080827516848,33.39182523779116,0.7126900649341625,0.699509071663441,0.01318099327072153,0,1.28435744737112,nan
GT+smooth-jitter_controlled_forward3x6_SoftMS_local_prior_3frame_causal_heading_continuous_waypoint_RNN_polynomial_Kalman,1,controlled_gt_jitter,8.0,-238.69562284193526,36.93278007324652,5.438639243025665,2.476000593266054,0,0,6,-245.1599340756004,32.5432699850662,-244.13426208496094,34.45677947998047,-1,-245.15992736816406,32.543270111083984,-245.1599340756004,32.5432699850662,0.0,0,0.0,0.0,439,/yh/study/uav-sat/v36_GvsK/v36_training_data/routes/route_C/vi/vi_000439.jpg,-244.13426208496094,34.45677947998047,1254.3596575187626,-0.16430157686366847,3,0.7695404323225048,0.7695404323225048,1,0.7695404323225048,-10.343637857818551,8.28155582717394e-05,1254.289657966517,-1.4059201471563822,-244.39094507953016,33.23996788745299,1.24359021040304,8.342678326634232,1,0.0,0,0,0.5785093890464679,1.0,1256.4161376953125,3.1045498847961426,1,1,6,18,1,-9.753500417926574,-240.43850708007812,48.64799880981445,-236.63941955566406,39.03620910644531,1,-236.63941955566406,39.03620910644531,1256.4161376953125,-7.19701623916626,0.7530454993247986,0.16925053298473358,4.0,4.0,1,1252.418212890625,-7.541172504425049,7.628068689126004,20.67873764038086,8.22951889038086,0.5785093890464679,1252.418212890625,-7.541172504425049,1252.418212890625,-3.7104606390830543,0.0,-3.8307118653419945,0.0,0,0.9619255404031309,0.9619023079112092,-0.006685455477739009,3.0733816623687744,-0.02096492424607277,0.7399498224258423,0.040851738303899765,-1.0078296301982892,0.0,-9.692790708375737,-9.692790708375737,0.6508471494428137,3.442814350128174,-0.06110430136322975,0.02882658719251017,1.0,1253.6346888683854,-2.2107477832125575,3,3,4,2.781440504929776,0.991033897876232,0.72496865037715,2.3038412300462694,-245.1599340756004,32.5432699850662,0.8676182876106917,0.7695404323225048,0.09807785528818691,0,2.1710646281281845,nan
GT+smooth-jitter_controlled_forward3x6_SoftMS_local_prior_3frame_causal_heading_continuous_waypoint_RNN_polynomial_Kalman,1,controlled_gt_jitter,8.0,-238.03132139576508,36.986474033689944,5.352437149156807,2.6666765178208047,0,0,6,-244.9559296516523,31.836547124092547,-243.38375854492188,34.31979751586914,-1,-244.9559326171875,31.8365478515625,-244.9559296516523,31.836547124092547,0.0,0,0.0,0.0,440,/yh/study/uav-sat/v36_GvsK/v36_training_data/routes/route_C/vi/vi_000440.jpg,-243.38375854492188,34.31979751586914,1255.1222399140029,-0.18638579232153724,3,0.7629021051897562,0.7629021051897562,1,0.7629021051897562,-10.3437704001151,-0.00013254229654829537,1254.5882939348176,-2.217308027930572,-244.2182540745877,32.39278930448365,2.0999389123922962,7.7672360929895055,1,0.0,0,0,0.53267455864314,1.0,1256.4161376953125,3.2579386234283447,1,1,6,18,1,-9.73225201958378,-240.43850708007812,48.64799880981445,-236.12188720703125,38.203033447265625,1,-236.12188720703125,38.203033447265625,1256.4161376953125,-6.995452404022217,0.8363815546035767,0.14413698017597198,4.0,4.0,1,1252.41796875,-7.350937366485596,7.657929340710482,20.87356185913086,8.273136138916016,0.53267455864314,1252.41796875,-7.350937366485596,1252.41796875,-4.4462210496917525,0.0,-2.9047163167938423,0.0,0,0.9536276314871952,0.9536050664321775,-0.00656024471801448,3.110290765762329,-0.022497408092021942,0.760692834854126,0.040581684559583664,-1.0410828330593196,0.0,-9.726043911236767,-9.726043911236767,0.6177264888783318,3.490020990371704,-0.06562871485948563,0.033529405430589763,1.0,1253.9430701975682,-2.8785621009870654,3,3,4,2.4730591757469824,0.9920279793550972,1.1791697164346715,2.347388660572573,-244.9559296516523,31.836547124092547,0.7355780089244024,0.7629021051897562,0.0,0,2.9390907602686527,nan
GT+smooth-jitter_controlled_forward3x6_SoftMS_local_prior_3frame_causal_heading_continuous_waypoint_RNN_polynomial_Kalman,1,controlled_gt_jitter,8.0,-238.324695828168,37.18926950940625,5.2591969940976355,2.854159798712893,0,0,6,-245.08688510538587,31.62253551325756,-243.58389282226562,34.33510971069336,-1,-245.08688354492188,31.622535705566406,-245.08688510538587,31.62253551325756,0.0,0,0.0,0.0,441,/yh/study/uav-sat/v36_GvsK/v36_training_data/routes/route_C/vi/vi_000441.jpg,-243.58389282226562,34.33510971069336,1255.1222399140029,-0.20146972127998597,3,0.2007191876185231,0.2007191876185231,1,0.2007191876185231,175.62484613996645,-12.000000000000002,1254.1939629027988,-2.8803371775398174,-244.70818183266874,31.79690726254395,2.7760578968574983,7.224548725313436,1,0.0,0,0,0.5420705961025134,1.0,1256.4161376953125,3.414108991622925,1,1,6,18,1,-9.73007916565407,-240.43850708007812,48.64799880981445,-236.313232421875,38.56403350830078,1,-236.313232421875,38.56403350830078,1256.4161376953125,-7.106564044952393,0.8192978501319885,0.1407674252986908,4.0,4.0,1,1252.4180908203125,-7.4521050453186035,7.670835417069814,20.82066535949707,8.260276794433594,0.5420705961025134,1252.4180908203125,-7.4521050453186035,1252.4180908203125,-5.124753661108965,0.0,-2.327351384209639,0.0,1,0.2508989845231538,0.25089270523070545,-0.0017750765527518293,3.107769727706909,-0.02214467152953148,0.7554769515991211,0.0407571867108345,-1.0343291633523521,0.0,-9.7192902415298,-9.7192902415298,174.65586361850376,3.48490834236145,-0.06468433141708374,0.0330493579714846,1.0,1253.8459323808083,-3.109894210712197,3,3,4,2.570196992506851,0.9917148511096412,1.2763075331945402,2.907050540088386,-245.08688510538587,31.62253551325756,0.2508989845231604,0.2007191876185231,0.05017979690463731,0,3.1011360143846467,nan
GT+smooth-jitter_controlled_forward3x6_SoftMS_local_prior_3frame_causal_heading_continuous_waypoint_RNN_polynomial_Kalman,1,controlled_gt_jitter,8.0,-238.62493825896158,37.38859306723667,5.159043064280601,3.03817879111362,0,0,6,-244.96283318221703,31.48953575870699,-243.7839813232422,34.35041427612305,-1,-244.96282958984375,31.48953628540039,-244.96283318221703,31.48953575870699,0.0,0,0.0,0.0,442,/yh/study/uav-sat/v36_GvsK/v36_training_data/routes/route_C/vi/vi_000442.jpg,-243.7839813232422,34.35041427612305,1255.1222399140029,-0.2165542798573958,3,0.20067296266821658,0.20067296266821658,1,0.20067296266821658,175.62602105760104,0.00117491763456448,1254.0967672567715,-3.1116758647778022,-244.83919544578706,31.582897881914622,2.961861549200188,7.801453550837819,1,0.0,0,0,0.22896857428912076,1.0,1256.4161376953125,3.565809965133667,1,1,6,18,1,-9.726303031538405,-240.56053161621094,29.61536979675293,-236.51211547851562,37.45719909667969,1,-236.51211547851562,37.45719909667969,1256.4161376953125,-6.198019504547119,0.9076658487319946,0.014200150966644287,4.0,4.0,1,1252.4188232421875,-6.533977031707764,6.724163556614453,20.099790573120117,8.107234954833984,0.22896857428912076,1252.4188232421875,-6.533977031707764,1252.4188232421875,-4.839474012354851,0.0,-1.6945030193529123,0.0,0,0.2508412033352707,0.2508348759632064,-0.0017816540656050935,2.9698920249938965,-0.021301288157701492,0.7196527719497681,0.03821166604757309,-1.0385012349964662,0.0,-9.723462313173915,-9.723462313173915,174.65051662922508,3.329131603240967,-0.06254381686449051,0.005746423879873198,1.0,1253.9886450128295,-3.222636922290383,3,3,4,2.427484360485721,0.9921748918801647,1.13359490117341,2.76921906232568,-244.96283318221703,31.48953575870699,0.1818730720926062,0.20067296266821658,0.0,0,3.094239421379854,nan
GT+smooth-jitter_controlled_forward3x6_SoftMS_local_prior_3frame_causal_heading_continuous_waypoint_RNN_polynomial_Kalman,1,controlled_gt_jitter,8.0,-238.91375550364086,37.58279339256819,5.05211058522634,3.218466915517411,0,0,6,-244.88696885787277,31.35165333985816,-243.9658660888672,34.36432647705078,-1,-244.886962890625,31.351654052734375,-244.88696885787277,31.35165333985816,0.0,0,0.0,0.0,443,/yh/study/uav-sat/v36_GvsK/v36_training_data/routes/route_C/vi/vi_000443.jpg,-243.9658660888672,34.36432647705078,1255.1222399140029,-0.23026644873597799,3,0.18241605549160095,0.18241605549160095,1,0.18241605549160095,175.62601458901725,-6.468583766057179e-06,1254.216659269608,-3.224265031214489,-244.73767928491483,31.45349585634056,3.0114166951880863,8.400420238832085,1,0.0,0,0,0.2015850158369914,1.0,1256.4161376953125,3.7141716480255127,1,1,6,18,1,-9.725308812127345,-231.12838745117188,24.797319412231445,-235.77996826171875,36.564552307128906,1,-235.77996826171875,36.564552307128906,1256.4161376953125,-6.110508441925049,0.9593466520309448,0.014616504311561584,4.0,4.0,1,1252.418701171875,-6.454000473022461,6.575342322745479,20.187320709228516,8.1278076171875,0.2015850158369914,1252.418701171875,-6.454000473022461,1252.418701171875,-4.906880307345525,0.0,-1.5471201656769358,0.0,0,0.2280200693645012,0.2280142567786567,-0.0016281089241064414,2.9668898582458496,-0.02093854919075966,0.721026599407196,0.03837817907333374,-1.0226196577940114,0.0,-9.70758073597146,-9.70758073597146,174.6664046750113,3.3268418312072754,-0.06113378331065178,0.005854553932224429,1.0,1254.0844598753856,-3.347482704154097,3,3,4,2.3316694979295676,0.9924837555215514,1.0377800386172567,2.7844738027542486,-244.88696885787277,31.35165333985816,0.15737521131300738,0.18241605549160095,0.0,0,3.15033803624814,nan
GT+smooth-jitter_controlled_forward3x6_SoftMS_local_prior_3frame_causal_heading_continuous_waypoint_RNN_polynomial_Kalman,1,controlled_gt_jitter,8.0,-238.94432802970442,37.79040444385463,4.938545505451831,3.3947631169503283,0,0,6,-244.95577574781657,31.26470530036023,-243.88287353515625,34.3956413269043,-1,-244.95578002929688,31.264705657958984,-244.95577574781657,31.26470530036023,0.0,0,0.0,0.0,444,/yh/study/uav-sat/v36_GvsK/v36_training_data/routes/route_C/vi/vi_000444.jpg,-243.88287353515625,34.3956413269043,1255.1222399140029,-0.1867786806849147,3,0.08870391080900027,0.08870391080900027,1,0.08870391080900027,20.672554408048764,-12.000000000000002,1254.1953369730736,-3.3482693963297603,-244.7774819178573,31.334133076094815,3.1895386701172823,8.649955438381907,1,0.0,0,0,0.2991807589269057,1.0,1256.4161376953125,3.914785623550415,1,1,6,18,1,-9.719104012153212,-240.43850708007812,48.64799880981445,-236.22799682617188,37.24692153930664,1,-236.22799682617188,37.24692153930664,1256.4161376953125,-6.258115768432617,0.9204423427581787,0.04509585350751877,4.0,4.0,1,1252.4188232421875,-6.588657379150391,6.7688825336005936,20.2069149017334,8.128568649291992,0.2991807589269057,1252.4188232421875,-6.588657379150391,1252.4188232421875,-5.191917648559155,0.0,-1.3967397305912357,0.0,1,0.11087988851125032,0.11087709768788165,-0.0007866921756634035,2.9894790649414062,-0.020544027909636497,0.7254999876022339,0.03911954537034035,-1.055626973844921,0.0,-9.74058805202237,-9.74058805202237,30.41314246007114,3.35164213180542,-0.06274262070655823,0.01132217853915427,1.0,1254.0295712277311,-3.4438236924972667,3,3,4,2.386558145584047,0.9923068194269511,1.092668686271736,2.900775154132406,-244.95577574781657,31.26470530036023,0.11087988851127098,0.08870391080900027,0.022175977702270713,0,3.30966456914337,nan
GT+smooth-jitter_controlled_forward3x6_SoftMS_local_prior_3frame_causal_heading_continuous_waypoint_RNN_polynomial_Kalman,1,controlled_gt_jitter,8.0,-238.97304542229702,37.99691180183417,4.818504260320162,3.566812314529489,0,0,6,-245.03503977526285,31.17194866489452,-243.7915496826172,34.43009948730469,-1,-245.0350341796875,31.17194938659668,-245.03503977526285,31.17194866489452,0.0,0,0.0,0.0,445,/yh/study/uav-sat/v36_GvsK/v36_training_data/routes/route_C/vi/vi_000445.jpg,-243.7915496826172,34.43009948730469,1255.1222399140029,-0.13892560725888925,3,0.09760845691207028,0.09760845691207028,1,0.09760845691207028,20.672408807046338,-0.0001456010024287998,1254.1515788330871,-3.4446744011633865,-244.83529559405844,31.245441032392144,3.3513363009546318,8.432012293595362,1,0.0,0,0,0.37672227744595577,1.0,1256.4161376953125,4.114588737487793,1,1,6,18,1,-9.72662341009916,-240.43850708007812,48.64799880981445,-236.41326904296875,37.71125793457031,1,-236.41326904296875,37.71125793457031,1256.4161376953125,-6.445018291473389,0.8863869905471802,0.06865449249744415,4.0959296226501465,4.0,1,1252.418701171875,-6.778735637664795,7.021586179372996,20.32281494140625,8.133390426635742,0.37672227744595577,1252.418701171875,-6.778735637664795,1252.418701171875,-5.416266158949213,0.0,-1.3624694787155813,0.0,1,0.12201057114008784,0.1220076053559606,-0.0008507086661198656,2.9887914657592773,-0.020055174827575684,0.7200400829315186,0.03951156139373779,-1.0099862624287208,0.0,-9.694947340606168,-9.694947340606168,30.367356147652504,3.3482859134674072,-0.059327755123376846,0.017620294746108822,1.0,1253.9652224546312,-3.5474857148123506,3,3,4,2.450906918683984,0.9920993881803971,1.1570174593716729,2.8911830088472072,-245.03503977526285,31.17194866489452,0.12201057114005394,0.09760845691207028,0.024402114227983662,0,3.4873793014353867,nan
GT+smooth-jitter_controlled_forward3x6_SoftMS_local_prior_3frame_causal_heading_continuous_waypoint_RNN_polynomial_Kalman,1,controlled_gt_jitter,8.0,-239.00819438410952,38.19888152650122,4.692153516281096,3.7343658404660602,0,0,6,-245.1050006045166,31.072185284422638,-243.70034790039062,34.464515686035156,-1,-245.10499572753906,31.072185516357422,-245.1050006045166,31.072185284422638,0.0,0,0.0,0.0,446,/yh/study/uav-sat/v36_GvsK/v36_training_data/routes/route_C/vi/vi_000446.jpg,-243.70034790039062,34.464515686035156,1255.1222399140029,-0.0911324471343973,3,0.09747943278639064,0.09747943278639064,1,0.09747943278639064,20.67466224583281,0.002253438786473714,1254.0870689050585,-3.548317719232025,-244.91471610419282,31.152727221314514,3.52741165296347,8.609313516727074,1,0.0,0,0,0.31264738011721527,1.0,1256.4161376953125,4.308935165405273,1,1,6,18,1,-9.71553673241576,-240.43850708007812,48.64799880981445,-236.11093139648438,37.4952507019043,1,-236.11093139648438,37.4952507019043,1256.4161376953125,-6.514326572418213,0.9134941101074219,0.048953890800476074,4.0,4.0,1,1252.4183349609375,-6.855081081390381,7.166840538171276,20.501266479492188,8.192977905273438,0.31264738011721527,1252.4183349609375,-6.855081081390381,1252.4183349609375,-5.41418589642543,0.0,-1.4408951849649507,0.0,1,0.12184929098298829,0.12184645042717737,-0.0008320044196743578,3.043147325515747,-0.02202775701880455,0.742831289768219,0.0393432155251503,-1.0474999025062524,0.0,-9.7324609806837,-9.7324609806837,30.40712322651651,3.4139490127563477,-0.0647784173488617,0.011568330069160668,1.0,1253.9111282331182,-3.6566693441345155,3,3,4,2.5050011401969527,0.9919250129552103,1.2111116808846418,2.9456678927293565,-245.1050006045166,31.072185284422638,0.12184929098295529,0.09747943278639064,0.024369858196564648,0,3.671641972321503,nan
GT+smooth-jitter_controlled_forward3x6_SoftMS_local_prior_3frame_causal_heading_continuous_waypoint_RNN_polynomial_Kalman,1,controlled_gt_jitter,8.0,-238.82060964502003,38.28746735956718,4.55966989599561,3.8971818676238192,0,0,6,-245.21278387911758,30.675876443274205,-243.38027954101562,34.39028549194336,-1,-245.21278381347656,30.67587661743164,-245.21278387911758,30.675876443274205,0.0,0,0.0,0.0,447,/yh/study/uav-sat/v36_GvsK/v36_training_data/routes/route_C/vi/vi_000447.jpg,-243.38027954101562,34.39028549194336,1255.1222399140029,-0.11618072840390346,3,0.328563352168056,0.328563352168056,1,0.328563352168056,-13.057191293735013,-12.000000000000002,1254.3218222007451,-3.6595670692822875,-244.6994533969036,31.00730543968296,3.631084369172678,8.349082022520504,1,0.0,0,0,0.3595261352098361,1.0,1256.4161376953125,4.424830436706543,1,1,6,18,1,-9.721460213973455,-240.43850708007812,48.64799880981445,-236.5468292236328,37.473236083984375,1,-236.5468292236328,37.473236083984375,1256.4161376953125,-6.1840057373046875,0.886090874671936,0.06167668104171753,4.0,4.0,1,1252.418212890625,-6.525417804718018,6.953500608859414,20.584810256958008,8.210505485534668,0.3595261352098361,1252.418212890625,-6.525417804718018,1252.418212890625,-5.6027851923785175,0.0,-0.9226326123395006,0.0,1,0.41070419021007,0.41069396762684174,-0.002897725147771977,3.062964916229248,-0.022511018440127373,0.7493472099304199,0.03944852203130722,-1.0616068044632674,0.0,-9.746567882640717,-9.746567882640717,3.310623411094296,3.4369966983795166,-0.06647703796625137,0.019613074369624048,1.0,1253.864424022039,-4.064709352618467,3,3,4,2.551705351276212,0.9917744597704831,1.2578158919639009,2.734401564061192,-245.21278387911758,30.675876443274205,0.4107041902100899,0.328563352168056,0.08214083804203393,0,4.1418482263354095,nan
GT+smooth-jitter_controlled_forward3x6_SoftMS_local_prior_3frame_causal_heading_continuous_waypoint_RNN_polynomial_Kalman,1,controlled_gt_jitter,8.0,-238.63915460223205,38.37112308429314,4.421239684877317,4.055025824771656,0,0,6,-245.11989409692433,30.395514500783396,-243.06039428710938,34.316097259521484,-1,-245.11988830566406,30.39551544189453,-245.11989409692433,30.395514500783396,0.0,0,0.0,0.0,448,/yh/study/uav-sat/v36_GvsK/v36_training_data/routes/route_C/vi/vi_000448.jpg,-243.06039428710938,34.316097259521484,1255.4424550772278,-0.14121517832881822,3,0.328375500755687,0.328375500755687,1,0.328375500755687,-13.057276978998578,-8.568526356443032e-05,1254.274882704943,-4.067672158231676,-244.8074790855869,30.610967792622958,4.0963751853987915,8.591524354155478,1,0.0,0,0,0.24496175292495642,1.0,1256.4161376953125,4.534926891326904,1,1,6,18,1,-9.73024789267091,-240.56053161621094,29.61536979675293,-236.03396606445312,36.40507888793945,1,-236.03396606445312,36.40507888793945,1256.4161376953125,-5.816704750061035,0.9419564604759216,0.028141357004642487,4.0,4.0,1,1252.418212890625,-6.156142234802246,6.732413259591588,20.678943634033203,8.229318618774414,0.24496175292495642,1252.418212890625,-6.156142234802246,1252.418212890625,-5.821859050557854,0.0,-0.3342831842443921,0.0,0,0.41046937594460875,0.41045868290396165,-0.002962805613208303,3.088449001312256,-0.02283947728574276,0.7568795084953308,0.039777662605047226,-1.091260390909995,0.0,-9.776221469087442,-9.776221469087442,3.281055509911135,3.4662036895751953,-0.06897678226232529,0.011199297799504088,1.0,1253.9985837223126,-4.327830057344712,3,3,4,2.4175456510026265,0.9922069297699007,1.4438713549152453,2.760073500556569,-245.11989409692433,30.395514500783396,0.2953495055576195,0.328375500755687,0.0,0,4.428601205204887,nan
GT+smooth-jitter_controlled_forward3x6_SoftMS_local_prior_3frame_causal_heading_continuous_waypoint_RNN_polynomial_Kalman,1,controlled_gt_jitter,8.0,-238.46331318447642,38.44954549351644,4.277058519625131,4.207670798692217,0,0,6,-245.00139817549726,30.15935315190756,-242.74037170410156,34.24187469482422,-1,-245.00140380859375,30.159353256225586,-245.00139817549726,30.15935315190756,0.0,0,0.0,0.0,449,/yh/study/uav-sat/v36_GvsK/v36_training_data/routes/route_C/vi/vi_000449.jpg,-242.74037170410156,34.24187469482422,1255.7700158469975,-0.1662628299793633,3,0.328517035700178,0.328517035700178,1,0.328517035700178,-13.057698788003615,-0.00042180900503759375,1254.4092190271213,-4.330834343300342,-244.7144209703021,30.330538175274576,4.381258252437254,8.937779114518971,1,0.0,0,0,0.18013302404049786,1.0,1256.4161376953125,4.639002799987793,1,1,6,18,1,-9.746338644416696,-231.12838745117188,24.797319412231445,-235.99191284179688,36.660404205322266,1,-235.99191284179688,36.660404205322266,1256.4161376953125,-6.023523330688477,0.9468463063240051,0.003285631537437439,4.0,4.0,1,1252.418212890625,-6.363038539886475,7.045183621257987,20.71662139892578,8.236856460571289,0.18013302404049786,1252.418212890625,-6.363038539886475,1252.418212890625,-5.978053832967164,0.0,-0.38498470691931086,0.0,0,0.4106462946252225,0.41063530480868526,-0.003004285955630954,3.0974538326263428,-0.022847790271043777,0.7586076259613037,0.03997955098748207,-1.0978978406793665,0.0,-9.782858918856814,-9.782858918856814,3.274839869146801,3.476064443588257,-0.06947480142116547,0.009425096253255515,1.0,1254.151381600854,-4.543390430351816,3,3,4,2.2647477724612486,0.9926994807990773,1.6186342461435288,2.7689367969261647,-245.00139817549726,30.15935315190756,0.26422238000915893,0.328517035700178,0.0,0,4.6668214935575465,nan
GT+smooth-jitter_controlled_forward3x6_SoftMS_local_prior_3frame_causal_heading_continuous_waypoint_RNN_polynomial_Kalman,1,controlled_gt_jitter,8.0,-238.3202550002114,38.53739685422324,4.127331059358918,4.354897922338474,0,0,6,-245.02733463079156,29.862659875843942,-242.4475860595703,34.182498931884766,-1,-245.02732849121094,29.862659454345703,-245.02733463079156,29.862659875843942,0.0,0,0.0,0.0,450,/yh/study/uav-sat/v36_GvsK/v36_training_data/routes/route_C/vi/vi_000450.jpg,-242.4475860595703,34.182498931884766,1256.0684101019294,-0.18074673455589058,3,0.29874556878424424,0.29874556878424424,1,0.29874556878424424,-11.463887832330064,1.5938109556735514,1254.5248034770275,-4.546134856826721,-244.632672532662,30.100252984417118,4.630262937512767,9.080567615138287,1,0.0,0,0,0.24677963871125136,1.0,1256.4161376953125,4.747448444366455,1,1,6,18,1,-9.75912070311814,-231.12838745117188,24.797319412231445,-235.6351318359375,36.693946838378906,1,-235.6351318359375,36.693946838378906,1256.4161376953125,-6.3046159744262695,0.9489957690238953,0.03041715919971466,4.0,4.0,1,1252.4180908203125,-6.6451029777526855,7.423795019846794,20.7563533782959,8.24500846862793,0.24677963871125136,1252.4180908203125,-6.6451029777526855,1252.4180908203125,-6.303321260700286,0.0,-0.34178171705239957,0.0,0,0.3734319609803053,0.3734218761734777,-0.0027444264749048293,3.106020450592041,-0.022906826809048653,0.7622370719909668,0.04017293080687523,-1.1052978170365464,0.0,-9.790258895213995,-9.790258895213995,1.67362893711607,3.486435651779175,-0.07008636742830276,0.012770767271536988,1.0,1254.1705436316192,-4.840598129363037,3,3,4,2.2455857416959475,0.9927612504915931,1.8978664703101913,2.8072748818077966,-245.02733463079156,29.862659875843942,0.2978247803232552,0.29874556878424424,0.0,0,5.031511915996396,nan
GT+smooth-jitter_controlled_forward3x6_SoftMS_local_prior_3frame_causal_heading_continuous_waypoint_RNN_polynomial_Kalman,1,controlled_gt_jitter,8.0,-238.1826823629203,38.61965043478067,3.9722706400093943,4.496496748257233,0,0,6,-245.14345866999165,29.507946750561402,-242.1549530029297,34.12315368652344,-1,-245.14346313476562,29.507946014404297,-245.14345866999165,29.507946750561402,0.0,0,0.0,0.0,451,/yh/study/uav-sat/v36_GvsK/v36_training_data/routes/route_C/vi/vi_000451.jpg,-242.1549530029297,34.12315368652344,1256.3666489104157,-0.19522351246086259,3,0.29858995961993007,0.29858995961993007,1,0.29858995961993007,-11.463968065846224,-8.023351616076956e-05,1254.5437709628475,-4.843346392824845,-244.65880188155307,29.803585291913826,4.992787830730828,9.010673434489872,1,0.0,0,0,0.2758041261978486,1.0,1256.4161376953125,4.849532604217529,1,1,6,18,1,-9.770019016990837,-240.43850708007812,48.64799880981445,-236.02578735351562,37.65373992919922,1,-236.02578735351562,37.65373992919922,1256.4161376953125,-6.685385704040527,0.9155396819114685,0.03477858006954193,4.314189434051514,4.0,1,1252.4180908203125,-7.022931098937988,7.88724932263187,21.095109939575195,8.249862670898438,0.2758041261978486,1252.4180908203125,-7.022931098937988,1252.4180908203125,-6.648423201051295,0.0,-0.37450789788669314,0.0,1,0.3732374495249125,0.3732273312283093,-0.002748263461807948,3.1135413646698,-0.022854715585708618,0.7621303796768188,0.04035938158631325,-1.1100523757508158,0.0,-9.795013453928263,-9.795013453928263,1.6689546119179612,3.493898868560791,-0.07037503272294998,0.015592746931206877,1.0,1254.109313285337,-5.208778843716762,3,3,4,2.3068160879781203,0.9925638716381298,2.2573356250786674,2.81495140504987,-245.14345866999165,29.507946750561402,0.3732374495248977,0.29858995961993007,0.07464748990496761,0,5.498299844844179,nan
GT+smooth-jitter_controlled_forward3x6_SoftMS_local_prior_3frame_causal_heading_continuous_waypoint_RNN_polynomial_Kalman,1,controlled_gt_jitter,8.0,-238.0500074105947,38.69602827132714,3.8120989126474902,4.632265606532217,0,0,6,-244.92842289788152,29.637899846478,-241.8621063232422,34.06376266479492,-1,-244.9284210205078,29.63789939880371,-244.92842289788152,29.637899846478,0.0,0,0.0,0.0,452,/yh/study/uav-sat/v36_GvsK/v36_training_data/routes/route_C/vi/vi_000452.jpg,-241.8621063232422,34.06376266479492,1256.4161293733152,0.01418914278179659,4,0.29880841900112226,0.29880841900112226,1,0.29880841900112226,-11.464429255457684,-0.0004611896114600127,1254.4828137183663,-5.211524363714996,-244.7746555361921,29.44883363989469,5.457152446351653,9.56851451902023,1,0.0,0,0,0.3201653035319224,1.0,1256.8055419921875,-5.94225549697876,1,1,6,18,1,-9.778767101935447,-240.56053161621094,29.61536979675293,-241.228759765625,28.808502197265625,1,-241.228759765625,28.808502197265625,1256.4161376953125,3.1874921321868896,0.8928623199462891,0.04742206633090973,4.0,4.0,1,1252.4180908203125,2.85176420211792,5.2354350992912195,20.825254440307617,8.258676528930664,0.3201653035319224,1252.4180908203125,2.85176420211792,1252.4180908203125,-3.3332516128873237,0.0,6.1850158150052446,0.0,0,0.3735105237514028,0.3735004330291821,-0.0027455199982340675,3.122736930847168,-0.023257452994585037,0.7648682594299316,0.04026100039482117,-1.1277417119275026,0.0,-9.81270279010495,-9.81270279010495,1.6517264653527346,3.5044305324554443,-0.07211349159479141,0.006791584814020818,1.0,1254.302260267943,-5.047845154488618,3,3,4,2.1138691053722027,0.993185845161364,2.1138691053722596,2.8239285118460455,-244.92842289788152,29.637899846478,0.25125323963146634,0.29880841900112226,0.0,0,5.38428816302286,nan
GT+smooth-jitter_controlled_forward3x6_SoftMS_local_prior_3frame_causal_heading_continuous_waypoint_RNN_polynomial_Kalman,1,controlled_gt_jitter,8.0,-238.1543308762989,38.83274406322995,3.6470454664745295,4.762011946530736,0,0,6,-244.95876584694443,29.70802762350157,-241.80137634277344,34.07073211669922,-1,-244.95877075195312,29.708026885986328,-244.95876584694443,29.70802762350157,0.0,0,0.0,0.0,453,/yh/study/uav-sat/v36_GvsK/v36_training_data/routes/route_C/vi/vi_000453.jpg,-241.80137634277344,34.07073211669922,1256.4161293733152,-0.03452800773699884,4,0.06112858404691756,0.06112858404691756,1,0.06112858404691756,6.546698412918914,12.000000000000002,1254.378668903552,-5.048410903974139,-244.8529758265918,29.6258027765063,5.391628348555597,10.097029705648357,1,0.0,0,0,0.31943494174245746,1.0,1256.9764404296875,-5.961304664611816,1,1,6,18,1,-9.790644587458688,-240.56053161621094,29.61536979675293,-241.4044647216797,28.691741943359375,1,-241.4044647216797,28.691741943359375,1256.4161376953125,3.3951849937438965,0.8889120221138,0.046260856091976166,4.0,4.0,1,1252.41796875,3.0466437339782715,5.38907973752898,20.89862060546875,8.276773452758789,0.31943494174245746,1252.41796875,3.0466437339782715,1252.41796875,-3.171343250099084,0.0,6.217986984077355,0.0,1,0.07641073005864693,0.07640863560890905,-0.0005657494855203058,3.130406379699707,-0.023480737581849098,0.7697246074676514,0.04034009575843811,-1.108956450554146,0.0,-9.793917528731594,-9.793917528731594,16.34061594165051,3.5145463943481445,-0.07134363800287247,0.00630132126367403,1.0,1254.2616758551662,-4.983103320195261,3,3,4,2.154453518148955,0.9930550194295374,2.154453518149012,3.0692777956527895,-244.95876584694443,29.70802762350157,0.07641073005869235,0.06112858404691756,0.015282146011774793,0,5.385378257468651,nan
GT+smooth-jitter_controlled_forward3x6_SoftMS_local_prior_3frame_causal_heading_continuous_waypoint_RNN_polynomial_Kalman,1,controlled_gt_jitter,8.0,-238.25742429129002,38.96392561709641,3.4773474372256152,4.885552661774141,0,0,6,-244.9913330174169,29.785242420052,-241.73477172851562,34.078372955322266,-1,-244.9913330078125,29.785242080688477,-244.9913330174169,29.785242420052,0.0,0,0.0,0.0,454,/yh/study/uav-sat/v36_GvsK/v36_training_data/routes/route_C/vi/vi_000454.jpg,-241.73477172851562,34.078372955322266,1256.4161293733152,-0.08795581645682526,4,0.06704145773545982,0.06704145773545982,1,0.06704145773545982,6.544326200615671,-0.0023722123032441705,1254.345475347138,-4.983728255519227,-244.87602160327802,29.694756017006448,5.392916487169452,10.577475029245822,1,0.0,0,0,0.3118942322171107,1.0,1257.142578125,-5.977419376373291,1,1,6,18,1,-9.791790138248546,-240.56053161621094,29.61536979675293,-241.27720642089844,29.121837615966797,1,-241.27720642089844,29.121837615966797,1256.4161376953125,3.0060136318206787,0.8835148811340332,0.04205720126628876,4.0,4.0,1,1252.4180908203125,2.6689281463623047,5.215048667602942,20.886463165283203,8.271471977233887,0.3118942322171107,1252.4180908203125,2.6689281463623047,1252.4180908203125,-3.1191027723609945,0.0,5.788030918723299,0.0,1,0.08380182216932476,0.08379949197184904,-0.0006249353239663762,3.138866901397705,-0.023350823670625687,0.7693772912025452,0.04055779427289963,-1.142180945276321,0.0,-9.827142023453769,-9.827142023453769,16.37146822406944,3.522794246673584,-0.07330810278654099,0.006096356476514343,1.0,1254.2178225753296,-4.911691589740991,3,3,4,2.1983067979855946,0.9929136563535411,2.1983067979856514,3.071825443662245,-244.9913330174169,29.785242420052,0.08380182216937408,0.06704145773545982,0.016760364433914265,0,5.388521246245609,nan
GT+smooth-jitter_controlled_forward3x6_SoftMS_local_prior_3frame_causal_heading_continuous_waypoint_RNN_polynomial_Kalman,1,controlled_gt_jitter,8.0,-238.36481120096227,39.08874345002093,3.3032491017721015,5.002714397286557,0,0,6,-245.01587112735854,29.865512219985426,-241.66806030273438,34.086029052734375,-1,-245.015869140625,29.86551284790039,-245.01587112735854,29.865512219985426,0.0,0,0.0,0.0,455,/yh/study/uav-sat/v36_GvsK/v36_training_data/routes/route_C/vi/vi_000455.jpg,-241.66806030273438,34.086029052734375,1256.4161293733152,-0.14147138213457996,4,0.06714931241160206,0.06714931241160206,1,0.06714931241160206,6.546873910293909,0.002547709678239132,1254.301756888192,-4.912316685896061,-244.9084555230619,29.771950296432596,5.395501524371548,11.205503490593463,1,0.0,0,0,0.2697875278032199,1.0,1257.3070068359375,-5.986032962799072,1,1,6,18,1,-9.804163346095143,-240.56053161621094,29.61536979675293,-241.270263671875,28.469276428222656,1,-241.270263671875,28.469276428222656,1256.4161376953125,3.4518849849700928,0.894216775894165,0.027568936347961426,4.0,4.0,1,1252.4180908203125,3.118155002593994,5.514457948965128,20.91431999206543,8.276520729064941,0.2697875278032199,1252.4180908203125,3.118155002593994,1252.4180908203125,-3.1171672650207487,0.0,6.235322267614744,0.0,1,0.08393664051450257,0.08393431286224813,-0.000625096155069898,3.1509902477264404,-0.023755354806780815,0.7743030786514282,0.04054449126124382,-1.1712829939475702,0.0,-9.856244072125017,-9.856244072125017,16.403117982418934,3.5373311042785645,-0.07580666989088058,0.004047072893190072,1.0,1254.181444981592,-4.836047486899309,3,3,4,2.234684391723192,0.9927963914974747,2.234684391723249,3.0838409353148384,-245.01587112735854,29.865512219985426,0.08393664051449601,0.06714931241160206,0.016787328102893948,0,5.387077097368102,nan
GT+smooth-jitter_controlled_forward3x6_SoftMS_local_prior_3frame_causal_heading_continuous_waypoint_RNN_polynomial_Kalman,1,controlled_gt_jitter,8.0,-238.66604468284214,39.251822608347254,3.125001459735985,5.113333838816008,0,0,6,-245.00230625838225,30.029279962998867,-241.79104614257812,34.13848876953125,-1,-245.00230407714844,30.029279708862305,-245.00230625838225,30.029279962998867,0.0,0,0.0,0.0,456,/yh/study/uav-sat/v36_GvsK/v36_training_data/routes/route_C/vi/vi_000456.jpg,-241.79104614257812,34.13848876953125,1256.4161293733152,-0.08881247844642784,4,0.1337069133907475,0.1337069133907475,1,0.1337069133907475,156.89928631841457,12.000000000000002,1254.3485739254716,-4.837300610384137,-244.85084778158415,29.83903676814403,5.277089499174382,11.771996771137415,1,0.0,0,0,0.26869363057974727,1.0,1257.633056640625,-5.88095235824585,1,1,6,18,1,-9.822391626886025,-240.56053161621094,29.61536979675293,-241.21572875976562,28.67679214477539,1,-241.21572875976562,28.67679214477539,1256.4161376953125,3.269077777862549,0.8929138779640198,0.02684473991394043,4.0,4.0,1,1252.41796875,2.9272913932800293,5.27822541982208,20.967288970947266,8.288854598999023,0.26869363057974727,1252.41796875,2.9272913932800293,1252.41796875,-3.0439561199275538,0.0,5.971247513207583,0.0,0,0.16713364173843437,0.16712894387951807,-0.0012531234848278843,3.1518595218658447,-0.023776842281222343,0.7732243537902832,0.040549542754888535,-1.1536581176811753,0.0,-9.838619195858623,-9.838619195858623,166.7379055142732,3.5376837253570557,-0.07474415004253387,0.004203750412977241,1.0,1254.1701251584136,-4.6721092640064485,3,3,4,2.246004214901575,0.9927599015238583,2.2460042149016317,3.018152608475097,-245.00230625838225,30.029279962998867,0.16432857122868297,0.1337069133907475,0.030621657837935468,0,5.21514990647801,nan
GT+smooth-jitter_controlled_forward3x6_SoftMS_local_prior_3frame_causal_heading_continuous_waypoint_RNN_polynomial_Kalman,1,controlled_gt_jitter,8.0,-238.96009229860408,39.40347243038109,2.9428618029584053,5.217257983359607,0,0,6,-245.01445311742933,30.18086895304336,-241.9029541015625,34.186214447021484,-1,-245.0144500732422,30.18086814880371,-245.01445311742933,30.18086895304336,0.0,0,0.0,0.0,457,/yh/study/uav-sat/v36_GvsK/v36_training_data/routes/route_C/vi/vi_000457.jpg,-241.9029541015625,34.186214447021484,1256.4161293733152,-0.040890743615836805,4,0.12165990126557896,0.12165990126557896,1,0.12165990126557896,156.90308087425302,0.0037945558384326243,1254.3221957316027,-4.673253317047121,-244.85215214754155,30.005186165351574,5.1165189930782295,12.266564478391723,1,0.0,0,0,0.2713339963889495,1.0,1257.94580078125,-5.773169040679932,1,1,6,18,1,-9.828071249346008,-240.56053161621094,29.61536979675293,-241.09471130371094,28.298608779907227,1,-241.09471130371094,28.298608779907227,1256.4161376953125,3.4429023265838623,0.9094880819320679,0.03154721111059189,4.0,4.0,1,1252.41796875,3.102447986602783,5.269173810433652,21.021804809570312,8.300378799438477,0.2713339963889495,1252.41796875,3.102447986602783,1252.41796875,-2.875552223005354,0.0,5.978000209608137,0.0,1,0.15207487658197372,0.1520705731891041,-0.0011440530406726,3.165544033050537,-0.02430080436170101,0.7789018154144287,0.040481165051460266,-1.1751604069620218,0.0,-9.86012148513947,-9.86012148513947,166.76320235939247,3.554164171218872,-0.07696869224309921,0.004191497462463333,1.0,1254.1352274375324,-4.524092652895678,3,3,4,2.280901935782765,0.9926474071063962,2.280901935782822,3.0438841317849583,-245.01445311742933,30.18086895304336,0.15207487658196017,0.12165990126557896,0.03041497531638121,0,5.071904834662329,nan
GT+smooth-jitter_controlled_forward3x6_SoftMS_local_prior_3frame_causal_heading_continuous_waypoint_RNN_polynomial_Kalman,1,controlled_gt_jitter,8.0,-239.20369163842133,39.541357024743505,2.7570932736880334,5.3143443904661645,0,0,6,-245.0488711613443,30.26236616938614,-241.96078491210938,34.227012634277344,-1,-245.0488739013672,30.262365341186523,-245.0488711613443,30.26236616938614,0.0,0,0.0,0.0,458,/yh/study/uav-sat/v36_GvsK/v36_training_data/routes/route_C/vi/vi_000458.jpg,-241.96078491210938,34.227012634277344,1256.4161293733152,-0.02727468098698885,4,0.0707735454239274,0.0707735454239274,1,0.0707735454239274,144.79799024866617,-12.000000000000002,1254.2236918092476,-4.524765672644329,-244.92710474441753,30.16684541031203,5.0283209159824835,12.556288534699691,1,0.0,0,0,0.2945554407275096,1.0,1258.2138671875,-5.692343711853027,1,1,6,18,1,-9.839288874562401,-240.56053161621094,29.61536979675293,-241.14572143554688,28.144258499145508,1,-241.14572143554688,28.144258499145508,1256.4161376953125,3.5864264965057373,0.9149714112281799,0.042042121291160583,4.0,4.0,1,1252.4178466796875,3.2403578758239746,5.284870861425682,21.043846130371094,8.305806159973145,0.2945554407275096,1252.4178466796875,3.2403578758239746,1252.4178466796875,-2.688749195443938,0.0,5.929107071267913,0.0,1,0.08846693177990925,0.08846437171522241,-0.0006730197486508927,3.1665494441986084,-0.024230368435382843,0.7787661552429199,0.040573861449956894,-1.1614442131698726,0.0,-9.846405291347319,-9.846405291347319,154.64439554001348,3.555122137069702,-0.07602009177207947,0.004739143810869695,1.0,1254.0888978559933,-4.448727091178368,3,3,4,2.327231517321877,0.9924980615573201,2.327231517321934,3.095775898774681,-245.0488711613443,30.26236616938614,0.08846693177993105,0.0707735454239274,0.01769338635600365,0,5.02540528458035,nan
GT+smooth-jitter_controlled_forward3x6_SoftMS_local_prior_3frame_causal_heading_continuous_waypoint_RNN_polynomial_Kalman,1,controlled_gt_jitter,8.0,-239.45075812179843,39.67233327051883,2.5679644123812677,5.404461413829373,0,0,6,-245.08438458154717,30.343559170335226,-242.0187225341797,34.26787185668945,-1,-245.08438110351562,30.34355926513672,-245.08438458154717,30.343559170335226,0.0,0,0.0,0.0,459,/yh/study/uav-sat/v36_GvsK/v36_training_data/routes/route_C/vi/vi_000459.jpg,-242.0187225341797,34.26787185668945,1256.4161293733152,-0.013623577075224266,4,0.07089600910689249,0.07089600910689249,1,0.07089600910689249,144.80744526571155,0.009455017045388538,1254.1775152864561,-4.4494034311724615,-244.9613719859861,30.24831623240227,4.981567345018559,12.659826520876402,1,0.0,0,0,0.31262150797609245,1.0,1258.479248046875,-5.604238510131836,1,1,6,18,1,-9.841779652453635,-240.56053161621094,29.61536979675293,-241.0730438232422,28.02793312072754,1,-241.0730438232422,28.02793312072754,1256.4161376953125,3.6142635345458984,0.9218298196792603,0.05077739804983139,4.0,4.0,1,1252.41796875,3.276221513748169,5.238071296761609,21.039382934570312,8.303181648254395,0.31262150797609245,1252.41796875,3.276221513748169,1252.41796875,-2.583577943011909,0.0,5.8597994567600775,0.0,1,0.08862001138361561,0.08861743046288664,-0.0006763399940939856,3.170722484588623,-0.024245576933026314,0.7775057554244995,0.04061266779899597,-1.1800452728790503,0.0,-9.865006351056499,-9.865006351056499,154.67245161676806,3.5586395263671875,-0.07724302262067795,0.005271569303928579,1.0,1254.0415313951748,-4.373827659891109,3,3,4,2.3745979781403435,0.992345373579926,2.3745979781404003,3.0998264754817306,-245.08438458154717,30.343559170335226,0.08862001138357019,0.07089600910689249,0.017724002276677697,0,4.979810623803893,nan
GT+smooth-jitter_controlled_forward3x6_SoftMS_local_prior_3frame_causal_heading_continuous_waypoint_RNN_polynomial_Kalman,1,controlled_gt_jitter,8.0,-239.70080464870136,39.796154641977,2.3757486960251946,5.487488412728949,0,0,6,-245.11841692006314,30.425215227208692,-242.07655334472656,34.30866622924805,-1,-245.11842346191406,30.425214767456055,-245.11841692006314,30.425215227208692,0.0,0,0.0,0.0,460,/yh/study/uav-sat/v36_GvsK/v36_training_data/routes/route_C/vi/vi_000460.jpg,-242.07655334472656,34.30866622924805,1256.4161293733152,-4.878662625718752e-06,4,0.07077134646845357,0.07077134646845357,1,0.07077134646845357,144.80051380834257,-0.006931457368980843,1254.1299929964578,-4.374503520429417,-244.9970393761637,30.329533237727027,4.935862439739435,12.746064725701432,1,0.0,0,0,0.30692408475641164,1.0,1258.741455078125,-5.509035587310791,1,1,6,18,1,-9.849908964948126,-240.56053161621094,29.61536979675293,-241.1794891357422,28.26413345336914,1,-241.1794891357422,28.26413345336914,1256.4161376953125,3.5280089378356934,0.9152126908302307,0.04704266041517258,4.0,4.0,1,1252.4178466796875,3.1861674785614014,5.112532282225856,21.06399154663086,8.30935001373291,0.30692408475641164,1252.4178466796875,3.1861674785614014,1252.4178466796875,-2.5180787805813374,0.0,5.704246259142739,0.0,1,0.08846418308556696,0.08846160128287002,-0.0006758605383072295,3.1743392944335938,-0.024347612634301186,0.7804640531539917,0.040654268115758896,-1.1779990976141026,0.0,-9.86296017579155,-9.86296017579155,154.66347398413413,3.563735246658325,-0.07730191200971603,0.005014994868131417,1.0,1253.9955591112296,-4.298246836940802,3,3,4,2.4205702620856187,0.9921971797961705,2.4205702620856755,3.10356794796514,-245.11841692006314,30.425215227208692,0.08846418308552012,0.07077134646845357,0.017692836617066554,0,4.93296317604337,nan
GT+smooth-jitter_controlled_forward3x6_SoftMS_local_prior_3frame_causal_heading_continuous_waypoint_RNN_polynomial_Kalman,1,controlled_gt_jitter,8.0,-239.84874065376457,40.432807520068096,2.1807240679151123,5.563315942919655,0,0,6,-244.88541337392508,30.857548874267604,-242.0294647216797,34.86949157714844,-1,-244.88540649414062,30.8575496673584,-244.88541337392508,30.857548874267604,0.0,0,0.0,0.0,461,/yh/study/uav-sat/v36_GvsK/v36_training_data/routes/route_C/vi/vi_000461.jpg,-242.0294647216797,34.86949157714844,1256.7890068932788,-0.4215501636864596,4,0.5627987289147381,0.5627987289147381,1,0.5627987289147381,85.20052724659455,-12.000000000000002,1254.6990369021655,-4.30363312889774,-244.42381885556514,30.313664596207495,5.146697115502702,12.148201018852108,1,0.0,0,0,0.3858905980325118,1.0,1259.303955078125,-5.841991424560547,1,1,6,18,1,-9.854476867398985,-240.56053161621094,29.61536979675293,-241.0381622314453,28.242399215698242,1,-241.0381622314453,28.242399215698242,1256.4161376953125,3.440861225128174,0.9249675869941711,0.08077534288167953,4.0,4.0,1,1252.4178466796875,3.095519542694092,4.7014937855971235,21.06938934326172,8.310911178588867,0.3858905980325118,1252.4178466796875,3.095519542694092,1252.4178466796875,-2.3169136421440957,0.0,5.4124331848381875,0.0,0,0.7034984111434227,0.7034777909360571,-0.005386291956938027,3.1735193729400635,-0.024210168048739433,0.7800150513648987,0.040750179439783096,-1.1636679733532407,0.0,-9.848629051530688,-9.848629051530688,95.04915629812524,3.562714099884033,-0.07620395720005035,0.01118415358751328,1.0,1254.1606079679939,-3.8356866681271105,3,3,4,2.2555214053213035,0.9927292224203206,2.628398925284955,2.610720644025325,-244.88541337392508,30.857548874267604,0.4911242560617144,0.5627987289147381,0.0,0,4.924644855769908,nan
GT+smooth-jitter_controlled_forward3x6_SoftMS_local_prior_3frame_causal_heading_continuous_waypoint_RNN_polynomial_Kalman,1,controlled_gt_jitter,8.0,-240.00344558215636,41.01135489878072,1.9831724598358376,5.6318459266127565,0,0,6,-244.69327138133067,31.2417665334576,-241.9866180419922,35.37950897216797,-1,-244.69326782226562,31.24176597595215,-244.69327138133067,31.2417665334576,0.0,0,0.0,0.0,462,/yh/study/uav-sat/v36_GvsK/v36_training_data/routes/route_C/vi/vi_000462.jpg,-241.9866180419922,35.37950897216797,1257.1280922593908,-0.8049229531115057,4,0.5118140103423819,0.5118140103423819,1,0.5118140103423819,85.19784450692852,-0.0026827396660379734,1254.8003568037175,-3.8405752045357056,-244.2537383583485,30.756113450010425,5.149332061844718,11.739268664095436,1,0.0,0,0,0.3604044506287948,1.0,1259.8291015625,-6.129905700683594,1,1,6,18,1,-9.852430158525506,-240.56053161621094,29.61536979675293,-240.8595428466797,28.65362548828125,1,-240.8595428466797,28.65362548828125,1256.4161376953125,3.0275988578796387,0.9167145490646362,0.06876521557569504,4.0,4.0,1,1252.4178466796875,2.692028284072876,4.246591452817909,21.080345153808594,8.311903953552246,0.3604044506287948,1252.4178466796875,2.692028284072876,1252.4178466796875,-1.895907860998194,0.0,4.58793614507107,0.0,0,0.6397675129279774,0.6397488357237014,-0.004888536408594915,3.1819074153900146,-0.02445969544351101,0.7800898551940918,0.040712907910346985,-1.1831835313592596,0.0,-9.868144609536708,-9.868144609536708,95.06598911646523,3.571106195449829,-0.0778595358133316,0.011512905884863006,1.0,1254.2925293873855,-3.426860917889554,3,3,4,2.1235999859297294,0.9931544772177828,2.835562872005312,2.670093405047633,-244.69327138133067,31.2417665334576,0.4295832340205877,0.5118140103423819,0.0,0,4.944379110510946,nan
GT+smooth-jitter_controlled_forward3x6_SoftMS_local_prior_3frame_causal_heading_continuous_waypoint_RNN_polynomial_Kalman,1,controlled_gt_jitter,8.0,-240.16042257227332,41.58239609811513,1.7833793076094908,5.69299180124013,0,0,6,-244.49932009082687,31.59661959210586,-241.9438018798828,35.889404296875,-1,-244.4993133544922,31.59661865234375,-244.49932009082687,31.59661959210586,0.0,0,0.0,0.0,463,/yh/study/uav-sat/v36_GvsK/v36_training_data/routes/route_C/vi/vi_000463.jpg,-241.9438018798828,35.889404296875,1257.4671104674035,-1.1881893363642506,4,0.5116898141412091,0.5116898141412091,1,0.5116898141412091,85.20010540015949,0.0022608932309765685,1254.9321228589677,-3.431764393373591,-244.06175220424186,31.14033980161915,5.199935303112174,11.44004051619269,1,0.0,0,0,0.3538361379838363,1.0,1260.350341796875,-6.410991191864014,1,1,6,18,1,-9.857930168354661,-240.56053161621094,29.61536979675293,-240.79248046875,28.237401962280273,1,-240.79248046875,28.237401962280273,1256.4161376953125,3.2667112350463867,0.9325997829437256,0.0696326419711113,4.0,4.0,1,1252.4178466796875,2.9233527183532715,4.115335639196722,21.106271743774414,8.31867790222168,0.3538361379838363,1252.4178466796875,2.9233527183532715,1252.4178466796875,-1.4979347657002609,0.0,4.421287484053533,0.0,0,0.6396122676765114,0.6395934715821189,-0.004903475484036528,3.1820449829101562,-0.02447552978992462,0.7835986614227295,0.040745507925748825,-1.1770722195993908,0.0,-9.862033297776838,-9.862033297776838,95.06213869793633,3.5730061531066895,-0.07751704007387161,0.012276647358001758,1.0,1254.4306734529857,-3.0467898541928333,3,3,4,1.985455920329457,0.9935997910031287,3.036437014417743,2.670355168768947,-244.49932009082687,31.59661959210586,0.40439806666218925,0.5116898141412091,0.0,0,4.995865675532779,nan
GT+smooth-jitter_controlled_forward3x6_SoftMS_local_prior_3frame_causal_heading_continuous_waypoint_RNN_polynomial_Kalman,1,controlled_gt_jitter,8.0,-240.2974562944806,42.28198748462677,1.5816330609881513,5.746678646736142,0,0,6,-244.26123199301523,32.005712131440426,-241.87908935546875,36.535308837890625,-1,-244.26123046875,32.00571060180664,-244.26123199301523,32.005712131440426,0.0,0,0.0,0.0,464,/yh/study/uav-sat/v36_GvsK/v36_training_data/routes/route_C/vi/vi_000464.jpg,-241.87908935546875,36.535308837890625,1257.889320049638,-1.6812607871601588,4,0.6491381878465061,0.6491381878465061,1,0.6491381878465061,84.27868587361849,-0.9214195265410122,1255.242072256377,-3.053021741431206,-243.69816617020763,31.467936842524644,5.3839854566426855,10.966314461028368,1,0.0,0,0,0.38231188971165575,1.0,1260.9508056640625,-6.795315742492676,1,1,6,18,1,-9.859366215627654,-240.56053161621094,29.61536979675293,-241.1268310546875,28.335660934448242,1,-241.1268310546875,28.335660934448242,1256.4161376953125,3.4405200481414795,0.917382538318634,0.07767514884471893,4.0,4.0,1,1252.4180908203125,3.1133320331573486,3.956670073806678,20.99732780456543,8.291166305541992,0.38231188971165575,1252.4180908203125,3.1133320331573486,1252.4180908203125,-1.0722071234069739,0.0,4.185539156564322,0.0,0,0.8114227348081325,0.8113988033913763,-0.006231887238372463,3.1855154037475586,-0.0238126702606678,0.7819945216178894,0.04129716008901596,-1.2276885103825337,0.0,-9.912649588559981,-9.912649588559981,94.19133546217847,3.5756239891052246,-0.07979217916727066,0.017302101144601633,1.0,1254.6042579984858,-2.6064365260320277,3,3,4,1.8118713748294226,0.9941593488147384,3.285062051152181,2.5363772159010525,-244.26123199301523,32.005712131440426,0.473331435739027,0.6491381878465061,0.0,0,5.117797364951195,nan
GT+smooth-jitter_controlled_forward3x6_SoftMS_local_prior_3frame_causal_heading_continuous_waypoint_RNN_polynomial_Kalman,1,controlled_gt_jitter,8.0,-240.43622843612178,42.973453947857884,1.378224688878208,5.7928432911196035,0,0,6,-243.7441333673098,32.111594746621066,-241.814453125,37.18061065673828,-1,-243.744140625,32.111595153808594,-243.7441333673098,32.111594746621066,0.0,0,0.0,0.0,465,/yh/study/uav-sat/v36_GvsK/v36_training_data/routes/route_C/vi/vi_000465.jpg,-241.814453125,37.18061065673828,1258.3111466409753,-2.1738606313928184,4,0.6485308625634579,0.6485308625634579,1,0.6485308625634579,84.28008428133626,0.001398407717778981,1255.414898365426,-2.6125710605658496,-243.46081311188706,31.877240143207246,5.553038808635612,11.306376564893432,1,0.0,0,0,0.2637470880484954,1.0,1261.5465087890625,-7.172769546508789,1,1,6,18,1,-9.878015406826139,-240.56053161621094,29.61536979675293,-241.17416381835938,28.003704071044922,1,-241.17416381835938,28.003704071044922,1256.4161376953125,3.70410418510437,0.9205360412597656,0.030942998826503754,4.0,4.0,1,1252.41796875,3.3764078617095947,3.8558662370052423,21.03748321533203,8.300095558166504,0.2637470880484954,1252.41796875,3.3764078617095947,1252.4395938732928,-0.827388365285832,-0.02162512329273447,4.203796226995427,0.0,0,0.8106635782043224,0.8106403669402907,-0.006134534533821915,3.1943957805633545,-0.02388581447303295,0.7832124829292297,0.04141903668642044,-1.2408537000077333,0.0,-9.925814778185181,-9.925814778185181,94.20589905952144,3.585092544555664,-0.08083146065473557,0.008927296918581514,1.0,1255.0994389229825,-2.423685414083112,3,3,4,1.3166904503327146,0.9957555874295534,3.2117077179927946,2.5458649179998964,-243.7441333673098,32.111594746621066,0.5278277341178181,0.6485308625634579,0.0,0,5.423890498026506,nan
GT+smooth-jitter_controlled_forward3x6_SoftMS_local_prior_3frame_causal_heading_continuous_waypoint_RNN_polynomial_Kalman,1,controlled_gt_jitter,8.0,-240.57630867848331,43.65779700406823,1.1734471808916909,5.831434394204946,0,0,6,-243.24192229358383,32.23016897141705,-241.749755859375,37.82636260986328,-1,-243.24192810058594,32.230167388916016,-243.24192229358383,32.23016897141705,0.0,0,0.0,0.0,466,/yh/study/uav-sat/v36_GvsK/v36_training_data/routes/route_C/vi/vi_000466.jpg,-241.749755859375,37.82636260986328,1258.7332564608835,-2.6668156202925557,4,0.6489848389169842,0.6489848389169842,1,0.6489848389169842,84.27868334035098,-0.0014009409852712789,1255.9106470478114,-2.429783979419632,-242.94314780705972,31.98307258293507,5.963910016054688,11.620791221998623,1,0.0,0,0,0.25367613825563345,1.0,1262.137939453125,-7.544356346130371,1,1,6,18,1,-9.894745208146146,-240.56053161621094,29.61536979675293,-241.08230590820312,28.42338752746582,1,-241.08230590820312,28.42338752746582,1256.4161376953125,3.3477180004119873,0.9145934581756592,0.02560725063085556,4.0,4.0,1,1252.41796875,3.0175061225891113,3.824094885172324,21.02098846435547,8.296106338500977,0.25367613825563345,1252.41796875,3.0175061225891113,1252.9630376676084,-0.6612183512978367,-0.545068917608388,3.6787244738869482,0.0,0,0.8112310486462303,0.8112081248289483,-0.006098565336519986,3.1851541996002197,-0.02331717312335968,0.7786531448364258,0.04163768142461777,-1.218690163037865,0.0,-9.903651241215313,-9.903651241215313,94.1823345815663,3.5736191272735596,-0.07852180302143097,0.008761224547380656,1.0,1255.5779865525208,-2.230636260699193,3,3,4,0.8381428207944168,0.9972982078486933,3.1552699083626976,2.5361693606832354,-243.24192229358383,32.23016897141705,0.5160191947582473,0.6489848389169842,0.0,0,5.791713382615333,nan
GT+smooth-jitter_controlled_forward3x6_SoftMS_local_prior_3frame_causal_heading_continuous_waypoint_RNN_polynomial_Kalman,1,controlled_gt_jitter,8.0,-240.7261915748655,44.406609591837615,0.967595046228253,5.862412509318084,0,0,6,-242.77331088075792,32.4350711090844,-241.69378662109375,38.54419708251953,-1,-242.7733154296875,32.4350700378418,-242.77331088075792,32.4350711090844,0.0,0,0.0,0.0,467,/yh/study/uav-sat/v36_GvsK/v36_training_data/routes/route_C/vi/vi_000467.jpg,-241.69378662109375,38.54419708251953,1259.213505253942,-3.203266906555686,4,0.720013114996845,0.720013114996845,1,0.720013114996845,85.54169304942931,1.2630097090783314,1256.4779782420073,-2.237304683811825,-242.45710486489898,32.14172262352133,6.447816214769942,11.667011392439086,1,0.0,0,0,0.2869098039305583,1.0,1262.7828369140625,-7.953402042388916,1,1,6,18,1,-9.897166865934656,-240.56053161621094,29.61536979675293,-241.09072875976562,28.32608985900879,1,-241.09072875976562,28.32608985900879,1256.4161376953125,3.421035051345825,0.91107177734375,0.03812594711780548,4.0,4.0,1,1252.4178466796875,3.0730233192443848,3.916486787567716,21.110013961791992,8.319660186767578,0.2869098039305583,1252.4178466796875,3.0730233192443848,1253.4389762811984,-0.41390350732640346,-1.0211296015108031,3.4869268265707882,0.0,0,0.9000163937460561,0.8999916894865457,-0.0066684231126319425,3.1796743869781494,-0.023942429572343826,0.7820757627487183,0.04111327975988388,-1.1898901367939774,0.0,-9.874851214971425,-9.874851214971425,95.41654426440076,3.5698719024658203,-0.0775345042347908,0.012016635642101585,1.0,1256.010284157863,-1.957322663037669,4,3,4,0.40584521545218877,0.9986917391755324,3.2032210960790053,2.4596612719813047,-242.77331088075792,32.4350711090844,0.5114504299063025,0.720013114996845,0.0,0,6.203772464114334,nan
GT+smooth-jitter_controlled_forward3x6_SoftMS_local_prior_3frame_causal_heading_continuous_waypoint_RNN_polynomial_Kalman,1,controlled_gt_jitter,8.0,-240.87123833754487,45.219768830216175,0.760963810892635,5.8857501229407845,0,0,6,-242.3983167637499,32.776806743493474,-241.6322021484375,39.33401870727539,-1,-242.3983154296875,32.77680587768555,-242.3983167637499,32.776806743493474,0.0,0,0.0,0.0,468,/yh/study/uav-sat/v36_GvsK/v36_training_data/routes/route_C/vi/vi_000468.jpg,-241.6322021484375,39.33401870727539,1259.7419135323353,-3.793517308952759,4,0.7922189383019911,0.7922189383019911,1,0.7922189383019911,85.54151799667497,-0.00017505275435150818,1257.000530161495,-1.96472533047832,-242.77495086796182,32.788615524315155,6.644409489449041,11.294704153785982,1,0.0,0,0,0.3256987953520194,1.0,1263.470947265625,-8.410404205322266,1,1,6,18,1,-9.828428924520855,-240.56053161621094,29.61536979675293,-240.88168334960938,28.484901428222656,1,-240.88168334960938,28.484901428222656,1256.4161376953125,3.160184860229492,0.9176841974258423,0.055096276104450226,4.0,4.0,1,1252.4178466796875,2.8237547874450684,4.292057713394841,21.08428382873535,8.312418937683105,0.3256987953520194,1252.4178466796875,2.8237547874450684,1253.8548584742769,-0.07732231814748802,-1.4370117945893544,2.901077105592556,0.0,0,0.9902736728774888,0.9902460036319434,-0.00740266744065102,3.181854724884033,-0.02390248328447342,0.7782238125801086,0.04114842042326927,-1.1917657707730864,0.0,-9.876726848950533,-9.876726848950533,95.4182448456255,3.570125102996826,-0.07759915292263031,0.01770792737503939,1.0,1256.3293758812986,-1.5628809009859008,4,3,4,0.0867534920166122,0.999720346105683,3.4125376510367005,2.3896357865820423,-242.3983167637499,32.776806743493474,0.5073498118809099,0.7922189383019911,0.0,0,6.601814927863396,nan
GT+smooth-jitter_controlled_forward3x6_SoftMS_local_prior_3frame_causal_heading_continuous_waypoint_RNN_polynomial_Kalman,1,controlled_gt_jitter,8.0,-241.0223071019553,45.954185120740576,0.5538495142556298,5.9014316722542475,0,0,6,-242.3866238550372,33.36053911453979,-241.57615661621094,40.05275344848633,-1,-242.38662719726562,33.360538482666016,-242.3866238550372,33.36053911453979,0.0,0,0.0,0.0,469,/yh/study/uav-sat/v36_GvsK/v36_training_data/routes/route_C/vi/vi_000469.jpg,-241.57615661621094,40.05275344848633,1260.2227604119405,-4.3306457929116675,4,0.7209165901171314,0.7209165901171314,1,0.7209165901171314,85.54120967913154,-0.0003083175434207871,1257.230496304499,-1.5696354083201125,-242.87305201199396,33.34524595241529,6.831734368185899,10.354842936139026,1,0.0,0,0,0.3870674105322734,1.0,1264.106201171875,-8.808645248413086,1,1,6,18,1,-9.766466070214848,-240.56053161621094,29.61536979675293,-240.83445739746094,28.532264709472656,1,-240.83445739746094,28.532264709472656,1256.4161376953125,3.0933194160461426,0.9187023043632507,0.07986770570278168,4.0,4.0,1,1252.41796875,2.762303590774536,4.7003117346454255,21.05640411376953,8.305499076843262,0.3870674105322734,1252.41796875,2.762303590774536,1253.9160609255352,0.41902581905813885,-1.4980921755352044,2.3432777717163975,0.0,0,0.9011457376464143,0.9011204232004578,-0.006754507334211734,3.184725761413574,-0.023879410699009895,0.7799874544143677,0.041214220225811005,-1.2034256507382386,0.0,-9.888386728915687,-9.888386728915687,95.42959640804723,3.573862075805664,-0.0783485397696495,0.028983834063468314,1.0,1256.2527903340922,-0.9840762196981466,4,3,4,0.16333903922298987,0.9994734690517824,3.969970077848302,2.4638091712964427,-242.3866238550372,33.36053911453979,0.5838494712864941,0.7209165901171314,0.0,0,6.741111913971622,nan
GT+smooth-jitter_controlled_forward3x6_SoftMS_local_prior_3frame_causal_heading_continuous_waypoint_RNN_polynomial_Kalman,1,controlled_gt_jitter,8.0,-241.12095057333102,47.52956309870557,0.34654820596585006,5.909453540600103,0,0,6,-242.79611779160047,34.50983735509999,-241.46749877929688,41.62010955810547,-1,-242.79611206054688,34.50983810424805,-242.79611779160047,34.50983735509999,0.0,0,0.0,0.0,470,/yh/study/uav-sat/v36_GvsK/v36_training_data/routes/route_C/vi/vi_000470.jpg,-241.46749877929688,41.62010955810547,1261.280721142841,-5.492166688873391,4,1.5711179777099142,1.5711179777099142,1,1.5711179777099142,86.03428311339866,0.4930734342671053,1258.2166326179254,-0.9987991710435858,-243.46148932437455,34.62143070848902,7.27719066219429,9.732483470609008,1,0.0,0,0,0.3835577579176799,1.0,1265.313232421875,-9.825851440429688,1,1,6,18,1,-9.308898783519927,-240.56053161621094,29.61536979675293,-240.9522705078125,27.977951049804688,1,-240.9522705078125,27.977951049804688,1256.4161376953125,3.5614922046661377,0.9333131313323975,0.08167822659015656,4.0,4.0,1,1252.4185791015625,3.2357020378112793,5.37560950886229,20.623367309570312,8.21732234954834,0.3835577579176799,1252.4185791015625,3.2357020378112793,1254.9118487836517,0.9840711295205861,-2.4932696820892506,2.251630908290693,0.0,0,1.9638974721373923,1.9638422838332308,-0.0147229513454392,3.0889220237731934,-0.021226825192570686,0.7565954923629761,0.04087785258889198,-1.175552502509063,0.0,-9.703226343778267,-9.703226343778267,95.73750945717693,3.4664738178253174,-0.07192059606313705,0.030251635326327957,1.0,1257.3540434743684,-0.4821765870750886,4,4,5,170.82322250760683,0.0054605722782917945,3.926677668472621,1.5178040460632791,-242.79611779160047,34.50983735509999,1.2200703790506764,1.5711179777099142,0.0,0,7.233339428001908,nan
GT+smooth-jitter_controlled_forward3x6_SoftMS_local_prior_3frame_causal_heading_continuous_waypoint_RNN_polynomial_Kalman,1,controlled_gt_jitter,8.0,-241.229281640746,48.95585216813169,0.1393554442149417,5.9098240309246615,0,0,6,-243.57227208710907,35.71160741100133,-241.36863708496094,43.04602813720703,-1,-243.572265625,35.71160888671875,-243.57227208710907,35.71160741100133,0.0,0,0.0,0.0,471,/yh/study/uav-sat/v36_GvsK/v36_training_data/routes/route_C/vi/vi_000471.jpg,-241.36863708496094,43.04602813720703,1262.2432056766763,-6.548879020097762,4,1.429341606766553,1.429341606766553,1,1.429341606766553,86.03391948329647,-0.0003636301021791921,1259.140674714002,-0.49496510215915795,-244.0224210037218,35.787337182813026,7.728593886269037,9.619975042158455,1,0.0,0,0,0.3279027910864726,1.0,1266.4190673828125,-10.733040809631348,1,1,6,18,1,-8.542477799999949,-240.56053161621094,29.61536979675293,-241.05905151367188,27.93521499633789,1,-241.05905151367188,27.93521499633789,1256.4161376953125,3.668212652206421,0.9323804974555969,0.05921106040477753,4.0,4.0,1,1252.41845703125,3.3428075313568115,6.370666353935037,20.70315933227539,8.233463287353516,0.3279027910864726,1252.41845703125,3.3428075313568115,1255.988942038514,1.3960745031335218,-3.5704850072641894,1.94673302822329,0.0,0,1.7866770084581909,1.786631239633701,-0.012788515084069387,3.1027579307556152,-0.02145356498658657,0.757682204246521,0.04098650440573692,-1.1752459977700584,0.0,-9.045735984604313,-9.045735984604313,95.07965546790079,3.480846881866455,-0.07236935943365097,0.0221604087035711,1.0,1258.5525298819189,-0.14280422975184948,4,4,5,169.62473610005634,0.012438206632686629,3.6906757947574533,1.6734163239890623,-243.57227208710907,35.71160741100133,1.4306176140735765,1.429341606766553,0.0012760073070234856,0,7.658311472621635,nan
GT+smooth-jitter_controlled_forward3x6_SoftMS_local_prior_3frame_causal_heading_continuous_waypoint_RNN_polynomial_Kalman,1,controlled_gt_jitter,8.0,-241.3372095942686,50.374700768490655,-0.06743420364357423,5.902563317318778,0,0,6,-244.59576291410463,36.55042118310009,-241.269775390625,44.472137451171875,-1,-244.59576416015625,36.55042266845703,-244.59576291410463,36.55042118310009,0.0,0,0.0,0.0,472,/yh/study/uav-sat/v36_GvsK/v36_training_data/routes/route_C/vi/vi_000472.jpg,-241.269775390625,44.472137451171875,1263.2058280923384,-7.605723140509677,4,1.4295318849134668,1.4295318849134668,1,1.4295318849134668,86.03444823390697,0.0005287506104989843,1260.3394006532471,-0.1553561090167403,-244.80312619548653,36.99023704344088,8.274261394313141,9.963925561258643,1,0.0,0,0,0.27215950805310163,1.0,1267.5194091796875,-11.635379791259766,1,1,6,18,1,-7.00937387669974,-240.56053161621094,29.61536979675293,-235.96865844726562,32.68766784667969,1,-235.96865844726562,32.68766784667969,1256.4161376953125,-3.2953522205352783,0.9362471699714661,0.03776441514492035,4.0,4.0,1,1252.418212890625,-3.623969078063965,14.17292525639727,20.838077545166016,8.262216567993164,0.27215950805310163,1252.418212890625,-3.623969078063965,1257.340962006101,-1.9544192973043581,-4.92274911547611,-1.6695497807596067,0.0,0,1.7869148561418335,1.7868707713282765,-0.01255187926489081,3.131074905395508,-0.022748123854398727,0.7670021057128906,0.040697433054447174,-1.1926672490218224,0.0,-7.510094262955445,-7.510094262955445,93.54454249686242,3.5137646198272705,-0.07555291056632996,0.01218736042042317,1.0,1260.0055378862205,-0.3551784621462958,4,4,5,168.1717280957547,0.02089767559633331,3.20029020611787,1.701543020482041,-244.59576291410463,36.55042118310009,1.3233072270665631,1.4295318849134668,0.0,0,8.591611120050493,nan
GT+smooth-jitter_controlled_forward3x6_SoftMS_local_prior_3frame_causal_heading_continuous_waypoint_RNN_polynomial_Kalman,1,controlled_gt_jitter,8.0,-241.43093732510027,52.0821842708091,-0.2735276571315285,5.887703374813009,0,0,6,-245.94272937727112,37.85449868496748,-241.15740966796875,46.194480895996094,-1,-245.94273376464844,37.85449981689453,-245.94272937727112,37.85449868496748,0.0,0,0.0,0.0,473,/yh/study/uav-sat/v36_GvsK/v36_training_data/routes/route_C/vi/vi_000473.jpg,-241.15740966796875,46.194480895996094,1264.3732668561354,-8.877013717184024,4,1.72600492396662,1.72600492396662,1,1.72600492396662,86.26731190324826,0.2328636693412912,1262.1629887832944,-0.37061981565172186,-246.05963825872342,38.09264240686148,9.469510655785525,10.612917464575457,1,0.0,0,0,0.21877648848656567,1.0,1268.8184814453125,-12.747418403625488,1,1,6,18,1,-3.0837318839465966,-231.12838745117188,24.797319412231445,-235.55430603027344,36.357810974121094,1,-235.55430603027344,36.357810974121094,1256.4161376953125,-6.1307902336120605,0.956590473651886,0.020886734127998352,4.0,4.0,1,1252.418212890625,-6.462663173675537,18.612940592844954,20.870691299438477,8.268924713134766,0.21877648848656567,1252.418212890625,-6.462663173675537,1259.3113534399563,-2.0816010216545555,-6.893140549331339,-4.381062152020982,0.0,0,2.157506154958275,2.1574508970738497,-0.015441353505426065,3.134726047515869,-0.0228031687438488,0.7676962018013,0.04076196253299713,-1.1818049003639748,0.0,-3.577911412914226,-3.577911412914226,89.84522331616249,3.517775774002075,-0.07499200105667114,0.005819385028711913,1.0,1261.9825724668922,-0.47855665543529136,4,4,5,166.19469351508303,0.03240804761474944,2.390694389243208,1.4087211235492492,-245.94272937727112,37.85449868496748,1.8748164666899931,1.72600492396662,0.14881154272337316,0,9.615330883568772,nan
GT+smooth-jitter_controlled_forward3x6_SoftMS_local_prior_3frame_causal_heading_continuous_waypoint_RNN_polynomial_Kalman,1,controlled_gt_jitter,8.0,-241.5237693124058,53.78092204290701,-0.47863381435890734,5.865287887633568,0,0,6,-246.94172945391293,38.58531034000515,-241.04513549804688,47.91563415527344,-1,-246.9417266845703,38.58531188964844,-246.94172945391293,38.58531034000515,0.0,0,0.0,0.0,474,/yh/study/uav-sat/v36_GvsK/v36_training_data/routes/route_C/vi/vi_000474.jpg,-241.04513549804688,47.91563415527344,1265.5399084961443,-10.147415746051383,4,1.7248113030568502,1.7248113030568502,1,1.7248113030568502,86.26777282785459,0.0004609246063287938,1264.138530375836,-0.4941264511791269,-247.35958723566392,39.39987741090893,10.601434510286076,10.635911507409508,1,0.0,0,0,0.48852929118637,1.0,1270.110595703125,-13.8540620803833,1,1,6,18,1,4.9483838083035225,-226.2139892578125,53.31631851196289,-230.522216796875,42.14039993286133,1,-230.522216796875,42.14039993286133,1256.4161376953125,-13.763984680175781,0.9048949480056763,0.11741483956575394,4.0,4.0,1,1252.4180908203125,-14.092469215393066,27.857182259765914,20.928890228271484,8.279467582702637,0.48852929118637,1252.4180908203125,-14.092469215393066,1260.5450748250735,-2.6501997816366374,-8.126984004760882,-11.44226943375643,0.0,0,2.156014128821062,2.1559579089436185,-0.015569795743835536,3.1586365699768066,-0.02327023260295391,0.7732669115066528,0.04097546264529228,-1.212654623689101,0.0,1.8136981006760873,1.8136981006760873,84.45407472717851,3.544416904449463,-0.07781126350164413,0.022033561779816645,1.0,1263.5232395223625,-0.8622740843830037,4,4,5,164.65402645961274,0.041377870974620104,2.0166689737818615,1.4338252669199565,-246.94172945391293,38.58531034000515,1.2377749505743088,1.7248113030568502,0.0,0,11.037425550286562,nan
GT+smooth-jitter_controlled_forward3x6_SoftMS_local_prior_3frame_causal_heading_continuous_waypoint_RNN_polynomial_Kalman,1,controlled_gt_jitter,8.0,-241.62544194371483,55.31688611322119,-0.6824640384413864,5.835372136170409,0,0,6,-247.9996482465767,39.82984846665162,-240.94297790527344,49.48151397705078,-1,-247.99964904785156,39.82984924316406,-247.9996482465767,39.82984846665162,0.0,0,0.0,0.0,475,/yh/study/uav-sat/v36_GvsK/v36_training_data/routes/route_C/vi/vi_000475.jpg,-240.94297790527344,49.48151397705078,1266.6012933972174,-11.303217581049255,4,1.5692086508844862,1.5692086508844862,1,1.5692086508844862,86.26732792798332,-0.0004448998712698831,1265.4846980440573,-0.8765967783482725,-248.10111880590128,40.02161729565581,11.862909692647449,11.397147739020674,1,0.0,0,0,0.18461956698063764,1.0,1271.291259765625,-14.84184455871582,1,1,6,18,1,14.790343807518436,-240.37750244140625,58.16431427001953,-236.26206970214844,48.15525817871094,1,-236.26206970214844,48.15525817871094,1262.408203125,-13.770652770996094,0.9356663227081299,0.0026206523180007935,4.0,4.0,1,1258.41015625,-14.102216720581055,28.055257685296347,20.940147399902344,8.283103942871094,0.18461956698063764,1258.41015625,-14.102216720581055,1262.7269942348605,-2.531219063866325,-4.3168379848605145,-11.57099765671473,0.0,0,1.9615108136056079,1.961458521694841,-0.01432269396526886,3.156674861907959,-0.02290368266403675,0.7720903158187866,0.041241828352212906,-1.1831301705063688,0.0,13.497723023041933,13.497723023041933,72.76960490494137,3.541917562484741,-0.07543253898620605,0.00392230197909209,1.0,1265.3414132953676,-0.9623041710511152,4,4,5,162.8358526866076,0.05196334920854476,1.2598801018498307,1.5874662110234727,-247.9996482465767,39.82984846665162,1.633421966470351,1.5692086508844862,0.06421331558586485,0,11.95622195471704,nan
GT+smooth-jitter_controlled_forward3x6_SoftMS_local_prior_3frame_causal_heading_continuous_waypoint_RNN_polynomial_Kalman,1,controlled_gt_jitter,8.0,-241.81451169040318,56.95446359781717,-0.8847326376688043,5.7980228629538875,0,0,6,-248.88161416509737,41.31687536003201,-240.92977905273438,51.15644073486328,-1,-248.88160705566406,41.31687545776367,-248.88161416509737,41.31687536003201,0.0,0,0.0,0.0,476,/yh/study/uav-sat/v36_GvsK/v36_training_data/routes/route_C/vi/vi_000476.jpg,-240.92977905273438,51.15644073486328,1267.8029745732888,-12.470057846390153,4,1.6749787621771928,1.6749787621771928,1,1.6749787621771928,89.54850390429654,3.281175976313219,1267.435081321814,-0.9775387209794311,-249.02666077841408,41.55636434528171,12.558700584274138,12.155281477113784,1,0.0,0,0,0.2442894386089221,1.0,1272.605712890625,-15.836658477783203,1,1,6,18,1,41.55445809070704,-231.00634765625,43.829952239990234,-236.37164306640625,52.59622573852539,1,-236.37164306640625,52.59622573852539,1265.6943359375,-16.759950637817383,0.8814166188240051,0.014553666114807129,4.0,4.0,1,1261.6961669921875,-17.099689483642578,30.645368493468276,21.03977394104004,8.305163383483887,0.2442894386089221,1261.6961669921875,-17.099689483642578,1264.5132853656396,-2.730616294684153,-2.8171183734520597,-14.369073188958424,0.0,0,2.093723452721491,2.093668026446524,-0.015234549928315815,3.174360513687134,-0.02374233491718769,0.78082674741745,0.04105491191148758,-1.195749158441379,0.0,38.424497120429976,38.424497120429976,51.12400678386656,3.5639305114746094,-0.0776047557592392,0.00436983479716136,1.0,1267.2624021666045,-1.0808155761223364,4,4,5,160.91486381537072,0.06314742093260223,0.540572406684305,1.499381751509941,-248.88161416509737,41.31687536003201,1.7289051052815338,1.6749787621771928,0.05392634310434108,0,12.65103665395795,nan
GT+smooth-jitter_controlled_forward3x6_SoftMS_local_prior_3frame_causal_heading_continuous_waypoint_RNN_polynomial_Kalman,1,controlled_gt_jitter,8.0,-242.00176805625878,58.582927035216706,-1.0851573384853417,5.753318117980376,0,0,6,-249.25973793216139,42.992835563495355,-240.91661071777344,52.82960891723633,-1,-249.25973510742188,42.992835998535156,-249.25973793216139,42.992835563495355,0.0,0,0.0,0.0,477,/yh/study/uav-sat/v36_GvsK/v36_training_data/routes/route_C/vi/vi_000477.jpg,-240.91661071777344,52.82960891723633,1269.0034055651881,-13.635660954329753,4,1.673220000941648,1.673220000941648,1,1.673220000941648,89.54907435672443,0.000570452427887778,1269.0034055651881,-1.0962682862603457,-249.71655557526745,43.118092116576946,13.105441162525768,11.762686403606791,1,0.0,0,0,0.587540622237958,1.0,1273.9122314453125,-16.826486587524414,1,1,6,18,1,73.47394784268812,-240.37750244140625,58.16431427001953,-240.0418701171875,62.084686279296875,1,-240.0418701171875,62.084686279296875,1275.0894775390625,-20.66284942626953,0.736625075340271,0.15072192251682281,4.0,4.0,1,1271.091552734375,-20.993877410888672,9.039359469261427,20.840709686279297,8.26253890991211,0.587540622237958,1271.091552734375,-20.993877410888672,1271.091552734375,-3.4157103129529762,0.0,-17.578167097935694,0.0,1,2.09152500117706,2.091467916153172,-0.015452710138009298,3.1250014305114746,-0.022227942943572998,0.7663270831108093,0.041054729372262955,-1.186514102353287,0.0,73.48018914148564,73.48018914148564,16.068885215238794,3.5073773860931396,-0.07434412837028503,0.012191401460226093,1.0,1269.0034055651881,-1.5699470414762302,4,4,5,159.17386041678708,0.07328361025318375,0.0,1.4517814295698266,-249.25973793216139,42.992835563495355,1.7180861988886307,1.673220000941648,0.044866197946982656,0,12.89844493450002,nan
GT+smooth-jitter_controlled_forward3x6_SoftMS_local_prior_3frame_causal_heading_continuous_waypoint_RNN_polynomial_Kalman,1,controlled_gt_jitter,8.0,-242.1855898773144,60.37034961672982,-1.2834597503612934,5.701347083770837,0,0,6,-249.38553871094797,44.65565631613438,-240.90213012695312,54.669002532958984,-1,-249.3855438232422,44.65565490722656,-249.38553871094797,44.65565631613438,0.0,0,0.0,0.0,478,/yh/study/uav-sat/v36_GvsK/v36_training_data/routes/route_C/vi/vi_000478.jpg,-240.90213012695312,54.669002532958984,1270.3230938594058,-14.91706696616842,4,1.8394506139257374,1.8394506139257374,1,1.8394506139257374,89.54894939701693,-0.00012495970749732392,1270.3230938594058,-1.5865885052995368,-250.11183370423595,44.56292406998569,13.673019486608972,10.800495048002741,1,0.0,0,0,0.6733216183221713,1.0,1275.3314208984375,-17.928630828857422,1,1,6,18,1,96.08550029522482,-240.37750244140625,58.16431427001953,-241.5862274169922,60.88832092285156,1,-241.5862274169922,60.88832092285156,1275.291748046875,-18.719802856445312,0.5806596279144287,0.20988702774047852,4.0,4.0,1,1271.2938232421875,-19.047922134399414,7.501306859676282,20.842449188232422,8.261789321899414,0.6733216183221713,1271.2938232421875,-19.047922134399414,1271.2938232421875,-4.04756917553112,0.0,-15.000352958868293,0.0,0,2.2993132674071717,2.2992530446552553,-0.01664146382330653,3.1301233768463135,-0.022102946415543556,0.764714241027832,0.041241735219955444,-1.1788776306960955,0.0,96.09719357908388,96.09719357908388,6.5482441820669495,3.511706590652466,-0.07374699413776398,0.012564291946971512,1.0,1270.3230938594058,-2.3187795232388138,4,4,5,157.85417212256937,0.08096688669321155,0.0,1.290672762920576,-249.38553871094797,44.65565631613438,1.6675726944725187,1.8394506139257374,0.0,0,13.12384561250981,nan
GT+smooth-jitter_controlled_forward3x6_SoftMS_local_prior_3frame_causal_heading_continuous_waypoint_RNN_polynomial_Kalman,1,controlled_gt_jitter,8.0,-242.7702746351327,61.92732798361584,-1.4793658216561312,5.642209880588498,0,0,6,-250.1040288739299,46.47259197958659,-241.29090881347656,56.285118103027344,-1,-250.10403442382812,46.472591400146484,-250.1040288739299,46.47259197958659,0.0,0,0.0,0.0,479,/yh/study/uav-sat/v36_GvsK/v36_training_data/routes/route_C/vi/vi_000479.jpg,-241.29090881347656,56.285118103027344,1271.7600089015484,-15.752682646117751,4,1.6622209248208457,1.6622209248208457,1,1.6622209248208457,103.52626614788979,12.000000000000002,1271.7600089015484,-2.33361638260122,-250.52413714669,46.297681473436356,13.601521822331183,10.453913489374587,1,0.0,0,0,0.6210207240617648,1.0,1276.8609619140625,-18.581764221191406,1,1,6,18,1,111.41774241484829,-249.84017944335938,58.22420120239258,-244.31985473632812,65.93302917480469,1,-244.31985473632812,65.93302917480469,1280.8272705078125,-20.22933578491211,0.6757521629333496,0.2947818636894226,4.0,4.0,1,1276.8292236328125,-20.557479858398438,6.382568371469413,20.889986038208008,8.271416664123535,0.6210207240617648,1276.8292236328125,-20.557479858398438,1275.7178158927184,-4.708300577303132,1.1114077400942293,-15.849179281095305,0.0,1,2.077776156026057,2.077723182273009,-0.01483685936240627,3.143825054168701,-0.022314459085464478,0.7677103281021118,0.04138332977890968,-1.1813093914840316,0.0,111.4229112672244,111.4229112672244,7.896645119334611,3.5268969535827637,-0.07435008138418198,0.03342115683464884,1.0,1271.7600089015484,-2.7886819229393396,4,4,5,156.4172570804268,0.08933266180691748,0.0,1.4816041293478555,-250.1040288739299,46.47259197958659,1.9538380995943132,1.6622209248208457,0.2916171747734675,0,13.189266625676062,nan
GT+smooth-jitter_controlled_forward3x6_SoftMS_local_prior_3frame_causal_heading_continuous_waypoint_RNN_polynomial_Kalman,1,controlled_gt_jitter,8.0,-243.39054756977646,63.636289569079786,-1.6726062855967767,5.576017352282913,0,0,6,-250.98452722969657,48.29018227051396,-241.7179412841797,58.060272216796875,-1,-250.98452758789062,48.290184020996094,-250.98452722969657,48.29018227051396,0.0,0,0.0,0.0,480,/yh/study/uav-sat/v36_GvsK/v36_training_data/routes/route_C/vi/vi_000480.jpg,-241.7179412841797,58.060272216796875,1273.3383242078419,-16.670533207259048,4,1.8257954043834443,1.8257954043834443,1,1.8257954043834443,103.52611020823709,-0.00015593965270868735,1273.3383242078419,-2.8049247357890845,-251.39360430753302,48.033307402864295,13.934076156004354,10.004744872034541,1,0.0,0,0,0.5585647406018153,1.0,1278.52490234375,-19.314186096191406,1,1,6,18,1,120.94158666533684,-240.3164825439453,67.68062591552734,-250.44869995117188,63.90602111816406,1,-250.44869995117188,63.90602111816406,1283.5968017578125,-14.398235321044922,0.6911419034004211,0.09840334951877594,4.0,4.0,1,1279.5987548828125,-14.72681713104248,6.525876971987774,20.904747009277344,8.273374557495117,0.5585647406018153,1279.5987548828125,-14.72681713104248,1277.1243772444968,-5.07655655778208,2.474377638315629,-9.6502605732604,0.0,1,2.2822442554793057,2.282186454411431,-0.01624281284974485,3.14861798286438,-0.022380724549293518,0.7678663730621338,0.041447240859270096,-1.1830048792237815,0.0,120.9432508836168,120.9432508836168,17.417140675379716,3.531764268875122,-0.0745893195271492,0.03532849365170712,1.0,1273.3383242078419,-3.287965886459758,4,4,5,154.83894177413333,0.09852167474346721,0.0,1.3228225784809355,-250.98452722969657,48.29018227051396,2.019631605065943,1.8257954043834443,0.19383620068249874,0,13.46567015206111,nan
GT+smooth-jitter_controlled_forward3x6_SoftMS_local_prior_3frame_causal_heading_continuous_waypoint_RNN_polynomial_Kalman,1,controlled_gt_jitter,8.0,-243.97011008868068,65.18126989210595,-1.8629170955166179,5.502890833268047,0,0,6,-251.86155060456275,49.78558751543247,-242.10719299316406,59.67837905883789,-1,-251.86155700683594,49.785587310791016,-251.86155060456275,49.78558751543247,0.0,0,0.0,0.0,481,/yh/study/uav-sat/v36_GvsK/v36_training_data/routes/route_C/vi/vi_000481.jpg,-242.10719299316406,59.67837905883789,1274.7770055734395,-17.507182819396075,4,1.6642676002395784,1.6642676002395784,1,1.6642676002395784,103.52606514030715,-4.5067929930483665e-05,1274.7770055734395,-3.3027612718265686,-252.132999559124,49.57940737054229,14.23046121736893,10.042176853628256,1,0.0,0,0,0.44576252866152677,1.0,1280.042236328125,-19.96273422241211,1,1,6,18,1,126.0345466776869,-259.3333740234375,53.52592086791992,-251.2333526611328,62.95022201538086,1,-251.2333526611328,62.95022201538086,1283.447998046875,-13.170597076416016,0.6381795406341553,0.04163074493408203,4.0,4.0,1,1279.449951171875,-13.508164405822754,6.120696269767729,20.958683013916016,8.2875394821167,0.44576252866152677,1279.449951171875,-13.508164405822754,1278.2528525272587,-5.388269444118087,1.197098644616291,-8.119894961704667,0.0,0,2.080334500299473,2.080281887078794,-0.014795385366810663,3.1504628658294678,-0.02302546426653862,0.7726148366928101,0.04106653109192848,-1.182594961151875,0.0,126.03603832696861,126.03603832696861,22.509973186661455,3.5359654426574707,-0.07548604160547256,0.022318697267548985,1.0,1274.7770055734395,-3.6436348364796998,4,4,5,153.4002604085357,0.10689773346084469,0.0,1.4861952655898893,-251.86155060456275,49.78558751543247,1.7336109271089217,1.6642676002395784,0.0693433268693433,0,13.89297725227841,nan
GT+smooth-jitter_controlled_forward3x6_SoftMS_local_prior_3frame_causal_heading_continuous_waypoint_RNN_polynomial_Kalman,1,controlled_gt_jitter,8.0,-244.93619402333414,66.84256333761026,-2.0500398485294418,5.422961897180569,0,0,6,-252.81362867654113,51.651677621032455,-242.8861541748047,61.41960144042969,-1,-252.81362915039062,51.651676177978516,-252.81362867654113,51.651677621032455,0.0,0,0.0,0.0,482,/yh/study/uav-sat/v36_GvsK/v36_training_data/routes/route_C/vi/vi_000482.jpg,-242.8861541748047,61.41960144042969,1276.5739585684653,-18.147179568080972,4,1.9075208792197185,1.9075208792197185,1,1.9075208792197185,114.10205008926579,10.575984948958641,1276.5739585684653,-3.660850494353533,-253.2405432732719,51.28096876067633,14.491557756756839,9.232837927074634,1,0.0,0,0,0.7035331027543918,1.0,1281.91064453125,-20.4122314453125,1,1,6,18,1,129.78566503044797,-249.74867248535156,72.49867248535156,-250.64334106445312,68.5313720703125,1,-250.64334106445312,68.5313720703125,1287.074951171875,-17.45343780517578,0.5257296562194824,0.37379753589630127,4.0,4.0,1,1283.076904296875,-17.78215980529785,6.5131822156196995,20.965328216552734,8.287965774536133,0.7035331027543918,1283.076904296875,-17.78215980529785,1280.75867460104,-6.1716801138982795,2.318229695835136,-11.610479691399572,0.0,1,2.384401099024648,2.384338948671921,-0.01721565787383326,3.1555423736572266,-0.023270761594176292,0.7703039646148682,0.040968865156173706,-1.179416041701763,0.0,129.78981351659513,129.78981351659513,15.687763427329328,3.539886713027954,-0.0756646990776062,0.058692501884574116,1.0,1276.5739585684653,-4.226254006942856,4,4,5,151.60330741350992,0.11735966350221341,0.0,1.248021494437508,-252.81362867654113,51.651677621032455,2.0949331582082125,1.9075208792197185,0.187412278988494,0,13.927206673420732,nan
GT+smooth-jitter_controlled_forward3x6_SoftMS_local_prior_3frame_causal_heading_continuous_waypoint_RNN_polynomial_Kalman,1,controlled_gt_jitter,8.0,-245.8417849409811,68.36965150674696,-2.2337221968404886,5.336372087801646,0,0,6,-253.6709727170992,53.317947436005554,-243.60806274414062,63.03327941894531,-1,-253.6709747314453,53.31794738769531,-253.6709727170992,53.317947436005554,0.0,0,0.0,0.0,483,/yh/study/uav-sat/v36_GvsK/v36_training_data/routes/route_C/vi/vi_000483.jpg,-243.60806274414062,63.03327941894531,1278.239289204234,-18.7402920990537,4,1.7677976696519695,1.7677976696519695,1,1.7677976696519695,114.10223450116115,0.00018441189535733818,1278.239289204234,-4.242396313554833,-254.04562010848102,52.97029243887078,14.49849339397187,8.701478598288329,1,0.0,0,0,0.6950360940730944,1.0,1283.640380859375,-20.81273078918457,1,1,6,18,1,131.67774366523125,-249.74867248535156,72.49867248535156,-250.82809448242188,68.86723327636719,1,-250.82809448242188,68.86723327636719,1287.4453125,-17.551944732666016,0.5411787629127502,0.4459552764892578,4.0,4.0,1,1283.447021484375,-17.90049171447754,5.275010918240456,21.025100708007812,8.302846908569336,0.6950360940730944,1283.447021484375,-17.90049171447754,1282.400638462935,-6.739205868775439,1.0463830214400351,-11.1612858457021,0.0,1,2.209747087064962,2.2096881261230803,-0.016142306611976704,3.162292718887329,-0.02334536984562874,0.7779837250709534,0.04114190489053726,-1.1662312152826995,0.0,131.69362502899028,131.69362502899028,17.591390527829127,3.550492525100708,-0.07505373656749725,0.06095259906402512,1.0,1278.239289204234,-4.753497736857476,4,4,5,149.93797677774126,0.1270552830623177,0.0,1.3944950492353596,-253.6709727170992,53.317947436005554,1.8738980495669797,1.7677976696519695,0.1061003799150102,0,13.987488432974715,nan
GT+smooth-jitter_controlled_forward3x6_SoftMS_local_prior_3frame_causal_heading_continuous_waypoint_RNN_polynomial_Kalman,1,controlled_gt_jitter,8.0,-246.7370214685807,69.87536796977624,-2.413718245924467,5.243272632862171,0,0,6,-254.4608430023086,54.93611668146778,-244.32330322265625,64.63209533691406,-1,-254.46084594726562,54.93611526489258,-254.4608430023086,54.93611668146778,0.0,0,0.0,0.0,484,/yh/study/uav-sat/v36_GvsK/v36_training_data/routes/route_C/vi/vi_000484.jpg,-244.32330322265625,64.63209533691406,1279.889268738074,-19.327955965194,4,1.7515082876359782,1.7515082876359782,1,1.7515082876359782,114.10165896520475,-0.0005755359563979257,1279.889268738074,-4.769584360619575,-254.84464792625266,54.56991071133335,14.558374009866938,8.301866476616693,1,0.0,0,0,0.6999016808307543,1.0,1285.347412109375,-21.205949783325195,1,1,6,18,1,132.47925107638287,-249.74867248535156,72.49867248535156,-250.58616638183594,68.93311309814453,1,-250.58616638183594,68.93311309814453,1287.3258056640625,-17.772354125976562,0.5323322415351868,0.44135037064552307,4.0,4.0,1,1283.3277587890625,-18.10060691833496,3.6509724065751126,21.015491485595703,8.297407150268555,0.6999016808307543,1283.3277587890625,-18.10060691833496,1283.3277587890625,-7.27442213399032,0.0,-10.82618478434464,0.0,1,2.189385359544972,2.1893262600914016,-0.016086623762099794,3.1722066402435303,-0.02389172464609146,0.7761632204055786,0.04086706042289734,-1.2028711247549981,0.0,132.4529340373457,132.4529340373457,18.35127507214094,3.5594310760498047,-0.07819685339927673,0.04973506647741181,1.0,1279.889268738074,-5.300068132478634,4,4,5,148.28799724390126,0.13666152791151956,0.0,1.420698352607552,-254.4608430023086,54.93611668146778,1.800657317319582,1.7515082876359782,0.049149029683603684,0,14.027890606605954,nan
GT+smooth-jitter_controlled_forward3x6_SoftMS_local_prior_3frame_causal_heading_continuous_waypoint_RNN_polynomial_Kalman,1,controlled_gt_jitter,8.0,-248.22429516442057,72.25625089919752,-2.5897889388346216,5.143824141385022,0,0,6,-255.82057980801454,57.37644926083341,-245.63450622558594,67.1124267578125,-1,-255.82058715820312,57.37644958496094,-255.82057980801454,57.37644926083341,0.0,0,0.0,0.0,485,/yh/study/uav-sat/v36_GvsK/v36_training_data/routes/route_C/vi/vi_000485.jpg,-245.63450622558594,67.1124267578125,1282.588277176308,-20.093887243265726,4,2.805583232126235,2.805583232126235,1,2.805583232126235,117.8627323371524,3.7610733719476404,1282.588277176308,-5.323649521816412,-256.3118796333883,56.906858696284544,14.770237721449314,7.374431035256482,1,0.0,0,0,0.8024510683453456,1.0,1288.09619140625,-21.7758846282959,1,1,6,18,1,132.51997970758228,-249.74867248535156,72.49867248535156,-257.4638671875,72.77517700195312,1,-257.4638671875,72.77517700195312,1294.85546875,-15.455172538757324,0.34587880969047546,0.4133065342903137,4.0,4.0,1,1290.8572998046875,-15.796518325805664,9.319018984925505,21.03591537475586,8.304410934448242,0.8024510683453456,1290.8572998046875,-15.796518325805664,1287.0450176142579,-7.997693784586232,3.8122821904296877,-7.798824541219432,0.0,1,3.165772290026312,3.165684461593628,-0.02358138933777809,3.1692657470703125,-0.023974090814590454,0.7798734903335571,0.0408099964261055,-1.1881822693363568,0.0,132.51756246094632,132.51756246094632,14.654830123793925,3.558363199234009,-0.07737268507480621,0.11414981791192477,1.0,1282.588277176308,-6.003275019223353,4,4,5,145.5889888056671,0.15237525973424015,0.0,0.36368251494407744,-255.82057980801454,57.37644926083341,2.793583232822092,2.805583232126235,0.0,0,14.0906122240424,nan
GT+smooth-jitter_controlled_forward3x6_SoftMS_local_prior_3frame_causal_heading_continuous_waypoint_RNN_polynomial_Kalman,1,controlled_gt_jitter,8.0,-249.70960892007898,74.6351430015596,-2.7617024259383407,5.038196285251005,0,0,6,-257.20595740073924,59.79217238581566,-246.94790649414062,69.5969467163086,-1,-257.2059631347656,59.792171478271484,-257.20595740073924,59.79217238581566,0.0,0,0.0,0.0,486,/yh/study/uav-sat/v36_GvsK/v36_training_data/routes/route_C/vi/vi_000486.jpg,-246.94790649414062,69.5969467163086,1285.291831710896,-20.86112421325256,4,2.8103130945866077,2.8103130945866077,1,2.8103130945866077,117.86242657740524,-0.0003057597471472859,1285.291831710896,-6.027072393442055,-257.67141097780893,59.347285991115314,14.834051819810524,6.726042224440609,1,0.0,0,0,0.7913927094972506,1.0,1290.8421630859375,-22.345861434936523,1,1,6,18,1,132.51913361789883,-249.74867248535156,72.49867248535156,-257.6566467285156,72.06536865234375,1,-257.6566467285156,72.06536865234375,1294.4754638671875,-14.825366973876953,0.3659849166870117,0.46304962038993835,4.0,4.0,1,1290.4774169921875,-15.154097557067871,7.711060106363437,20.98691177368164,8.291494369506836,0.7913927094972506,1290.4774169921875,-15.154097557067871,1289.7181616620135,-8.68287036411252,0.7592553301739846,-6.471227192955353,0.0,1,3.1677434265033346,3.167654037475586,-0.023797374218702316,3.1685047149658203,-0.023608049377799034,0.7740986943244934,0.04100434482097626,-1.1901170271404689,0.0,132.5156277031422,132.5156277031422,14.65320112573696,3.554722547531128,-0.0769539475440979,0.13022026586883792,1.0,1285.291831710896,-6.670944225871822,4,4,5,142.88543427107913,0.168115459106277,0.0,0.3581916203792126,-257.20595740073924,59.79217238581566,2.7847781403547534,2.8103130945866077,0.0,0,14.19017998738077,nan
GT+smooth-jitter_controlled_forward3x6_SoftMS_local_prior_3frame_causal_heading_continuous_waypoint_RNN_polynomial_Kalman,1,controlled_gt_jitter,8.0,-251.0315903764408,75.89695015613619,-2.929234419409544,4.926567465706494,0,0,6,-258.0449879224171,61.46708975891913,-248.10235595703125,70.97038269042969,-1,-258.04498291015625,61.46709060668945,-258.0449879224171,61.46708975891913,0.0,0,0.0,0.0,487,/yh/study/uav-sat/v36_GvsK/v36_training_data/routes/route_C/vi/vi_000487.jpg,-248.10235595703125,70.97038269042969,1287.0823581609964,-20.975557463969245,4,1.7941794607503483,1.7941794607503483,1,1.7941794607503483,130.04892229193388,12.000000000000002,1287.0823581609964,-6.6877162863819,-258.4310059301412,61.09812888246185,14.287841177587332,6.379390068230034,1,0.0,0,0,0.7955998322959867,1.0,1292.667724609375,-22.262056350708008,1,1,6,18,1,132.51790653172577,-263.9427185058594,72.58848571777344,-259.6556396484375,75.83330535888672,1,-259.6556396484375,75.83330535888672,1298.58056640625,-15.983773231506348,0.3396984338760376,0.3717131018638611,4.0,15.928177833557129,1,1294.5826416015625,-16.304697036743164,8.835790220430683,20.859586715698242,20.193023681640625,0.7955998322959867,1294.5826416015625,-16.304697036743164,1291.5202576998104,-9.350456009670278,3.062383901752172,-6.954241027072886,0.0,1,2.2427243259379352,2.2426616107072443,-0.016772060510078204,3.1448543071746826,-0.023921813815832138,0.7717954516410828,0.04026640206575394,-1.221352549431995,0.0,132.48439218085068,132.48439218085068,2.4354698889168143,3.5298688411712646,-0.07904575765132904,0.13424094975713868,1.0,1287.0823581609964,-7.221703206299851,4,4,5,141.09490782097885,0.178539973553802,0.0,1.3506748464243343,-258.0449879224171,61.46708975891913,1.8733180250643016,1.7941794607503483,0.07913856431395327,0,13.753854257669397,nan
GT+smooth-jitter_controlled_forward3x6_SoftMS_local_prior_3frame_causal_heading_continuous_waypoint_RNN_polynomial_Kalman,1,controlled_gt_jitter,8.0,-252.34769221348603,77.15142488059817,-3.0921685318454024,4.809124465559111,0,0,6,-258.9301300384036,63.095189737961206,-249.25552368164062,72.34230041503906,-1,-258.9301452636719,63.09518814086914,-258.9301300384036,63.095189737961206,0.0,0,0.0,0.0,488,/yh/study/uav-sat/v36_GvsK/v36_training_data/routes/route_C/vi/vi_000488.jpg,-249.25552368164062,72.34230041503906,1288.8709014484161,-21.089868238628306,4,1.7921925243059487,1.7921925243059487,1,1.7921925243059487,130.04878610249696,-0.00013618943689357174,1288.8709014484161,-7.238613884008217,-259.2685659697789,62.77170840971684,13.851254354620112,6.31350529088329,1,0.0,0,0,0.7566679492954864,1.0,1294.4840087890625,-22.17743492126465,1,1,6,18,1,132.5061765355999,-263.9427185058594,72.58848571777344,-260.42828369140625,78.25186157226562,1,-260.42828369140625,78.25186157226562,1300.86279296875,-17.096343994140625,0.40416452288627625,0.515457034111023,4.0,20.1832218170166,1,1296.864990234375,-17.414140701293945,8.798660605257464,20.83257293701172,24.441268920898438,0.7566679492954864,1296.864990234375,-17.414140701293945,1293.2017383089787,-9.83711600034577,3.6632519253962776,-7.577024700948176,0.0,1,2.240240655382436,2.2401768285132695,-0.01691067770836609,3.1442294120788574,-0.023836495354771614,0.768919050693512,0.04026929661631584,-1.2183269890730908,0.0,132.48741774120958,132.48741774120958,2.438631638712612,3.5278124809265137,-0.07872875034809113,0.11443705886009392,1.0,1288.8709014484161,-7.706779505736891,4,4,5,139.30636453355908,0.18895294195127355,0.0,1.3520368877729088,-258.9301300384036,63.095189737961206,1.8531557158668328,1.7921925243059487,0.060963191560884145,0,13.383088732891444,nan
GT+smooth-jitter_controlled_forward3x6_SoftMS_local_prior_3frame_causal_heading_continuous_waypoint_RNN_polynomial_Kalman,1,controlled_gt_jitter,8.0,-253.7725744304411,78.53541206342261,-3.2502965984098444,4.686062087836675,0,0,6,-259.9701677210008,64.8189377555505,-250.52227783203125,73.84934997558594,-1,-259.97015380859375,64.81893920898438,-259.9701677210008,64.8189377555505,0.0,0,0.0,0.0,489,/yh/study/uav-sat/v36_GvsK/v36_training_data/routes/route_C/vi/vi_000489.jpg,-250.52227783203125,73.84934997558594,1290.835614349341,-21.21543763145938,4,1.9687215281690815,1.9687215281690815,1,1.9687215281690815,130.04881141932339,2.5316826422556452e-05,1290.835614349341,-7.725399396595886,-260.2741977561092,64.5283420165479,13.490038234863476,6.443298919339145,1,0.0,0,0,0.7027449029970874,1.0,1296.468994140625,-22.103662490844727,1,1,6,18,1,132.49961090953852,-263.9427185058594,72.58848571777344,-259.82232666015625,78.93868255615234,1,-259.82232666015625,78.93868255615234,1300.9405517578125,-18.00895118713379,0.4973296523094177,0.3816239833831787,4.0,23.546180725097656,1,1296.942626953125,-18.33330726623535,6.752945904190435,20.908430099487305,27.820735931396484,0.7027449029970874,1296.942626953125,-18.33330726623535,1295.0181628325831,-10.23492848654108,1.9244641205419244,-8.098378779694272,0.0,1,2.460901910211352,2.4608314674813228,-0.018619890858995552,3.1600146293640137,-0.023812279105186462,0.7743364572525024,0.040681369602680206,-1.2168494270565466,0.0,132.48889530322612,132.48889530322612,2.4400838839027337,3.546308994293213,-0.07880032062530518,0.08963495796500809,1.0,1290.835614349341,-8.145970610273736,4,4,5,137.34165163263413,0.20039157667224272,0.0,1.1912931011949321,-259.9701677210008,64.8189377555505,2.013202823702849,1.9687215281690815,0.04448129553376767,0,13.069467021185615,nan
GT+smooth-jitter_controlled_forward3x6_SoftMS_local_prior_3frame_causal_heading_continuous_waypoint_RNN_polynomial_Kalman,1,controlled_gt_jitter,8.0,-255.24768778077507,79.60778419772485,-3.4034189819469343,4.557582781709225,0,0,6,-260.7303815730894,66.55674284184342,-251.84426879882812,75.05020141601562,-1,-260.7303771972656,66.5567398071289,-260.7303815730894,66.55674284184342,0.0,0,0.0,0.0,490,/yh/study/uav-sat/v36_GvsK/v36_training_data/routes/route_C/vi/vi_000490.jpg,-251.84426879882812,75.05020141601562,1292.6171434297378,-21.089507357199693,4,1.7859743274399527,1.7859743274399527,1,1.7859743274399527,137.7490645568567,7.700253137533302,1292.6171434297378,-8.162823976489303,-261.18894069803804,66.11844625136567,12.926683380710404,5.820456886333961,1,0.0,0,0,0.84936746753007,1.0,1298.263427734375,-21.77826690673828,1,1,6,18,1,132.49586049535395,-263.9427185058594,72.58848571777344,-261.97552490234375,76.9298095703125,1,-261.97552490234375,76.9298095703125,1300.9761962890625,-15.06436824798584,0.2513244152069092,0.7261318564414978,4.0,9.810271263122559,1,1296.9786376953125,-15.37832260131836,7.186116026370007,20.637100219726562,14.020662307739258,0.84936746753007,1296.9786376953125,-15.37832260131836,1296.9786376953125,-10.914280297913919,0.0,-4.46404230340444,0.0,1,2.232467909299941,2.232404293603928,-0.016853366215566618,3.136930465698242,-0.021495182067155838,0.7640533447265625,0.04195336997509003,-1.2276202084908336,0.0,132.47812452179184,132.47812452179184,5.270940035064857,3.5181381702423096,-0.07590983808040619,0.18364516409065612,1.0,1292.6171434297378,-8.797158566668687,4,4,5,135.56012255223743,0.2107637080843428,0.0,1.3509561382582895,-260.7303815730894,66.55674284184342,1.8968109075110673,1.7859743274399527,0.11083658007111463,0,12.292348790530998,nan
GT+smooth-jitter_controlled_forward3x6_SoftMS_local_prior_3frame_causal_heading_continuous_waypoint_RNN_polynomial_Kalman,1,controlled_gt_jitter,8.0,-256.85000513886695,80.79521125893864,-3.5513448605466222,4.423896256497233,0,0,6,-261.56513495053304,68.47011433500796,-253.2986602783203,76.3713150024414,-1,-261.56512451171875,68.4701156616211,-261.56513495053304,68.47011433500796,0.0,0,0.0,0.0,491,/yh/study/uav-sat/v36_GvsK/v36_training_data/routes/route_C/vi/vi_000491.jpg,-253.2986602783203,76.3713150024414,1294.5770925418915,-20.950960752671097,4,1.9648398621410001,1.9648398621410001,1,1.9648398621410001,137.7491931479958,0.0001285911391116535,1294.5770925418915,-8.814760634350518,-262.0718935098305,67.98574811776089,12.1362001183206,5.054387100078663,1,0.0,0,0,0.8853108683562652,1.0,1300.2288818359375,-21.440414428710938,0,0,6,18,1,132.48965292061547,-273.4053955078125,72.64836120605469,-267.8739013671875,80.17699432373047,1,-267.8739013671875,80.17699432373047,1307.3990478515625,-13.044102668762207,0.19522462785243988,0.8571808338165283,4.0,4.0,0,1303.4012451171875,-13.363316535949707,11.637783871152164,20.830615997314453,8.255073547363281,0.8853108683562652,1303.4012451171875,-13.363316535949707,1299.2616974298712,-11.625523567138355,4.1395476873162815,-1.737792968811351,0.0,1,2.4560498276762504,2.455986751438587,-0.017602067681831403,3.164576292037964,-0.02301045134663582,0.7739661931991577,0.0414176806807518,-1.2211382522467857,0.0,132.4846064780359,132.4846064780359,5.264586669959921,3.550703763961792,-0.07798933237791061,0.2856994108190115,1.0,1294.5770925418915,-9.51577052717046,4,4,5,133.60017344008372,0.2221746078422971,0.0,1.1997364298969637,-261.56513495053304,68.47011433500796,2.087535310362026,1.9648398621410001,0.12269544822102607,0,11.43519022550063,nan
GT+smooth-jitter_controlled_forward3x6_SoftMS_local_prior_3frame_causal_heading_continuous_waypoint_RNN_polynomial_Kalman,1,controlled_gt_jitter,8.0,-258.4441366377094,81.97509182631157,-3.6938924970843945,4.285219084612354,0,0,6,-262.5667059008841,70.21880008666203,-254.750244140625,77.68987274169922,-1,-262.56671142578125,70.21880340576172,-262.5667059008841,70.21880008666203,0.0,0,0.0,0.0,492,/yh/study/uav-sat/v36_GvsK/v36_training_data/routes/route_C/vi/vi_000492.jpg,-254.750244140625,77.68987274169922,1296.5332541007276,-20.812677793518002,4,1.9610431461495352,1.9610431461495352,1,1.9610431461495352,137.74931242150342,0.0001192735076140268,1296.5332541007276,-9.53347951844427,-262.9039525639303,69.89645547607395,11.279198275073725,4.719846004902604,1,0.0,0,0,0.8436125488913433,1.0,1302.183349609375,-21.10326385498047,1,1,6,18,1,132.4878866763848,-273.4053955078125,72.64836120605469,-267.0948486328125,81.10380554199219,1,-267.0948486328125,81.10380554199219,1307.53076171875,-14.247663497924805,0.271039754152298,0.801844596862793,4.0,4.0,1,1303.532958984375,-14.563015937805176,9.383716841897453,20.855009078979492,8.259536743164062,0.8436125488913433,1303.532958984375,-14.563015937805176,1301.103188610179,-12.275440224114988,2.4297703741961882,-2.2875757136901886,0.0,1,2.451303932686919,2.4512399641884146,-0.01770899127380967,3.167356014251709,-0.023230232298374176,0.7732334733009338,0.04129422828555107,-1.226398244959636,0.0,132.47934648532305,132.47934648532305,5.269965936180385,3.553103446960449,-0.0786483958363533,0.2885478513632503,1.0,1296.5332541007276,-10.0,4,4,5,131.6440118812476,0.2335634563179161,0.0,1.2063128681021738,-262.5667059008841,70.21880008666203,2.0152037680157866,1.9610431461495352,0.05416062186625137,0,10.81267779351798,nan
GT+smooth-jitter_controlled_forward3x6_SoftMS_local_prior_3frame_causal_heading_continuous_waypoint_RNN_polynomial_Kalman,1,controlled_gt_jitter,8.0,-259.9824397832688,83.11472046128698,-3.8308894903000255,4.141774294294795,0,0,6,-263.87659773536836,71.58924846898618,-256.15155029296875,78.97294616699219,-1,-263.8765869140625,71.58924865722656,-263.87659773536836,71.58924846898618,0.0,0,0.0,0.0,493,/yh/study/uav-sat/v36_GvsK/v36_training_data/routes/route_C/vi/vi_000493.jpg,-256.15155029296875,78.97294616699219,1298.4290244947003,-20.686222423422794,4,1.8999832492128652,1.8999832492128652,1,1.8999832492128652,137.52194618025712,-0.22736624124629698,1298.4290244947003,-10.0,-263.87659773536836,71.58924846898618,10.686222423422786,4.716995803024613,1,0.0,0,0,0.7915330188310519,1.0,1304.070068359375,-20.77865982055664,1,1,6,18,1,132.48489761484927,-273.4053955078125,72.64836120605469,-266.5207214355469,81.99626159667969,1,-266.5207214355469,81.99626159667969,1307.7791748046875,-15.279345512390137,0.36572980880737305,0.7210999727249146,4.0,4.0,1,1303.7811279296875,-15.603472709655762,7.3810131981727585,20.990005493164062,8.290364265441895,0.7915330188310519,1303.7811279296875,-15.603472709655762,1302.8557402964857,-12.656029481071236,0.9253876332017645,-2.9474432285845262,0.0,1,2.3749790615160817,2.3749160429789273,-0.017301197678832595,3.1874840259552,-0.02390355058014393,0.7808523774147034,0.0412626788020134,-1.228391592980222,0.0,132.47735313730246,132.47735313730246,5.0445930429546735,3.5770177841186523,-0.07997410744428635,0.23300903559991826,1.0,1298.4290244947003,-10.0,4,4,5,129.74824148727487,0.24460070508910958,0.0,1.287500776742335,-263.87659773536836,71.58924846898618,1.8957703939727286,1.8999832492128652,0.0,0,10.686222423422786,nan
GT+smooth-jitter_controlled_forward3x6_SoftMS_local_prior_3frame_causal_heading_continuous_waypoint_RNN_polynomial_Kalman,1,controlled_gt_jitter,8.0,-261.6492457609282,84.37269720303011,-3.9621730070219456,3.993790953030111,0,0,6,-265.3119475760054,73.09095480487208,-257.68707275390625,80.37890625,-1,-265.31195068359375,73.09095764160156,-265.3119475760054,73.09095480487208,0.0,0,0.0,0.0,494,/yh/study/uav-sat/v36_GvsK/v36_training_data/routes/route_C/vi/vi_000494.jpg,-257.68707275390625,80.37890625,1300.50636680743,-20.54765150728937,4,2.0819589292430556,2.0819589292430556,1,2.0819589292430556,137.52205552739798,0.00010934714085036171,1300.50636680743,-10.0,-265.3119475760054,73.09095480487208,10.547651507289382,4.595515783629328,1,0.0,0,0,0.7814084218776599,1.0,1306.131103515625,-20.442934036254883,1,1,6,18,1,132.4822569996831,-278.1367492675781,72.67829132080078,-272.95941162109375,81.43891906738281,1,-272.95941162109375,81.43891906738281,1311.8251953125,-10.239730834960938,0.38413816690444946,0.6390594244003296,4.0,4.0,1,1307.827880859375,-10.54995346069336,12.391873718035487,20.553892135620117,8.201786994934082,0.7814084218776599,1307.827880859375,-10.54995346069336,1304.9052399675934,-10.54995346069336,2.922640891781522,0.0,0.0,1,2.6024486615538196,2.6023773475032734,-0.01926596026920445,3.0792624950408936,-0.02188660204410553,0.7517086267471313,0.04013865068554878,-1.205265853111028,0.0,132.50047887717164,132.50047887717164,5.02157665022633,3.4543142318725586,-0.07449285686016083,0.19902197168711902,1.0,1300.50636680743,-10.0,4,4,5,127.6708991745453,0.2566950726145329,0.0,0.997303565797838,-265.3119475760054,73.09095480487208,2.077342312729581,2.0819589292430556,0.0,0,10.547651507289382,nan
GT+smooth-jitter_controlled_forward3x6_SoftMS_local_prior_3frame_causal_heading_continuous_waypoint_RNN_polynomial_Kalman,1,controlled_gt_jitter,8.0,-263.1781356494836,85.50548231920357,-4.087589995186732,3.8415037425434058,0,0,6,-266.6238722873457,74.46353004433468,-259.0905456542969,81.66397857666016,-1,-266.6238708496094,74.46353149414062,-266.6238722873457,74.46353004433468,0.0,0,0.0,0.0,495,/yh/study/uav-sat/v36_GvsK/v36_training_data/routes/route_C/vi/vi_000495.jpg,-259.0905456542969,81.66397857666016,1302.4050793281162,-20.421010950328714,4,1.9029311776516302,1.9029311776516302,1,1.9029311776516302,137.5216137723661,-0.00044175503188932636,1302.4050793281162,-10.0,-266.6238722873457,74.46353004433468,10.421010950328716,4.96439974865858,1,0.0,0,0,0.6106286214626209,1.0,1308.0064697265625,-20.120407104492188,1,1,6,18,1,132.4886346888206,-278.10626220703125,77.43644714355469,-271.6648254394531,87.1781234741211,1,-271.6648254394531,87.1781234741211,1315.0794677734375,-15.14111614227295,0.6946468949317932,0.2751007378101349,4.0,4.0,1,1311.0819091796875,-15.455087661743164,9.997388177980914,20.64577865600586,8.220698356628418,0.6106286214626209,1311.0819091796875,-15.455087661743164,1306.3343080371385,-12.357537225413324,4.747601142549048,-3.0975504363298394,0.0,1,2.3786639720645377,2.378601581401771,-0.017228144149569573,3.10085391998291,-0.02178497426211834,0.7545714378356934,0.04073508083820343,-1.1885644397647603,0.0,132.51718029051793,132.51718029051793,5.0044334818481735,3.4773619174957275,-0.07356374710798264,0.11387703739947005,1.0,1302.4050793281162,-10.0,4,4,5,125.77218665385897,0.2677494505615789,0.0,1.19792274233128,-266.6238722873457,74.46353004433468,1.8987125206863393,1.9029311776516302,0.0,0,10.421010950328716,nan
GT+smooth-jitter_controlled_forward3x6_SoftMS_local_prior_3frame_causal_heading_continuous_waypoint_RNN_polynomial_Kalman,1,controlled_gt_jitter,8.0,-264.7217984027389,86.61053704776562,-4.206997377348263,3.6851525262812435,0,0,6,-267.93389782128145,75.83411830706132,-260.5148010253906,82.92538452148438,-1,-267.93389892578125,75.83412170410156,-267.93389782128145,75.83411830706132,0.0,0,0.0,0.0,496,/yh/study/uav-sat/v36_GvsK/v36_training_data/routes/route_C/vi/vi_000496.jpg,-260.5148010253906,82.92538452148438,1304.3010432216247,-20.26299438714724,4,1.9025373372754806,1.9025373372754806,1,1.9025373372754806,138.46997380638945,0.9483600340233557,1304.3010432216247,-10.0,-267.93389782128145,75.83411830706132,10.262994387147224,5.008776700185379,1,0.0,0,0,0.6780353562868014,1.0,1309.871826171875,-19.76803970336914,1,1,6,18,1,132.49862565475075,-278.10626220703125,77.43644714355469,-272.7192687988281,86.58863830566406,1,-272.7192687988281,86.58863830566406,1315.3819580078125,-13.971553802490234,0.5720891952514648,0.3876473903656006,4.0,4.0,1,1311.384521484375,-14.28123950958252,9.271302805653828,20.610374450683594,8.21011734008789,0.6780353562868014,1311.384521484375,-14.28123950958252,1308.4156404514133,-12.468758337873222,2.9688810329616,-1.8124811717092966,0.0,1,2.378171671594351,2.3781113307398085,-0.016941020654192934,3.107776641845703,-0.02096785418689251,0.7537398338317871,0.041550412774086,-1.1719776455305018,0.0,132.53376708475218,132.53376708475218,5.93620672163727,3.4839134216308594,-0.0714656189084053,0.17930744776521135,1.0,1304.3010432216247,-10.0,4,4,5,123.87622276035052,0.27878782589457524,0.0,1.2052393045702225,-267.93389782128145,75.83411830706132,1.8959638935084349,1.9025373372754806,0.0,0,10.262994387147224,nan
GT+smooth-jitter_controlled_forward3x6_SoftMS_local_prior_3frame_causal_heading_continuous_waypoint_RNN_polynomial_Kalman,1,controlled_gt_jitter,8.0,-266.3939621755853,87.83100455434747,-4.320262224413397,3.5249819103045015,0,0,6,-269.3677599610717,77.33426816540823,-262.0736999511719,84.30602264404297,-1,-269.3677673339844,77.33426666259766,-269.3677599610717,77.33426816540823,0.0,0,0.0,0.0,497,/yh/study/uav-sat/v36_GvsK/v36_training_data/routes/route_C/vi/vi_000497.jpg,-262.0736999511719,84.30602264404297,1306.3762324258714,-20.090028341802796,4,2.0823850475510177,2.0823850475510177,1,2.0823850475510177,138.47030803437917,0.0003342279897140916,1306.3762324258714,-10.0,-269.3677599610717,77.33426816540823,10.090028341802798,5.170988839690418,1,0.0,0,0,0.6551115976608173,1.0,1311.9095458984375,-19.402523040771484,1,1,6,18,1,132.51092511789867,-282.8376159667969,77.46637725830078,-277.78790283203125,86.0870361328125,1,-277.78790283203125,86.0870361328125,1318.521484375,-9.960864067077637,0.6137687563896179,0.2654409110546112,4.0,4.0,1,1314.52392578125,-10.274232864379883,12.756753029978883,20.648630142211914,8.221368789672852,0.6551115976608173,1314.52392578125,-10.274232864379883,1310.4277893194387,-10.274232864379883,4.096136461811331,0.0,0.0,1,2.6029813094387717,2.602919049896402,-0.018003248984397032,3.099839925765991,-0.02225017361342907,0.754736602306366,0.0403590090572834,-1.1853664171293135,0.0,132.52037831315337,132.52037831315337,5.949929721225797,3.4764211177825928,-0.07400348037481308,0.1086382676500076,1.0,1306.3762324258714,-10.0,4,4,5,121.80103355610379,0.29086965793889175,0.0,1.0174548782149735,-269.3677599610717,77.33426816540823,2.075189204246742,2.0823850475510177,0.0,0,10.090028341802798,nan
GT+smooth-jitter_controlled_forward3x6_SoftMS_local_prior_3frame_causal_heading_continuous_waypoint_RNN_polynomial_Kalman,1,controlled_gt_jitter,8.0,-267.92961176290277,88.93252986102262,-4.427261909387144,3.3612407985226205,0,0,6,-270.6818117935538,78.70906886322626,-263.5023498535156,85.5712890625,-1,-270.68182373046875,78.70906829833984,-270.6818117935538,78.70906886322626,0.0,0,0.0,0.0,498,/yh/study/uav-sat/v36_GvsK/v36_training_data/routes/route_C/vi/vi_000498.jpg,-263.5023498535156,85.5712890625,1308.278023470432,-19.931502394490817,4,1.9083866623779075,1.9083866623779075,1,1.9083866623779075,138.47068373599535,0.000375701616197153,1308.278023470432,-10.0,-270.6818117935538,78.70906886322626,9.931502394490819,5.3808191773489105,1,0.0,0,0,0.5630596982276812,1.0,1313.766845703125,-19.053510665893555,1,1,6,18,1,132.51423370422128,-282.8376159667969,77.46637725830078,-277.62701416015625,86.7283935546875,1,-277.62701416015625,86.7283935546875,1318.8740234375,-10.520319938659668,0.696560263633728,0.10139337182044983,4.0,4.0,1,1314.8765869140625,-10.826848983764648,11.244365400015498,20.684906005859375,8.226941108703613,0.5630596982276812,1314.8765869140625,-10.826848983764648,1312.076437640558,-10.826848983764648,2.800149273504487,0.0,0.0,1,2.3854833279723846,2.385423878396691,-0.01684127100586123,3.1163535118103027,-0.02236981876194477,0.7566925287246704,0.04064050689339638,-1.1942800274395915,0.0,132.51146470284309,132.51146470284309,5.959219033152272,3.4938976764678955,-0.07488778233528137,0.08700516020424372,1.0,1308.278023470432,-10.0,4,4,5,119.89924251154332,0.3019419591713498,0.0,1.2079668494323952,-270.6818117935538,78.70906886322626,1.901791044560464,1.9083866623779075,0.0,0,9.931502394490819,nan
GT+smooth-jitter_controlled_forward3x6_SoftMS_local_prior_3frame_causal_heading_continuous_waypoint_RNN_polynomial_Kalman,1,controlled_gt_jitter,8.0,-269.4629123171273,90.00763561752294,-4.5278842409554265,3.194181943206533,0,0,6,-271.9862477040391,80.07380909315063,-264.9350280761719,86.8134536743164,-1,-271.9862365722656,80.07380676269531,-271.9862477040391,80.07380909315063,0.0,0,0.0,0.0,499,/yh/study/uav-sat/v36_GvsK/v36_training_data/routes/route_C/vi/vi_000499.jpg,-264.9350280761719,86.8134536743164,1310.165897655789,-19.754102076606404,4,1.8961908692224194,1.8961908692224194,1,1.8961908692224194,139.07396791851443,0.6032841825190783,1310.165897655789,-10.0,-271.9862477040391,80.07380909315063,9.754102076606397,6.04349760972174,1,0.0,0,0,0.3629117088354007,1.0,1315.603515625,-18.68794059753418,1,1,6,18,1,132.5132645644111,-282.776611328125,86.98269653320312,-276.87371826171875,92.02617645263672,1,-276.87371826171875,92.02617645263672,1322.1832275390625,-14.725404739379883,0.704126238822937,0.022998690605163574,4.0,4.0,1,1318.185546875,-15.038152694702148,9.303491396883036,20.784135818481445,8.24813461303711,0.3629117088354007,1318.185546875,-15.038152694702148,1313.4139048550862,-11.94880431957841,4.771642019913681,-3.089348375123737,0.0,0,2.3702385865280244,2.370178422772913,-0.016887903602101833,3.1358444690704346,-0.022783728316426277,0.7626342177391052,0.04079575464129448,-1.1904356981539321,0.0,132.51530903212876,132.51530903212876,6.5586588863856905,3.516352891921997,-0.07545621693134308,0.027064884146754214,1.0,1310.165897655789,-10.0,4,4,5,118.01136832618624,0.31293323590968675,0.0,1.2396535998480152,-271.9862477040391,80.07380909315063,1.8878741853570873,1.8961908692224194,0.0,0,9.754102076606397,nan
GT+smooth-jitter_controlled_forward3x6_SoftMS_local_prior_3frame_causal_heading_continuous_waypoint_RNN_polynomial_Kalman,1,controlled_gt_jitter,8.0,-271.1324035533393,91.20338278078596,-4.622027576776833,3.0240614917234643,0,0,6,-273.42058517303616,81.57445625526374,-266.5103759765625,88.1793212890625,-1,-273.42059326171875,81.57445526123047,-273.42058517303616,81.57445625526374,0.0,0,0.0,0.0,500,/yh/study/uav-sat/v36_GvsK/v36_training_data/routes/route_C/vi/vi_000500.jpg,-266.5103759765625,88.1793212890625,1312.2417747909121,-19.55903934784907,4,2.085021666140986,2.085021666140986,1,2.085021666140986,139.07386106114026,-0.00010685737417338655,1312.2417747909121,-10.0,-273.42058517303616,81.57445625526374,9.559039347849062,6.630737575876973,1,0.0,0,0,0.3946969287431613,1.0,1317.6214599609375,-18.307275772094727,0,0,6,18,1,132.51398013344834,-287.5384521484375,82.25446319580078,-280.9063720703125,91.80550384521484,1,-280.9063720703125,91.80550384521484,1324.81005859375,-11.657732963562012,0.6707878708839417,0.028378337621688843,4.0,4.0,0,1320.8126220703125,-11.967470169067383,11.449512901561986,20.643924713134766,8.214019775390625,0.3946969287431613,1320.8126220703125,-11.967470169067383,1315.5771913449557,-11.967470169067383,5.235430725356675,0.0,0.0,0,2.6062770826762325,2.6062094804954743,-0.01877166638433047,3.130826950073242,-0.021603472530841827,0.7599654793739319,0.041635021567344666,-1.2041554137623722,0.0,132.5015893165203,132.5015893165203,6.572271744619958,3.5100178718566895,-0.07456520199775696,0.032495042561029655,1.0,1312.2417747909121,-10.0,4,4,5,115.93549119106308,0.3250190731142509,0.0,1.045805283932256,-273.42058517303616,81.57445625526374,2.075877135123131,2.085021666140986,0.0,0,9.559039347849062,nan
GT+smooth-jitter_controlled_forward3x6_SoftMS_local_prior_3frame_causal_heading_continuous_waypoint_RNN_polynomial_Kalman,1,controlled_gt_jitter,8.0,-272.65436409999586,92.27408927506617,-4.709600916402086,2.851138530437271,0,0,6,-274.7265686591102,82.94081560548972,-267.94476318359375,89.4229507446289,-1,-274.7265625,82.9408187866211,-274.7265686591102,82.94081560548972,0.0,0,0.0,0.0,501,/yh/study/uav-sat/v36_GvsK/v36_training_data/routes/route_C/vi/vi_000501.jpg,-267.94476318359375,89.4229507446289,1314.131888739818,-19.38141574975804,4,1.8984416984588455,1.8984416984588455,1,1.8984416984588455,139.07435293762225,0.0004918764820000936,1314.131888739818,-10.0,-274.7265686591102,82.94081560548972,9.381415749758045,7.160126302548372,1,0.0,0,0,0.3514055537021533,1.0,1319.4471435546875,-17.946863174438477,1,1,6,18,1,132.5096433902122,-287.5384521484375,82.25446319580078,-280.9047546386719,91.74532318115234,1,-280.9047546386719,91.74532318115234,1324.7655029296875,-11.61732006072998,0.6603958010673523,0.008775532245635986,4.0,4.0,1,1320.767822265625,-11.929289817810059,9.978466548751006,20.76219940185547,8.240945816040039,0.3514055537021533,1320.767822265625,-11.929289817810059,1317.3482540124987,-11.929289817810059,3.4195682531261826,0.0,0.0,0,2.373052123073557,2.3729933828083856,-0.016696825193211313,3.1457881927490234,-0.022363759577274323,0.7657832503318787,0.04139751195907593,-1.1934723575702375,0.0,132.51227237271243,132.51227237271243,6.562080564909823,3.5278797149658203,-0.07516180723905563,0.029551690380316936,1.0,1314.131888739818,-10.0,4,4,5,114.04537724215731,0.33602338984284935,0.0,1.247346494290178,-274.7265686591102,82.94081560548972,1.890113948905762,1.8984416984588455,0.0,0,9.381415749758045,nan
GT+smooth-jitter_controlled_forward3x6_SoftMS_local_prior_3frame_causal_heading_continuous_waypoint_RNN_polynomial_Kalman,1,controlled_gt_jitter,8.0,-274.17980620034615,93.33888263453157,-4.790523973783637,2.6756746267190765,0,0,6,-276.0357048970214,84.3104734598679,-269.3892822265625,90.6632080078125,-1,-276.03570556640625,84.31047058105469,-276.0357048970214,84.3104734598679,0.0,0,0.0,0.0,502,/yh/study/uav-sat/v36_GvsK/v36_training_data/routes/route_C/vi/vi_000502.jpg,-269.3892822265625,90.6632080078125,1316.02656557967,-19.194137836199697,4,1.9039100147798507,1.9039100147798507,1,1.9039100147798507,139.35076650522808,0.2764135676058317,1316.02656557967,-10.0,-276.0357048970214,84.3104734598679,9.194137836199697,6.267363481801912,1,0.0,0,0,0.5889148013627902,1.0,1321.2708740234375,-17.579849243164062,1,1,6,18,1,132.51056354475946,-282.776611328125,86.98269653320312,-280.6263427734375,92.46963500976562,1,-280.6263427734375,92.46963500976562,1325.0966796875,-12.319049835205078,0.7341265678405762,0.13917993009090424,4.0,4.0,1,1321.098876953125,-12.633138656616211,8.293072585222845,20.889583587646484,8.269203186035156,0.5889148013627902,1321.098876953125,-12.633138656616211,1319.8960812834177,-12.321709422248604,1.2027956697073492,-0.3114292343676066,0.0,1,2.379887518474813,2.3798279338063795,-0.016840607680934875,3.1682984828948975,-0.023631077259778976,0.7732880711555481,0.04098522663116455,-1.2118500487492148,0.0,132.49389468153345,132.49389468153345,6.856871823694631,3.5540812015533447,-0.07832193374633789,0.12601925619441545,1.0,1316.02656557967,-10.0,4,4,5,112.15070040230523,0.34705427189953314,0.0,1.2643884681150468,-276.0357048970214,84.3104734598679,1.89467683985212,1.9039100147798507,0.0,0,9.194137836199697,nan
GT+smooth-jitter_controlled_forward3x6_SoftMS_local_prior_3frame_causal_heading_continuous_waypoint_RNN_polynomial_Kalman,1,controlled_gt_jitter,8.0,-275.8391534989146,94.52210329188544,-4.864727229383332,2.4979333700104425,0,0,6,-277.4722688797892,85.8134500679055,-270.97442626953125,92.024169921875,-1,-277.4722595214844,85.8134536743164,-277.4722688797892,85.8134500679055,0.0,0,0.0,0.0,503,/yh/study/uav-sat/v36_GvsK/v36_training_data/routes/route_C/vi/vi_000503.jpg,-270.97442626953125,92.024169921875,1318.1056650868832,-18.988603878922188,4,2.0892340626382624,2.0892340626382624,1,2.0892340626382624,139.351501275895,0.0007347706668989972,1318.1056650868832,-10.0,-277.4722688797892,85.8134500679055,8.98860387892219,5.908034810867495,1,0.0,0,0,0.7300096495882191,1.0,1323.272705078125,-17.19786262512207,0,0,6,18,1,132.5047293892695,-292.23931884765625,87.04254913330078,-285.45037841796875,97.49018096923828,1,-285.45037841796875,97.49018096923828,1332.0592041015625,-12.300736427307129,0.44891297817230225,0.557414174079895,4.0,22.74288558959961,0,1328.0615234375,-12.609530448913574,11.824199479160892,20.81585693359375,26.994279861450195,0.7300096495882191,1328.0615234375,-12.609530448913574,1322.3631916232507,-12.554515921820562,5.698331814249233,-0.05501452709301269,0.0,1,2.611542578297828,2.6114732341435234,-0.019031174804351587,3.163935899734497,-0.023005634546279907,0.7710193991661072,0.041355326771736145,-1.2137380624461942,0.0,132.49200666783648,132.49200666783648,6.85949460805851,3.5485999584198,-0.07751230150461197,0.1532887190696083,1.0,1318.1056650868832,-10.0,4,4,5,110.07160089509205,0.35915886987940215,0.0,1.0747018370962347,-277.4722688797892,85.8134500679055,2.079099507213168,2.0892340626382624,0.0,0,8.98860387892219,nan
GT+smooth-jitter_controlled_forward3x6_SoftMS_local_prior_3frame_causal_heading_continuous_waypoint_RNN_polynomial_Kalman,1,controlled_gt_jitter,8.0,-277.3499681240399,95.58164579422518,-4.932151961930515,2.3181799128775293,0,0,6,-278.78038587880474,87.1820415637807,-272.4178161621094,93.26346588134766,-1,-278.7803955078125,87.18204498291016,-278.78038587880474,87.1820415637807,0.0,0,0.0,0.0,504,/yh/study/uav-sat/v36_GvsK/v36_training_data/routes/route_C/vi/vi_000504.jpg,-272.4178161621094,93.26346588134766,1319.9988668103388,-18.80147800827249,4,1.902427096411829,1.902427096411829,1,1.902427096411829,139.350579601182,-0.0009216747130007665,1319.9988668103388,-10.0,-278.78038587880474,87.1820415637807,8.80147800827245,5.432854439154232,1,0.0,0,0,0.7539230778872252,1.0,1325.08251953125,-16.837793350219727,1,1,6,18,1,132.50027642609578,-292.23931884765625,87.04254913330078,-285.9127502441406,97.313720703125,1,-285.9127502441406,97.313720703125,1332.251220703125,-11.844562530517578,0.4074481725692749,0.636474609375,4.0,21.352340698242188,1,1328.25341796875,-12.162521362304688,10.593080768778599,20.874305725097656,25.619203567504883,0.7539230778872252,1328.25341796875,-12.162521362304688,1324.3221552745285,-12.162521362304688,3.9312626942213624,0.0,0.0,1,2.3780338705147863,2.377970882320121,-0.017308152795773184,3.162957191467285,-0.023541683331131935,0.7736589908599854,0.040959183126688004,-1.213663570695559,0.0,132.49208115958712,132.49208115958712,6.8584984415948735,3.5489253997802734,-0.07824887335300446,0.18052336226165513,1.0,1319.9988668103388,-10.0,4,4,5,108.17839917163644,0.37018116375120547,0.0,1.260530095055456,-278.78038587880474,87.1820415637807,1.8932017234555976,1.902427096411829,0.0,0,8.80147800827245,nan
GT+smooth-jitter_controlled_forward3x6_SoftMS_local_prior_3frame_causal_heading_continuous_waypoint_RNN_polynomial_Kalman,1,controlled_gt_jitter,8.0,-278.9394360509434,96.68806448515461,-4.992750259927815,2.1366805129866417,0,0,6,-280.1535987594357,88.6187383362194,-273.9466857910156,94.55138397216797,-1,-280.1535949707031,88.61873626708984,-280.1535987594357,88.6187383362194,0.0,0,0.0,0.0,505,/yh/study/uav-sat/v36_GvsK/v36_training_data/routes/route_C/vi/vi_000505.jpg,-273.9466857910156,94.55138397216797,1321.986280011328,-18.58615471787464,4,1.9990436090426276,1.9990436090426276,1,1.9990436090426276,139.8892503109987,0.5386707098167034,1321.986280011328,-10.0,-280.1535987594357,88.6187383362194,8.586154717874628,5.052071636769419,1,0.0,0,0,0.6986174956808314,1.0,1326.9805908203125,-16.453256607055664,1,1,6,18,1,132.4974080668095,-292.23931884765625,87.04254913330078,-285.2566223144531,97.7070541381836,1,-285.2566223144531,97.7070541381836,1332.0821533203125,-12.590651512145996,0.5084174871444702,0.4785545766353607,4.0,21.06821060180664,1,1328.0843505859375,-12.90492057800293,8.33443975831374,20.86304473876953,25.331541061401367,0.6986174956808314,1328.0843505859375,-12.90492057800293,1326.1574781244503,-12.502718867873373,1.926872461487151,-0.40220171012955763,0.0,1,2.4988045113032844,2.498736668861975,-0.01841318533571276,3.1652536392211914,-0.023591868579387665,0.7748531103134155,0.04098604619503021,-1.2354581707285406,0.0,132.47028655955413,132.47028655955413,7.418963751444559,3.5517876148223877,-0.07969796657562256,0.20839160765673273,1.0,1321.986280011328,-10.0,4,4,5,106.19098597064715,0.3817519604997005,0.0,1.1662100301785638,-280.1535987594357,88.6187383362194,1.9874132009892904,1.9990436090426276,0.0,0,8.586154717874628,nan
GT+smooth-jitter_controlled_forward3x6_SoftMS_local_prior_3frame_causal_heading_continuous_waypoint_RNN_polynomial_Kalman,1,controlled_gt_jitter,8.0,-280.5217962923415,97.79282103444488,-5.046485013044617,1.9537020769253497,0,0,6,-281.52660362345654,90.05521747540065,-275.4753112792969,95.83911895751953,-1,-281.526611328125,90.05521392822266,-281.52660362345654,90.05521747540065,0.0,0,0.0,0.0,506,/yh/study/uav-sat/v36_GvsK/v36_training_data/routes/route_C/vi/vi_000506.jpg,-275.4753112792969,95.83911895751953,1323.9733921556037,-18.37088139859492,4,1.9987389214005613,1.9987389214005613,1,1.9987389214005613,139.8887557480326,-0.0004945629661113394,1323.9733921556037,-10.0,-281.52660362345654,90.05521747540065,8.37088139859491,5.4734005106515085,1,0.0,0,0,0.47027746606234466,1.0,1328.87255859375,-16.072708129882812,1,1,6,18,1,132.48791549124536,-273.1919250488281,105.95545959472656,-288.8812255859375,99.85806274414062,1,-288.8812255859375,99.85806274414062,1336.1416015625,-11.456683158874512,0.7882450819015503,0.08445113897323608,4.0,4.0,1,1332.143798828125,-11.76874828338623,10.504461283917122,20.863510131835938,8.262639999389648,0.47027746606234466,1332.143798828125,-11.76874828338623,1327.516655187275,-11.76874828338623,4.627143640849819,0.0,0.0,0,2.4984236517507017,2.498354962018771,-0.01852639693780005,3.1688125133514404,-0.02339020185172558,0.774398922920227,0.04121404513716698,-1.2323724193275758,0.0,132.4733723109551,132.4733723109551,7.415383437077483,3.5551295280456543,-0.07926274836063385,0.05326004377229787,1.0,1323.9733921556037,-10.0,4,4,5,104.20387382637148,0.3933210044843307,0.0,1.1700735919508791,-281.52660362345654,90.05521747540065,1.9871121442756725,1.9987389214005613,0.0,0,8.37088139859491,nan
GT+smooth-jitter_controlled_forward3x6_SoftMS_local_prior_3frame_causal_heading_continuous_waypoint_RNN_polynomial_Kalman,1,controlled_gt_jitter,8.0,-282.09656474686375,98.89577055687836,-5.0933298835825145,1.7695117067807025,0,0,6,-282.8989761424791,91.49103503615447,-277.00323486328125,97.12625885009766,-1,-282.89898681640625,91.49103546142578,-282.8989761424791,91.49103503615447,0.0,0,0.0,0.0,507,/yh/study/uav-sat/v36_GvsK/v36_training_data/routes/route_C/vi/vi_000507.jpg,-277.00323486328125,97.12625885009766,1325.9595891243703,-18.15570430217219,4,1.997818705879411,1.997818705879411,1,1.997818705879411,139.88883907429485,8.332626226351774e-05,1325.9595891243703,-10.0,-282.8989761424791,91.49103503615447,8.155704302172195,6.258936448348523,1,0.0,0,0,0.7330938534772768,1.0,1330.758056640625,-15.696399688720703,1,1,6,18,1,132.4828253994881,-277.8927917480469,110.74354553222656,-284.239013671875,108.1185073852539,1,-284.239013671875,108.1185073852539,1518.7034912109375,-13.983506202697754,0.47198283672332764,0.44927704334259033,4.0,4.0,1,1514.706787109375,-14.295964241027832,16.55365785468286,20.03288459777832,8.096592903137207,0.7330938534772768,1514.706787109375,-14.295964241027832,1330.2255972214327,-12.559604858237506,184.4811898879422,-1.736359382790325,0.0,0,2.4972733823492637,2.497205070942265,-0.018471054392493812,2.94183349609375,-0.019901353865861893,0.7082720994949341,0.0381474532186985,-1.1118296123171942,0.0,132.59391511796548,132.59391511796548,7.294923956329363,3.295332908630371,-0.0647820308804512,0.011797038963200831,1.0,1325.9595891243703,-10.0,4,4,5,102.21767685760494,0.40488472028164685,0.0,0.944014790214339,-282.8989761424791,91.49103503615447,1.9861969687665464,1.997818705879411,0.0,0,8.155704302172195,nan
GT+smooth-jitter_controlled_forward3x6_SoftMS_local_prior_3frame_causal_heading_continuous_waypoint_RNN_polynomial_Kalman,1,controlled_gt_jitter,8.0,-283.6652211625362,99.97988406287313,-5.133269258239368,1.5843762503731296,0,0,6,-284.2627911351507,92.91789945449176,-278.5319519042969,98.3955078125,-1,-284.2627868652344,92.91790008544922,-284.2627911351507,92.91789945449176,0.0,0,0.0,0.0,508,/yh/study/uav-sat/v36_GvsK/v36_training_data/routes/route_C/vi/vi_000508.jpg,-278.5319519042969,98.3955078125,1327.9334010208165,-17.92759179156031,4,1.9869496017893846,1.9869496017893846,1,1.9869496017893846,140.29814471653472,0.4093056422398651,1327.9334010208165,-10.0,-284.2627911351507,92.91789945449176,7.927591791560331,7.117963188245693,1,0.0,0,0,0.7386591838634387,1.0,1332.6256103515625,-15.311494827270508,1,1,6,18,1,132.52170678494693,-277.8927917480469,110.74354553222656,-283.9896545410156,108.31759643554688,1,-283.9896545410156,108.31759643554688,1518.847412109375,-13.698763847351074,0.46186405420303345,0.4234456419944763,4.0,4.0,1,1514.8505859375,-14.010539054870605,14.58594410206234,20.17196273803711,8.124878883361816,0.7386591838634387,1514.8505859375,-14.010539054870605,1332.214713776441,-12.568787653374674,182.635872161059,-1.4417514014959316,0.0,0,2.4836870022367306,2.4836250930313786,-0.01753631502210825,2.9732282161712646,-0.020596299320459366,0.719146728515625,0.03837581351399422,-1.1289904626068512,0.0,132.57675426767582,132.57675426767582,7.721390448858887,3.3321268558502197,-0.06707539409399033,0.012146519875450922,1.0,1327.9334010208165,-10.0,4,4,5,100.24386496115869,0.4163763297074937,0.0,0.98627861438188,-284.2627911351507,92.91789945449176,1.9738118964462514,1.9869496017893846,0.0,0,7.927591791560331,nan
GT+smooth-jitter_controlled_forward3x6_SoftMS_local_prior_3frame_causal_heading_continuous_waypoint_RNN_polynomial_Kalman,1,controlled_gt_jitter,8.0,-285.2268450554396,101.0632118194107,-5.16629818043959,1.3985618560317972,0,0,6,-285.6264944979074,94.34464708224209,-280.060546875,99.6646499633789,-1,-285.6264953613281,94.34465026855469,-285.6264944979074,94.34464708224209,0.0,0,0.0,0.0,509,/yh/study/uav-sat/v36_GvsK/v36_training_data/routes/route_C/vi/vi_000509.jpg,-280.060546875,99.6646499633789,1329.90705135836,-17.699493723372495,4,1.9867874530498788,1.9867874530498788,1,1.9867874530498788,140.29826586381557,0.00012114728087195826,1329.90705135836,-10.0,-285.6264944979074,94.34464708224209,7.699493723372503,8.009762531865467,1,0.0,0,0,0.7609892340338603,1.0,1334.48779296875,-14.931131362915039,1,1,6,18,1,132.54097336121336,-277.8927917480469,110.74354553222656,-287.39715576171875,108.47787475585938,1,-287.39715576171875,108.47787475585938,1515.6817626953125,-14.969742774963379,0.4212639629840851,0.5279884338378906,4.0,4.0,1,1511.684814453125,-15.282411575317383,15.069823117792826,20.168867111206055,8.12357234954834,0.7609892340338603,1511.684814453125,-15.282411575317383,1334.249771751953,-12.60563223615587,177.43504270117197,-2.6767793391615133,0.0,0,2.4834843163123486,2.483423679814464,-0.017354420364899023,2.975764274597168,-0.019708681851625443,0.7153725624084473,0.03906045854091644,-1.0794394678908186,0.0,132.62630526239187,132.62630526239187,7.671960601423726,3.332855701446533,-0.0629761591553688,0.013691038025268113,1.0,1329.90705135836,-10.0,4,4,5,98.27021462361529,0.42786699853114135,0.0,0.9889768215472892,-285.6264944979074,94.34464708224209,1.9736503375434038,1.9867874530498788,0.0,0,7.699493723372503,nan
GT+smooth-jitter_controlled_forward3x6_SoftMS_local_prior_3frame_causal_heading_continuous_waypoint_RNN_polynomial_Kalman,1,controlled_gt_jitter,8.0,-286.78104531041515,102.14571365973107,-5.192422263540176,1.2123335327779416,0,0,6,-286.98974439295307,95.77092027838307,-281.588623046875,100.93338012695312,-1,-286.98974609375,95.77091979980469,-286.98974439295307,95.77092027838307,0.0,0,0.0,0.0,510,/yh/study/uav-sat/v36_GvsK/v36_training_data/routes/route_C/vi/vi_000510.jpg,-281.588623046875,100.93338012695312,1331.880045404568,-17.471486029108135,4,1.9861251257197312,1.9861251257197312,1,1.9861251257197312,140.2978496101654,-0.0004162536501937123,1331.880045404568,-10.0,-286.98974439295307,95.77092027838307,7.4714860291081395,8.900586835180562,1,0.0,0,0,0.7799996571576968,1.0,1336.3441162109375,-14.555562973022461,1,1,6,18,1,132.570839537298,-277.8927917480469,110.74354553222656,-286.94122314453125,108.54164123535156,1,-286.94122314453125,108.54164123535156,1516.0699462890625,-14.722185134887695,0.3866995573043823,0.5807024240493774,4.0,4.0,1,1512.0728759765625,-15.047039031982422,12.797355684671794,20.130908966064453,8.115368843078613,0.7799996571576968,1512.0728759765625,-15.047039031982422,1336.2750444617516,-12.6369994343102,175.79783151481092,-2.410039597672222,0.0,0,2.482656407149664,2.482599209070849,-0.016852390989812248,2.9746172428131104,-0.021528076380491257,0.7209069728851318,0.03789613023400307,-1.0914823720580205,0.0,132.61426235822466,132.61426235822466,7.683587251940734,3.334416389465332,-0.06610865890979767,0.01486123906958712,1.0,1331.880045404568,-10.0,4,4,5,96.2972205774073,0.43935384640117636,0.0,0.9884921170933791,-286.98974439295307,95.77092027838307,1.9729940462080067,1.9861251257197312,0.0,0,7.4714860291081395,nan
GT+smooth-jitter_controlled_forward3x6_SoftMS_local_prior_3frame_causal_heading_continuous_waypoint_RNN_polynomial_Kalman,1,controlled_gt_jitter,8.0,-288.25285631573007,103.19082593258567,-5.211657585261345,1.0259547167653504,0,0,6,-288.29834840663796,97.14002130370817,-283.04119873046875,102.16487121582031,-1,-288.29833984375,97.14002227783203,-288.29834840663796,97.14002130370817,0.0,0,0.0,0.0,511,/yh/study/uav-sat/v36_GvsK/v36_training_data/routes/route_C/vi/vi_000511.jpg,-283.04119873046875,102.16487121582031,1333.7739519709482,-17.27232695613305,4,1.9043493425648408,1.9043493425648408,1,1.9043493425648408,139.70878096322483,-0.5890686469405654,1333.7739519709482,-10.0,-288.29834840663796,97.14002130370817,7.272326956133052,9.725732076924789,1,0.0,0,0,0.8301223309672252,1.0,1338.1165771484375,-14.213719367980957,1,1,6,18,1,132.58603756197493,-277.8927917480469,110.74354553222656,-285.4947204589844,108.87637329101562,1,-285.4947204589844,108.87637329101562,1517.246337890625,-13.816339492797852,0.29556742310523987,0.5706397891044617,4.0,4.0,1,1513.249267578125,-14.1360502243042,10.199883207744902,20.17228126525879,8.122756958007812,0.8301223309672252,1513.249267578125,-14.1360502243042,1338.3067883811082,-12.719701846095923,174.9424791970169,-1.4163483782082773,0.0,0,2.380436678206051,2.380377780753933,-0.01674514382263727,2.9904673099517822,-0.021262893453240395,0.7272690534591675,0.03845946863293648,-1.106282965102615,0.0,132.59946176518005,132.59946176518005,7.109319198044764,3.3534374237060547,-0.06679069250822067,0.018174669440672885,1.0,1333.7739519709482,-10.0,4,4,5,94.40331401102696,0.45038024389582854,0.0,1.0861179673869414,-288.29834840663796,97.14002130370817,1.893906566380299,1.9043493425648408,0.0,0,7.272326956133052,nan
GT+smooth-jitter_controlled_forward3x6_SoftMS_local_prior_3frame_causal_heading_continuous_waypoint_RNN_polynomial_Kalman,1,controlled_gt_jitter,8.0,-289.8627634738856,104.3589586953924,-5.224030563729334,0.8396868448064646,0,0,6,-289.73755037973416,98.64575785686708,-284.63873291015625,103.51927185058594,-1,-289.737548828125,98.64575958251953,-289.73755037973416,98.64575785686708,0.0,0,0.0,0.0,512,/yh/study/uav-sat/v36_GvsK/v36_training_data/routes/route_C/vi/vi_000512.jpg,-284.63873291015625,103.51927185058594,1335.8568693689463,-17.053302647345152,4,2.0944012353709454,2.0944012353709454,1,2.0944012353709454,139.70848903841696,-0.0002919248078802339,1335.8568693689463,-10.0,-289.73755037973416,98.64575785686708,7.0533026473451725,10.629999751192756,1,0.0,0,0,0.6939410584009067,1.0,1340.073486328125,-13.857048034667969,0,0,6,18,1,132.59073598507194,-282.5936584472656,115.53163146972656,-291.2818908691406,113.08442687988281,1,-291.2818908691406,113.08442687988281,1510.2335205078125,-12.395398139953613,0.5431697368621826,0.32947838306427,4.0,4.0,0,1506.2362060546875,-12.718501091003418,15.098506438356402,20.343713760375977,8.158622741699219,0.6939410584009067,1506.2362060546875,-12.718501091003418,1340.0152072795488,-12.495002746361497,166.22099877513875,-0.22349834464192186,0.0,0,2.6180015442136817,2.617936000123146,-0.018525246677009673,3.031503438949585,-0.021672973409295082,0.7397953271865845,0.03919374197721481,-1.1139603111731209,0.0,132.59178441910956,132.59178441910956,7.116704619307389,3.4007179737091064,-0.06820251792669296,0.010469507706525567,1.0,1335.8568693689463,-10.0,4,4,5,92.32039661302895,0.4625070697839439,0.0,0.9371022035786396,-289.73755037973416,98.64575785686708,2.0829173979980298,2.0944012353709454,0.0,0,7.0533026473451725,nan
GT+smooth-jitter_controlled_forward3x6_SoftMS_local_prior_3frame_causal_heading_continuous_waypoint_RNN_polynomial_Kalman,1,controlled_gt_jitter,8.0,-291.3219240069633,105.4054292556129,-5.229577815557013,0.6537889357886875,0,0,6,-291.04708800447617,100.01583565426543,-286.09234619140625,104.75164031982422,-1,-291.0470886230469,100.01583862304688,-291.04708800447617,100.01583565426543,0.0,0,0.0,0.0,513,/yh/study/uav-sat/v36_GvsK/v36_training_data/routes/route_C/vi/vi_000513.jpg,-286.09234619140625,104.75164031982422,1337.7521271249095,-16.853999727495765,4,1.9057081663778157,1.9057081663778157,1,1.9057081663778157,139.70883355017406,0.0003445117571120901,1337.7521271249095,-10.0,-291.04708800447617,100.01583565426543,6.8539997274957445,11.394758439511381,1,0.0,0,0,0.7644220428502932,1.0,1341.838134765625,-13.525287628173828,1,1,6,18,1,132.59110289429643,-282.5936584472656,115.53163146972656,-290.190673828125,113.76272583007812,1,-290.190673828125,113.76272583007812,1510.94384765625,-11.324808120727539,0.41502249240875244,0.4424552321434021,4.0,4.0,1,1506.9462890625,-11.651378631591797,13.023019563313945,20.485668182373047,8.188556671142578,0.7644220428502932,1506.9462890625,-11.651378631591797,1342.1042877427478,-11.651378631591797,164.84200131975217,0.0,0.0,0,2.3821352079722695,2.3820748860260728,-0.016952475481796396,3.058189630508423,-0.022195948287844658,0.7476043701171875,0.03939712792634964,-1.130031639568455,0.0,132.57571309071423,132.57571309071423,7.133120459459835,3.431274890899658,-0.07018090784549713,0.012011629952372666,1.0,1337.7521271249095,-10.0,4,4,5,90.42513885706569,0.4735413339567609,0.0,1.1524814641306071,-291.04708800447617,100.01583565426543,1.8952577559632504,1.9057081663778157,0.0,0,6.8539997274957445,nan
GT+smooth-jitter_controlled_forward3x6_SoftMS_local_prior_3frame_causal_heading_continuous_waypoint_RNN_polynomial_Kalman,1,controlled_gt_jitter,8.0,-292.8421460452519,106.49644839414266,-5.228345996423793,0.46851718076375176,0,0,6,-292.4109527906596,101.44275216807807,-287.6138000488281,106.0279312133789,-1,-292.41094970703125,101.4427490234375,-292.4109527906596,101.44275216807807,0.0,0,0.0,0.0,514,/yh/study/uav-sat/v36_GvsK/v36_training_data/routes/route_C/vi/vi_000514.jpg,-287.6138000488281,106.0279312133789,1339.7260110861348,-16.636003413646428,4,1.9858852648716958,1.9858852648716958,1,1.9858852648716958,140.0079670965611,0.29913354638701894,1339.7260110861348,-10.0,-292.4109527906596,101.44275216807807,6.636003413646447,12.10665086702164,1,0.0,0,0,0.746734838370122,1.0,1343.67724609375,-13.180167198181152,1,1,6,18,1,132.58571643636225,-282.5936584472656,115.53163146972656,-290.55767822265625,113.3053207397461,1,-290.55767822265625,113.3053207397461,1510.80029296875,-11.893394470214844,0.4471810460090637,0.43526691198349,4.0,4.0,1,1506.802734375,-12.218262672424316,10.945544570981781,20.56112289428711,8.204129219055176,0.746734838370122,1506.802734375,-12.218262672424316,1344.0295318916526,-12.218262672424316,162.77320248334735,0.0,0.0,0,2.4823565810896193,2.4822923323897097,-0.017859793901369252,3.076694965362549,-0.022839412093162537,0.7560158371925354,0.039418675005435944,-1.1538640905733337,0.0,132.55188063970934,132.55188063970934,7.456086456851733,3.453939437866211,-0.07269805669784546,0.0123345214343615,1.0,1339.7260110861348,-10.0,4,4,5,88.4512548958404,0.4850333629465467,0.0,1.090809700490853,-292.4109527906596,101.44275216807807,1.9738839612252967,1.9858852648716958,0.0,0,6.636003413646447,nan
GT+smooth-jitter_controlled_forward3x6_SoftMS_local_prior_3frame_causal_heading_continuous_waypoint_RNN_polynomial_Kalman,1,controlled_gt_jitter,8.0,-294.35585915394864,107.58852975486734,-5.22039162465175,0.28412454246499447,0,0,6,-293.7750110237917,102.86987107192849,-289.1354675292969,107.30440521240234,-1,-293.7750244140625,102.869873046875,-293.7750110237917,102.86987107192849,0.0,0,0.0,0.0,515,/yh/study/uav-sat/v36_GvsK/v36_training_data/routes/route_C/vi/vi_000515.jpg,-289.1354675292969,107.30440521240234,1341.7001750178038,-16.41797918977128,4,1.9861666071352122,1.9861666071352122,1,1.9861666071352122,140.00788079084208,-8.630571899635886e-05,1341.7001750178038,-10.0,-293.7750110237917,102.86987107192849,6.417979189771303,12.653267647466237,1,0.0,0,0,0.7845948206222431,1.0,1345.5125732421875,-12.840486526489258,1,1,6,18,1,132.5738739555585,-282.5936584472656,115.53163146972656,-289.981201171875,113.77877807617188,1,-289.981201171875,113.77877807617188,1511.127685546875,-11.223115921020508,0.37834471464157104,0.4641244113445282,4.0,4.0,1,1507.130126953125,-11.542767524719238,9.102089920612574,20.559051513671875,8.200969696044922,0.7845948206222431,1507.130126953125,-11.542767524719238,1346.107810774515,-11.542767524719238,161.02231617861008,0.0,0.0,0,2.4827082589190153,2.4826417236500653,-0.018176107848531096,3.0906755924224854,-0.021969256922602654,0.7560611963272095,0.04037889093160629,-1.1668778420980292,0.0,132.53886688818466,132.53886688818466,7.469013902657433,3.4679505825042725,-0.0724177435040474,0.01280497454077528,1.0,1341.7001750178038,-10.0,4,4,5,86.47709096417145,0.4965270219351157,0.0,1.1045089852872731,-293.7750110237917,102.86987107192849,1.9741639316689557,1.9861666071352122,0.0,0,6.417979189771303,nan
GT+smooth-jitter_controlled_forward3x6_SoftMS_local_prior_3frame_causal_heading_continuous_waypoint_RNN_polynomial_Kalman,1,controlled_gt_jitter,8.0,-295.8630990035427,108.68189216429629,-5.2057808883083245,0.10086036497987534,0,0,6,-295.13923289099125,104.29716117468033,-290.6573181152344,108.5810317993164,-1,-295.13922119140625,104.29716491699219,-295.13923289099125,104.29716117468033,0.0,0,0.0,0.0,516,/yh/study/uav-sat/v36_GvsK/v36_training_data/routes/route_C/vi/vi_000516.jpg,-290.6573181152344,108.5810317993164,1343.6745757725541,-16.1999280306926,4,1.9864049557766816,1.9864049557766816,1,1.9864049557766816,140.00790317482134,2.238397926823924e-05,1343.6745757725541,-10.0,-295.13923289099125,104.29716117468033,6.199928030692593,13.302641802163823,1,0.0,0,0,0.6788258092439547,1.0,1347.344482421875,-12.506370544433594,1,1,6,18,1,132.56162144996114,-287.2945251464844,120.31971740722656,-297.12481689453125,118.19743347167969,1,-297.12481689453125,118.19743347167969,1502.793701171875,-10.174612998962402,0.5706520080566406,0.3717834949493408,4.0,4.0,1,1498.7960205078125,-10.498435974121094,15.015424029636602,20.671602249145508,8.226410865783691,0.6788258092439547,1498.7960205078125,-10.498435974121094,1347.791346747975,-10.498435974121094,151.0046737598375,0.0,0.0,0,2.483006194720852,2.4829417740572035,-0.017886018668017964,3.104142904281616,-0.02265850082039833,0.7595712542533875,0.04019930586218834,-1.1570975448151,0.0,132.5486471854676,132.5486471854676,7.459255989353769,3.483166217803955,-0.07291204482316971,0.007683797886272981,1.0,1343.6745757725541,-10.0,4,4,5,84.50269020942108,0.5080220597168512,0.0,1.1177379485049346,-295.13923289099125,104.29716117468033,1.974400754750356,1.9864049557766816,0.0,0,6.199928030692593,nan
GT+smooth-jitter_controlled_forward3x6_SoftMS_local_prior_3frame_causal_heading_continuous_waypoint_RNN_polynomial_Kalman,1,controlled_gt_jitter,8.0,-297.3875313309292,109.77286708900466,-5.184589436397971,-0.08103000572189407,0,0,6,-296.5129257976617,105.73436016485334,-292.20294189453125,109.85389709472656,-1,-296.512939453125,105.73435974121094,-296.5129257976617,105.73436016485334,0.0,0,0.0,0.0,517,/yh/study/uav-sat/v36_GvsK/v36_training_data/routes/route_C/vi/vi_000517.jpg,-292.20294189453125,109.85389709472656,1345.6626837020165,-15.962092397961719,4,2.0022834283356437,2.0022834283356437,1,2.0022834283356437,140.5275698914216,0.5196667166002369,1345.6626837020165,-10.0,-296.5129257976617,105.73436016485334,5.96209239796171,13.937932110471685,1,0.0,0,0,0.6477571921384707,1.0,1349.1864013671875,-12.158175468444824,1,1,6,18,1,132.55708044138012,-287.2945251464844,120.31971740722656,-297.19940185546875,117.7365493774414,1,-297.19940185546875,117.7365493774414,1502.91748046875,-10.62478256225586,0.6271404027938843,0.21797162294387817,4.0,4.0,1,1498.919677734375,-10.954121589660645,12.742671000879378,20.781919479370117,8.250218391418457,0.6477571921384707,1498.919677734375,-10.954121589660645,1349.6940159803974,-10.954121589660645,149.22566175397773,0.0,0.0,0,2.502854285419555,2.5027883917659817,-0.01816150006145484,3.1232948303222656,-0.023137608543038368,0.7663440704345703,0.04028826951980591,-1.1681029005586945,0.0,132.53764182972398,132.53764182972398,7.989928061697604,3.5056769847869873,-0.07447508722543716,0.006927032142924236,1.0,1345.6626837020165,-10.0,4,4,5,82.51458227995874,0.519596901201465,0.0,1.121011401986622,-296.5129257976617,105.73436016485334,1.988107929462338,2.0022834283356437,0.0,0,5.96209239796171,nan
GT+smooth-jitter_controlled_forward3x6_SoftMS_local_prior_3frame_causal_heading_continuous_waypoint_RNN_polynomial_Kalman,1,controlled_gt_jitter,8.0,-298.90595610981416,110.86585352891505,-5.1569021547360085,-0.26130558973729595,0,0,6,-297.8870499807721,107.17201036945785,-293.7490539550781,111.12715911865234,-1,-297.8870544433594,107.17201232910156,-297.8870499807721,107.17201036945785,0.0,0,0.0,0.0,518,/yh/study/uav-sat/v36_GvsK/v36_training_data/routes/route_C/vi/vi_000518.jpg,-293.7490539550781,111.12715911865234,1347.6514158059983,-15.724177909264691,4,2.0029125505972747,2.0029125505972747,1,2.0029125505972747,140.5276888037764,0.00011891235481572463,1347.6514158059983,-10.0,-297.8870499807721,107.17201036945785,5.724177909264674,14.501424352996747,1,0.0,0,0,0.6425620751417056,1.0,1351.0257568359375,-11.815713882446289,1,1,6,18,1,132.55027693263656,-287.2945251464844,120.31971740722656,-297.2047119140625,117.96354675292969,1,-297.2047119140625,117.96354675292969,1502.8182373046875,-10.420543670654297,0.63658607006073,0.18963295221328735,4.0,4.0,1,1498.820556640625,-10.741567611694336,10.93376780704725,20.738370895385742,8.239225387573242,0.6425620751417056,1498.820556640625,-10.741567611694336,1351.668461512638,-10.741567611694336,147.15209512798697,0.0,0.0,0,2.5036406882465934,2.503573243766272,-0.018376858858431058,3.121868848800659,-0.022862620651721954,0.7637196183204651,0.04044882580637932,-1.1695628534937847,0.0,132.5361818767889,132.5361818767889,7.991506926987507,3.5029449462890625,-0.07415333390235901,0.006647427126438698,1.0,1347.6514158059983,-10.0,4,4,5,80.52585017597687,0.5311753766543434,0.0,1.1189562982033845,-297.8870499807721,107.17201036945785,1.9887321039818715,2.0029125505972747,0.0,0,5.724177909264674,nan
GT+smooth-jitter_controlled_forward3x6_SoftMS_local_prior_3frame_causal_heading_continuous_waypoint_RNN_polynomial_Kalman,1,controlled_gt_jitter,8.0,-300.4166056517357,111.95956186316839,-5.1228129271263745,-0.4397301290191083,0,0,6,-299.25995452998666,108.6083845562603,-295.2937927246094,112.3992919921875,-1,-299.25994873046875,108.60838317871094,-299.25995452998666,108.6083845562603,0.0,0,0.0,0.0,519,/yh/study/uav-sat/v36_GvsK/v36_training_data/routes/route_C/vi/vi_000519.jpg,-295.2937927246094,112.3992919921875,1349.6383827674163,-15.486475977729366,4,2.0011346566440085,2.0011346566440085,1,2.0011346566440085,140.52764926006157,-3.9543714832002636e-05,1349.6383827674163,-10.0,-299.25995452998666,108.6083845562603,5.486475977729392,15.054894787809344,1,0.0,0,0,0.4149987982547656,1.0,1352.860107421875,-11.479372024536133,1,1,6,18,1,132.54534361506512,-296.75726318359375,120.37957763671875,-303.1583251953125,118.35418701171875,1,-303.1583251953125,118.35418701171875,1497.2412109375,-12.540620803833008,0.6705341339111328,0.03644326329231262,4.0,4.0,1,1493.243408203125,-12.863825798034668,13.747617086436719,20.858400344848633,8.264870643615723,0.4149987982547656,1493.243408203125,-12.863825798034668,1353.0296294626169,-12.034748017120364,140.21377874050813,-0.8290777809143046,0.0,0,2.5014183208050107,2.5013511068039933,-0.018337288496298315,3.1484079360961914,-0.02361048385500908,0.7726100087165833,0.0405256450176239,-1.2002383002733699,0.0,132.50550643000932,132.50550643000932,8.022142830052262,3.533867359161377,-0.07738706469535828,0.005689611072804977,1.0,1349.6383827674163,-10.0,4,4,5,78.53888321455895,0.5427435753787442,0.0,1.147273279452183,-299.25995452998666,108.6083845562603,1.9869669614179553,2.0011346566440085,0.0,0,5.486475977729392,nan
GT+smooth-jitter_controlled_forward3x6_SoftMS_local_prior_3frame_causal_heading_continuous_waypoint_RNN_polynomial_Kalman,1,controlled_gt_jitter,8.0,-301.9052088063207,113.06383632204,-5.082424382492573,-0.6160724304014072,0,0,6,-300.62957874895005,110.04132676252226,-296.8227844238281,113.6799087524414,-1,-300.62957763671875,110.04132843017578,-300.62957874895005,110.04132676252226,0.0,0,0.0,0.0,520,/yh/study/uav-sat/v36_GvsK/v36_training_data/routes/route_C/vi/vi_000520.jpg,-296.8227844238281,113.6799087524414,1351.6206021971611,-15.26601955286389,4,1.9944410001108208,1.9944410001108208,1,1.9944410001108208,140.0519273081201,-0.47572195194146344,1351.6206021971611,-10.0,-300.62957874895005,110.04132676252226,5.26601955286386,15.536004519394771,1,0.0,0,0,0.4995931120551006,1.0,1354.68701171875,-11.166267395019531,1,1,6,18,1,132.53140063764818,-296.75726318359375,120.37957763671875,-303.0469665527344,118.2697525024414,1,-303.0469665527344,118.2697525024414,1497.3775634765625,-12.571111679077148,0.6679032444953918,0.06970219314098358,4.0,4.0,1,1493.3797607421875,-12.889892578125,11.636140448596336,20.818553924560547,8.255346298217773,0.4995931120551006,1493.3797607421875,-12.889892578125,1355.2444832553126,-12.174328634890916,138.13527748687483,-0.7155639432340841,0.0,0,2.4930512501385262,2.4929825514482347,-0.018507673865689637,3.1439712047576904,-0.023058654740452766,0.7688373923301697,0.04083612933754921,-1.1793394155170118,0.0,132.52640531476567,132.52640531476567,7.525521993354442,3.527588129043579,-0.07526101171970367,0.006454903063449796,1.0,1351.6206021971611,-10.0,4,4,5,76.55666378481408,0.5542841337895863,0.0,1.1495302046468696,-300.62957874895005,110.04132676252226,1.982219429744843,1.9944410001108208,0.0,0,5.26601955286386,nan
GT+smooth-jitter_controlled_forward3x6_SoftMS_local_prior_3frame_causal_heading_continuous_waypoint_RNN_polynomial_Kalman,1,controlled_gt_jitter,8.0,-303.387318575902,114.1701594179877,-5.035847628636387,-0.7901066952935476,0,0,6,-302.1553609040814,111.32446015519069,-298.3514709472656,114.96026611328125,-1,-302.1553649902344,111.324462890625,-302.1553609040814,111.32446015519069,0.0,0,0.0,0.0,521,/yh/study/uav-sat/v36_GvsK/v36_training_data/routes/route_C/vi/vi_000521.jpg,-298.3514709472656,114.96026611328125,1353.602423244922,-15.04560450562597,4,1.9940404856462168,1.9940404856462168,1,1.9940404856462168,140.0520109587521,8.365063199781769e-05,1353.602423244922,-10.0,-301.9989277039314,111.47398097929597,5.045604505625995,15.947219428944878,1,0.0,0,0,0.4746268914974109,1.0,1356.5107421875,-10.859272956848145,1,1,6,18,1,132.52965232266408,-291.99542236328125,125.10780334472656,-302.0355224609375,123.54743194580078,1,-302.0355224609375,123.54743194580078,1496.1031494140625,-7.350697994232178,0.5707626342773438,0.038344770669937134,4.0,4.0,1,1492.105224609375,-7.671449184417725,12.438208125206259,20.940345764160156,8.282000541687012,0.4746268914974109,1492.105224609375,-7.671449184417725,1357.1576471965398,-7.866865629029272,134.94757741283516,0.1954164446115474,0.0,0,2.492550607057771,2.4924828329151696,-0.018380869599530062,3.1651220321655273,-0.024163179099559784,0.7771400213241577,0.0405198372900486,-1.2147180878703854,0.0,132.4910266424123,132.4910266424123,7.56098431633981,3.5528109073638916,-0.07923796027898788,0.006177001292781915,1.0,1353.602423244922,-9.783602627210229,4,4,5,74.57484273705325,0.565822372805064,0.0,1.1710815465193105,-302.1553609040814,111.32446015519069,1.9936003833010565,1.9940404856462168,0.0,0,5.262001878415749,nan
GT+smooth-jitter_controlled_forward3x6_SoftMS_local_prior_3frame_causal_heading_continuous_waypoint_RNN_polynomial_Kalman,1,controlled_gt_jitter,8.0,-304.8623828815257,115.27820192279312,-4.9832019733226,-0.9616128355076691,0,0,6,-303.5945440254656,112.68862386908788,-299.8791809082031,116.23981475830078,-1,-303.59454345703125,112.6886215209961,-303.5945440254656,112.68862386908788,0.0,0,0.0,0.0,522,/yh/study/uav-sat/v36_GvsK/v36_training_data/routes/route_C/vi/vi_000522.jpg,-299.8791809082031,116.23981475830078,1355.5829849130976,-14.825336627185457,4,1.9927725559428442,1.9927725559428442,1,1.9927725559428442,140.05180799874233,-0.0002029600097548754,1355.5829849130976,-9.802328853486891,-303.5103025354596,112.7691429468634,5.023007773698501,15.696583201327416,1,0.0,0,0,0.733602655116357,1.0,1358.3310546875,-10.55855941772461,1,1,6,18,1,132.5161333505842,-296.7267761230469,125.13773345947266,-306.0003662109375,123.82019805908203,1,-306.0003662109375,123.82019805908203,1492.3839111328125,-8.75110149383545,0.4710577428340912,0.36750486493110657,4.0,4.0,1,1488.3863525390625,-9.066418647766113,13.340706222001083,20.699247360229492,8.226017951965332,0.733602655116357,1488.3863525390625,-9.066418647766113,1359.8503922146676,-9.066418647766113,128.53596032439495,0.0,0.0,1,2.4909656949285552,2.490895305258801,-0.01872622627666222,3.143101453781128,-0.021801326423883438,0.7662853002548218,0.0418102964758873,-1.2097283145165736,0.0,132.4960164157661,132.4960164157661,7.555791582976245,3.525439500808716,-0.07534265518188477,0.010760954501192722,1.0,1355.5829849130976,-9.685795808713081,4,4,5,72.59428106887765,0.5773532796637447,0.0,1.1503288978382837,-303.5945440254656,112.68862386908788,1.9829752129542362,1.9927725559428442,0.0,0,5.139540818472321,nan
GT+smooth-jitter_controlled_forward3x6_SoftMS_local_prior_3frame_causal_heading_continuous_waypoint_RNN_polynomial_Kalman,1,controlled_gt_jitter,8.0,-306.3456656588004,116.38942913347984,-4.9246146334097745,-1.1303767747232933,0,0,6,-304.9854980273843,114.1128625438384,-301.4210510253906,117.51980590820312,-1,-304.9855041503906,114.11286163330078,-304.9854980273843,114.1128625438384,0.0,0,0.0,0.0,523,/yh/study/uav-sat/v36_GvsK/v36_training_data/routes/route_C/vi/vi_000523.jpg,-301.4210510253906,117.51980590820312,1357.573650496393,-14.595138152849197,4,2.0039313366740186,2.0039313366740186,1,2.0039313366740186,140.30206970796345,0.25026170922109864,1357.573650496393,-9.703826853821107,-304.9569695514467,114.140130420661,4.891311299028087,15.58504614769268,1,0.0,0,0,0.7007853345907107,1.0,1360.1591796875,-10.254105567932129,1,1,6,18,1,132.50909238604527,-296.7267761230469,125.13773345947266,-306.5711975097656,123.68003845214844,1,-306.5711975097656,123.68003845214844,1491.9229736328125,-9.1159086227417,0.5307255983352661,0.2753673791885376,4.0,4.0,1,1487.92529296875,-9.438215255737305,11.672809242586887,20.71703338623047,8.233707427978516,0.7007853345907107,1487.92529296875,-9.438215255737305,1361.7508101665173,-9.438215255737305,126.17448280223262,0.0,0.0,1,2.5049141708425227,2.5048492738486274,-0.018031045108025636,3.1326801776885986,-0.02299479953944683,0.7673945426940918,0.04070025682449341,-1.2217212729254698,0.0,132.4840234573572,132.4840234573572,7.81804625060624,3.51552152633667,-0.0776183158159256,0.009342086457651852,1.0,1357.573650496393,-9.664362806312848,4,4,5,70.60361548558228,0.5889430119081865,0.0,1.12874884101458,-304.9854980273843,114.1128625438384,1.9907809618611547,2.0039313366740186,0.0,0,4.930775346536351,nan
GT+smooth-jitter_controlled_forward3x6_SoftMS_local_prior_3frame_causal_heading_continuous_waypoint_RNN_polynomial_Kalman,1,controlled_gt_jitter,8.0,-307.82240915346995,117.50301123020212,-4.860220432766835,-1.2961907351299153,0,0,6,-306.3915568120178,115.52136872608517,-302.9621887207031,118.79920196533203,-1,-306.3915710449219,115.52136993408203,-306.3915568120178,115.52136872608517,0.0,0,0.0,0.0,524,/yh/study/uav-sat/v36_GvsK/v36_training_data/routes/route_C/vi/vi_000524.jpg,-302.9621887207031,118.79920196533203,1359.5633798179092,-14.365057962462213,4,2.002987685161872,2.002987685161872,1,2.002987685161872,140.30178510609775,-0.0002846018657038636,1359.5633798179092,-9.682580243387392,-306.3471418963498,115.56382106220613,4.682477719074833,15.428749832407819,1,0.0,0,0,0.7075455890930071,1.0,1361.984619140625,-9.956006050109863,1,1,6,18,1,132.50031826100445,-296.7267761230469,125.13773345947266,-306.4042053222656,123.78711700439453,1,-306.4042053222656,123.78711700439453,1492.0303955078125,-8.949092864990234,0.5184342265129089,0.2607375383377075,4.0,4.0,1,1488.0325927734375,-9.27170181274414,9.613518027458765,20.751483917236328,8.240927696228027,0.7075455890930071,1488.0325927734375,-9.27170181274414,1363.759130187915,-9.27170181274414,124.27346258552252,0.0,0.0,1,2.5037346064523405,2.5036683295783195,-0.018217437074543368,3.143954277038574,-0.022865407168865204,0.7707833647727966,0.04105519503355026,-1.2341687590792891,0.0,132.47157597120338,132.47157597120338,7.830209134894355,3.5284769535064697,-0.07835458964109421,0.009814103148687907,1.0,1359.5633798179092,-9.621140145927146,4,4,5,68.613886164066,0.6005272932002327,0.0,1.140966591876702,-306.3915568120178,115.52136872608517,1.9901987265779275,2.002987685161872,0.0,0,4.743917816535083,nan
GT+smooth-jitter_controlled_forward3x6_SoftMS_local_prior_3frame_causal_heading_continuous_waypoint_RNN_polynomial_Kalman,1,controlled_gt_jitter,8.0,-309.2955936186399,118.62148401558935,-4.790161489733637,-1.45885350882472,0,0,6,-307.92503157416115,116.81184128017752,-304.50543212890625,120.08033752441406,-1,-307.9250183105469,116.81184387207031,-307.92503157416115,116.81184128017752,0.0,0,0.0,0.0,525,/yh/study/uav-sat/v36_GvsK/v36_training_data/routes/route_C/vi/vi_000525.jpg,-304.50543212890625,120.08033752441406,1361.555821574315,-14.134657474099246,4,2.0057189578071064,2.0057189578071064,1,2.0057189578071064,140.3019737716935,0.0001886655957523202,1361.555821574315,-9.639377622675644,-307.7550603645112,116.9743019043714,4.495279851423589,15.73012207726542,1,0.0,0,0,0.5701647447383776,1.0,1363.81103515625,-9.663858413696289,1,1,6,18,1,132.49025845957408,-306.1590270996094,129.9557342529297,-311.9107666015625,128.59088134765625,1,-311.9107666015625,128.59088134765625,1485.0250244140625,-6.869701862335205,0.6014087200164795,0.08330205082893372,4.0,4.0,1,1481.027099609375,-7.19728422164917,14.914736776458968,20.91259765625,8.276470184326172,0.5701647447383776,1481.027099609375,-7.19728422164917,1365.3737746223455,-7.34860579385732,115.65332498702955,0.15132157220815046,0.0,0,2.507148697258883,2.507082364943115,-0.018237476748498172,3.1629672050476074,-0.02398580126464367,0.7766157388687134,0.04065661504864693,-1.2357445050651523,0.0,132.47000022521752,132.47000022521752,7.831973546475969,3.550370216369629,-0.08024393022060394,0.007391444118856359,1.0,1361.555821574315,-9.40425283341825,4,4,5,66.6214444076603,0.6121273663934211,0.0,1.157248247240501,-307.92503157416115,116.81184128017752,2.004211630291612,2.0057189578071064,0.0,0,4.730404640680968,nan
GT+smooth-jitter_controlled_forward3x6_SoftMS_local_prior_3frame_causal_heading_continuous_waypoint_RNN_polynomial_Kalman,1,controlled_gt_jitter,8.0,-310.7383600882584,119.67562201102557,-4.714586894899001,-1.6181707135838146,0,0,6,-309.3763996496535,118.08931010722844,-306.0237731933594,121.29379272460938,-1,-309.37640380859375,118.08930969238281,-309.3763996496535,118.08931010722844,0.0,0,0.0,0.0,526,/yh/study/uav-sat/v36_GvsK/v36_training_data/routes/route_C/vi/vi_000526.jpg,-306.0237731933594,121.29379272460938,1363.4821309470271,-13.875494761721315,4,1.9436648658875568,1.9436648658875568,1,1.9436648658875568,141.3682204037598,1.0662466320663144,1363.4821309470271,-9.422340099920635,-309.24294921905687,118.21686371056119,4.453154661800673,16.025748871774883,1,0.0,0,0,0.47704828548792755,1.0,1365.5699462890625,-9.349246978759766,1,1,6,18,1,132.48316808288536,-306.1590270996094,129.9557342529297,-312.1619567871094,128.23626708984375,1,-312.1619567871094,128.23626708984375,1484.9439697265625,-7.296650409698486,0.633400559425354,0.053093671798706055,4.0,4.0,1,1480.9459228515625,-7.622195720672607,12.931974005613165,20.927127838134766,8.279417037963867,0.47704828548792755,1480.9459228515625,-7.622195720672607,1367.0440137321189,-7.622195720672607,113.90190911944356,0.0,0.0,0,2.429581082359446,2.429513755167764,-0.018087266502385096,3.1667184829711914,-0.023948566988110542,0.7763398289680481,0.040761835873126984,-1.2338448587022424,0.0,132.47189987158043,132.47189987158043,8.896320532179375,3.553987503051758,-0.0801142007112503,0.005716751558092388,1.0,1363.4821309470271,-9.237735281051785,4,4,5,64.69513503494807,0.6233424142834519,0.0,1.2230536170836346,-309.3763996496535,118.08931010722844,1.9334931845354826,1.9436648658875568,0.0,0,4.637759480669487,nan
GT+smooth-jitter_controlled_forward3x6_SoftMS_local_prior_3frame_causal_heading_continuous_waypoint_RNN_polynomial_Kalman,1,controlled_gt_jitter,8.0,-312.18043582724977,120.73703892485612,-4.633652379984146,-1.773955032663404,0,0,6,-310.86869581375504,119.33586825423892,-307.5467834472656,122.51099395751953,-1,-310.8686828613281,119.33586883544922,-310.86869581375504,119.33586825423892,0.0,0,0.0,0.0,527,/yh/study/uav-sat/v36_GvsK/v36_training_data/routes/route_C/vi/vi_000527.jpg,-307.5467834472656,122.51099395751953,1365.4143745181254,-13.615545041869918,4,1.9496510136179717,1.9496510136179717,1,1.9496510136179717,141.36788923489382,-0.0003311688659895893,1365.4143745181254,-9.256036396516473,-310.69826296701535,119.49877011698082,4.359508645353482,16.28240142548596,1,0.0,0,0,0.5543748738205806,1.0,1367.3336181640625,-9.040164947509766,1,1,6,18,1,132.4792241822482,-306.1590270996094,129.9557342529297,-311.7381896972656,128.68576049804688,1,-311.7381896972656,128.68576049804688,1485.142578125,-6.7116594314575195,0.6009631156921387,0.0768880695104599,4.0,4.0,1,1481.1446533203125,-7.034249782562256,10.967709245935348,20.925580978393555,8.278186798095703,0.5543748738205806,1481.1446533203125,-7.034249782562256,1369.188905421132,-7.034249782562256,111.95574789918047,0.0,0.0,0,2.4370637670224644,2.4369950499963013,-0.018301115464687212,3.16776704788208,-0.02396462671458721,0.776741623878479,0.04078252613544464,-1.242306075701713,0.0,132.46343865458095,132.46343865458095,8.904450580312856,3.5552244186401367,-0.08067183941602707,0.006874248433087563,1.0,1365.4143745181254,-9.02027301485473,4,4,5,62.76289146384977,0.6345920113066756,0.0,1.2181160342641084,-310.86869581375504,119.33586825423892,1.9444420935760522,1.9496510136179717,0.0,0,4.595272027015214,nan
GT+smooth-jitter_controlled_forward3x6_SoftMS_local_prior_3frame_causal_heading_continuous_waypoint_RNN_polynomial_Kalman,1,controlled_gt_jitter,8.0,-313.76089888488127,121.91690721645723,-4.547519978631271,-1.9260264383279304,0,0,6,-312.39727422631194,120.79972638379755,-309.21337890625,123.84293365478516,-1,-312.39727783203125,120.79972839355469,-312.39727422631194,120.79972638379755,0.0,0,0.0,0.0,528,/yh/study/uav-sat/v36_GvsK/v36_training_data/routes/route_C/vi/vi_000528.jpg,-309.21337890625,123.84293365478516,1367.5287731812373,-13.331076986563891,4,2.133448799727658,2.133448799727658,1,2.133448799727658,141.3682230095784,0.00033377468459311506,1367.5287731812373,-9.040380809442935,-312.3151140391937,120.87825612604392,4.290696177120971,16.291981899346577,1,0.0,0,0,0.5940622137821094,1.0,1369.278564453125,-8.712886810302734,1,1,6,18,1,132.4736991995399,-306.1590270996094,129.9557342529297,-315.294921875,129.0611572265625,1,-315.294921875,129.0611572265625,1481.751708984375,-7.849041938781738,0.5223097801208496,0.07545927166938782,4.0,4.0,1,1477.753662109375,-8.178072929382324,11.850020096847214,20.974960327148438,8.2886323928833,0.5940622137821094,1477.753662109375,-8.178072929382324,1371.4124442691382,-8.178072929382324,106.34121784023691,0.0,0.0,0,2.6668109996595724,2.666735192047026,-0.0201077945882037,3.176248073577881,-0.02366631291806698,0.7777037620544434,0.04118479788303375,-1.238510945122419,0.0,132.46723378516026,132.46723378516026,8.900989224418154,3.5642006397247314,-0.08013072609901428,0.006832607153643973,1.0,1367.5287731812373,-8.926726875218963,4,4,5,60.64849280073793,0.6469021223414511,0.0,1.042799273850223,-312.39727422631194,120.79972638379755,2.116467005840123,2.133448799727658,0.0,0,4.404350111344935,nan
GT+smooth-jitter_controlled_forward3x6_SoftMS_local_prior_3frame_causal_heading_continuous_waypoint_RNN_polynomial_Kalman,1,controlled_gt_jitter,8.0,-315.94103785568814,123.38037744490804,-4.456357679906874,-2.074212398841966,0,0,6,-314.4134805317347,122.6552055542141,-311.48468017578125,125.45458984375,-1,-314.4134826660156,122.65520477294922,-314.4134805317347,122.6552055542141,0.0,0,0.0,0.0,529,/yh/study/uav-sat/v36_GvsK/v36_training_data/routes/route_C/vi/vi_000529.jpg,-311.48468017578125,125.45458984375,1370.2632027409159,-12.802739867330878,4,2.785003613714523,2.785003613714523,1,2.785003613714523,144.64148138181196,3.2732583722335526,1370.2632027409159,-8.950481229785298,-314.26946974465693,122.79285287935517,3.8522586375455923,16.506774628605594,1,0.0,0,0,0.29139120597008616,1.0,1371.8428955078125,-8.14806079864502,1,1,6,18,1,132.4714362724905,-306.1285400390625,134.71389770507812,-318.045166015625,133.0789337158203,1,-318.045166015625,133.0789337158203,1477.5799560546875,-5.338479042053223,0.7449614405632019,0.003374233841896057,4.0,4.0,1,1473.581787109375,-5.669411659240723,13.694543419182091,21.064510345458984,8.309164047241211,0.29139120597008616,1473.581787109375,-5.669411659240723,1373.3145285573337,-7.119685739934656,100.2672585520414,1.4502740806939334,0.0,0,3.171104234336496,3.1710152626037598,-0.023754354566335678,3.186851739883423,-0.024620421230793,0.7836261987686157,0.04072236642241478,-1.2460807157134972,0.0,132.45966401456917,132.45966401456917,12.181817367242786,3.577725887298584,-0.08208165317773819,0.0045131707297784976,1.0,1370.2632027409159,-8.75126804519842,4,4,5,57.91406324105935,0.6628220773072167,0.0,0.4018481261689,-314.4134805317347,122.6552055542141,2.740053068441605,2.785003613714523,0.0,0,4.05147182213248,nan
GT+smooth-jitter_controlled_forward3x6_SoftMS_local_prior_3frame_causal_heading_continuous_waypoint_RNN_polynomial_Kalman,1,controlled_gt_jitter,8.0,-318.34294405580584,125.00869508315061,-4.3603390753370785,-2.2183480687048567,0,0,6,-316.56652801128956,124.75729695589293,-313.98260498046875,127.22704315185547,-1,-316.5665283203125,124.75729370117188,-316.56652801128956,124.75729695589293,0.0,0,0.0,0.0,530,/yh/study/uav-sat/v36_GvsK/v36_training_data/routes/route_C/vi/vi_000530.jpg,-313.98260498046875,127.22704315185547,1373.270458836791,-12.221680633595838,4,3.06287757824029,3.06287757824029,1,3.06287757824029,144.6416192265747,0.0001378447627350933,1373.270458836791,-8.775498735871414,-316.47384253853306,124.84588689879405,3.446181897724457,16.692757142363956,1,0.0,0,0,0.31320773381356154,1.0,1374.6795654296875,-7.536822319030762,1,1,6,18,1,132.46731596087372,-329.7853698730469,134.8634796142578,-322.91790771484375,133.21798706054688,1,-322.91790771484375,133.21798706054688,1473.090576171875,-7.237969398498535,0.7160208821296692,0.005733922123908997,4.0,4.0,1,1469.092529296875,-7.571601390838623,14.682152489183707,20.918804168701172,8.279400825500488,0.31320773381356154,1469.092529296875,-7.571601390838623,1376.3817801047783,-7.571601390838623,92.71074919209669,0.0,0.0,1,3.1798174922412943,3.179725170135498,-0.02423069067299366,3.154576301574707,-0.023974571377038956,0.7747737169265747,0.04050467535853386,-1.232091100911136,0.0,132.47365362937154,132.47365362937154,12.167965597203159,3.5410640239715576,-0.07988204061985016,0.003955776688812445,1.0,1373.270458836791,-8.647284950172217,4,4,5,54.90680714518419,0.6803304389497393,0.0,0.09169872333441687,-316.56652801128956,124.75729695589293,3.009053291357524,3.06287757824029,0.0,0,3.5743956834236563,nan
GT+smooth-jitter_controlled_forward3x6_SoftMS_local_prior_3frame_causal_heading_continuous_waypoint_RNN_polynomial_Kalman,1,controlled_gt_jitter,8.0,-319.7866815745172,125.95870962203878,-4.25964300029849,-2.3582764619455996,0,0,6,-317.91885422065957,126.03085854698718,-315.52703857421875,128.31698608398438,-1,-317.9188537597656,126.0308609008789,-317.91885422065957,126.03085854698718,0.0,0,0.0,0.0,531,/yh/study/uav-sat/v36_GvsK/v36_training_data/routes/route_C/vi/vi_000531.jpg,-315.52703857421875,128.31698608398438,1375.1255102146895,-11.858314281055286,4,1.890304398979513,1.890304398979513,1,1.890304398979513,144.78848592258245,0.14686669600774302,1375.1255102146895,-8.665263992053337,-317.8352878311725,126.11073235517894,3.193050289001934,16.85245022026044,1,0.0,0,0,0.30548733342055234,1.0,1376.3638916015625,-7.149564743041992,1,1,6,18,1,132.46953417152838,-329.7853698730469,134.8634796142578,-322.8912658691406,133.13357543945312,1,-322.8912658691406,133.13357543945312,1473.14990234375,-7.303662300109863,0.7240039706230164,0.004402041435241699,4.0,4.0,1,1469.1517333984375,-7.646064758300781,12.735751679350566,20.96755027770996,8.290945053100586,0.30548733342055234,1469.1517333984375,-7.646064758300781,1378.215600381596,-7.646064758300781,90.9361330168415,0.0,0.0,0,2.362880498724391,2.3628120969101762,-0.017979041881119803,3.159210681915283,-0.024273566901683807,0.7787171602249146,0.040424078702926636,-1.2197970805702303,0.0,132.48594764971244,132.48594764971244,12.302538272869997,3.5476784706115723,-0.07960207760334015,0.003753943551670614,1.0,1375.1255102146895,-8.549664828185408,4,4,5,53.05175576728573,0.6911306200298459,0.0,1.2689062829357702,-317.91885422065957,126.03085854698718,1.8576181800519624,1.890304398979513,0.0,0,3.308649452869855,nan
GT+smooth-jitter_controlled_forward3x6_SoftMS_local_prior_3frame_causal_heading_continuous_waypoint_RNN_polynomial_Kalman,1,controlled_gt_jitter,8.0,-321.3745154264509,127.01794643560686,-4.154453170591527,-2.493848608338457,0,0,6,-319.3995878088759,127.42857705356448,-317.2200622558594,129.5117950439453,-1,-319.39959716796875,127.42857360839844,-319.3995878088759,127.42857705356448,0.0,0,0.0,0.0,532,/yh/study/uav-sat/v36_GvsK/v36_training_data/routes/route_C/vi/vi_000532.jpg,-317.2200622558594,129.5117950439453,1377.1590380695347,-11.45999016558214,4,2.0721722026412075,2.0721722026412075,1,2.0721722026412075,144.78842887386025,-5.7048722201099345e-05,1377.1590380695347,-8.56947932750295,-319.3096063877492,127.51458242984084,2.890510838079201,16.98850607855911,1,0.0,0,0,0.3716105030811206,1.0,1378.226806640625,-6.733607769012451,1,1,6,18,1,132.4752788942289,-329.7853698730469,134.8634796142578,-322.94537353515625,133.3224334716797,1,-322.94537353515625,133.3224334716797,1473.0220947265625,-7.154398441314697,0.7024039030075073,0.026099294424057007,4.0,4.0,1,1469.02392578125,-7.489570140838623,10.815602735512034,20.978052139282227,8.29167366027832,0.3716105030811206,1469.02392578125,-7.489570140838623,1380.4309669530078,-7.489570140838623,88.59295882824217,0.0,0.0,0,2.5902152533015093,2.5901394642089444,-0.019814499317541843,3.1651101112365723,-0.024209443479776382,0.776907742023468,0.0405549481511116,-1.2267731583120463,0.0,132.47897157197062,132.47897157197062,12.309457301889612,3.5526652336120605,-0.08001143485307693,0.004200567057280228,1.0,1377.1590380695347,-8.44500611393306,4,4,5,51.018227912440466,0.7029698980818913,0.0,1.0929379085953648,-319.3995878088759,127.42857705356448,2.036219286545691,2.0721722026412075,0.0,0,3.0149840516490705,nan
GT+smooth-jitter_controlled_forward3x6_SoftMS_local_prior_3frame_causal_heading_continuous_waypoint_RNN_polynomial_Kalman,1,controlled_gt_jitter,8.0,-322.80701225838374,127.97509766986423,-4.044957815024364,-2.624923692440465,0,0,6,-320.8162146060091,128.6366291919154,-318.7620544433594,130.6000213623047,-1,-320.81622314453125,128.63662719726562,-320.8162146060091,128.6366291919154,0.0,0,0.0,0.0,533,/yh/study/uav-sat/v36_GvsK/v36_training_data/routes/route_C/vi/vi_000533.jpg,-318.7620544433594,130.6000213623047,1379.0111616093927,-11.09720259773496,4,1.8873199056548509,1.8873199056548509,1,1.8873199056548509,144.7883285745789,-0.00010029928132915082,1379.0111616093927,-8.46305155823429,-320.6662766225634,128.77994180604068,2.634151039500697,17.103592302261973,1,0.0,0,0,0.25776007193688305,1.0,1379.908447265625,-6.359407424926758,1,1,6,18,1,132.4765712940859,-315.560791015625,139.53189086914062,-328.21673583984375,137.11392211914062,1,-328.21673583984375,137.11392211914062,1466.651611328125,-5.897850513458252,0.8127900958061218,0.00484408438205719,4.0,4.0,1,1462.6534423828125,-6.238001346588135,15.394207476569234,20.9798583984375,8.29251766204834,0.25776007193688305,1462.6534423828125,-6.238001346588135,1381.9700018072192,-6.687747439538432,80.68344057559334,0.44974609295029744,0.0,0,2.3591498820685635,2.359080865083706,-0.018045444301228675,3.1612181663513184,-0.024189461022615433,0.7763698697090149,0.04050656035542488,-1.2056139793152874,0.0,132.5001307509674,132.5001307509674,12.288197823611524,3.548534631729126,-0.07861609756946564,0.0042055203206717165,1.0,1379.0111616093927,-8.25563915685192,4,4,5,49.16610437258248,0.7137530331753545,0.0,1.2738982606964675,-320.8162146060091,128.6366291919154,1.8617791091668738,1.8873199056548509,0.0,0,2.8415634408830526,nan
GT+smooth-jitter_controlled_forward3x6_SoftMS_local_prior_3frame_causal_heading_continuous_waypoint_RNN_polynomial_Kalman,1,controlled_gt_jitter,8.0,-324.25489666811757,128.9187358050775,-3.9313493048363366,-2.75136917539125,0,0,6,-322.23615998810055,129.84200573054753,-320.32354736328125,131.67010498046875,-1,-322.23614501953125,129.84201049804688,-322.23615998810055,129.84200573054753,0.0,0,0.0,0.0,534,/yh/study/uav-sat/v36_GvsK/v36_training_data/routes/route_C/vi/vi_000534.jpg,-320.32354736328125,131.67010498046875,1380.8636439564325,-10.707782204412997,4,1.8929709688289555,1.8929709688289555,1,1.8929709688289555,145.57734582100395,0.7890172464250337,1380.8636439564325,-8.273742001864203,-322.0831098444236,129.98829298664185,2.434040202548787,17.200301860518987,1,0.0,0,0,0.2677547233140841,1.0,1381.591064453125,-5.964745998382568,1,1,6,18,1,132.4848171466831,-320.2921447753906,139.5618133544922,-328.1636962890625,137.0459442138672,1,-328.1636962890625,137.0459442138672,1466.7281494140625,-5.9376220703125,0.8142667412757874,0.009166806936264038,4.0,4.0,1,1462.7298583984375,-6.283669471740723,13.425225563173527,21.060955047607422,8.310731887817383,0.2677547233140841,1462.7298583984375,-6.283669471740723,1383.8499694455463,-6.481946708395965,78.87988895289126,0.19827723665524188,0.0,0,2.3662137110361945,2.366144461629116,-0.018102845012283205,3.1736059188842773,-0.0246417336165905,0.78228360414505,0.04047683998942375,-1.2053140913220415,0.0,132.50043063896064,132.50043063896064,13.076915182043312,3.56386661529541,-0.07938733696937561,0.004277576719099615,1.0,1380.8636439564325,-8.062024483044533,4,4,5,47.31362202554271,0.7245382572581485,0.0,1.2806349500553218,-322.23615998810055,129.84200573054753,1.8625728141491724,1.8929709688289555,0.0,0,2.6457577213684407,nan
GT+smooth-jitter_controlled_forward3x6_SoftMS_local_prior_3frame_causal_heading_continuous_waypoint_RNN_polynomial_Kalman,1,controlled_gt_jitter,8.0,-325.8541680190675,129.97357301167455,-3.813823780786264,-2.873060899458267,0,0,6,-323.7766326253622,131.1870675897145,-322.04034423828125,132.8466339111328,-1,-323.7766418457031,131.18707275390625,-323.7766326253622,131.1870675897145,0.0,0,0.0,0.0,535,/yh/study/uav-sat/v36_GvsK/v36_training_data/routes/route_C/vi/vi_000535.jpg,-322.04034423828125,132.8466339111328,1382.900383421345,-10.279641822332911,4,2.0812524677941617,2.0812524677941617,1,2.0812524677941617,145.5769766664786,-0.00036915452534956036,1382.900383421345,-8.082090987984135,-323.62894905856075,131.32822540400053,2.197550834348761,17.281087858767794,1,0.0,0,0,0.25523157883051784,1.0,1383.4586181640625,-5.537481307983398,1,1,6,18,1,132.49028183162764,-315.560791015625,139.53189086914062,-328.24847412109375,136.98675537109375,1,-328.24847412109375,136.98675537109375,1466.6756591796875,-6.026700496673584,0.8192926049232483,0.005263239145278931,4.0,4.0,1,1462.6773681640625,-6.369285583496094,11.396803774324098,21.052467346191406,8.308736801147461,0.25523157883051784,1462.6773681640625,-6.369285583496094,1385.852270263129,-6.369285583496094,76.82509790093364,0.0,0.0,0,2.601565584742702,2.601488194687254,-0.02006650493960122,3.174783229827881,-0.024591367691755295,0.7813844084739685,0.040536388754844666,-1.198108241747678,0.0,132.50763648853498,132.50763648853498,13.069340177943602,3.564605474472046,-0.07887421548366547,0.004102616232089865,1.0,1382.900383421345,-7.877797169092821,4,4,5,45.27688256063027,0.7363962334285842,0.0,1.0935307620337191,-323.7766326253622,131.1870675897145,2.0450543638587124,2.0812524677941617,0.0,0,2.4018446532401008,nan
GT+smooth-jitter_controlled_forward3x6_SoftMS_local_prior_3frame_causal_heading_continuous_waypoint_RNN_polynomial_Kalman,1,controlled_gt_jitter,8.0,-327.2953334642738,130.92745996429903,-3.692580778726937,-2.989883175349401,0,0,6,-325.1792325123008,132.41052385412968,-323.6027526855469,133.91734313964844,-1,-325.1792297363281,132.4105224609375,-325.1792325123008,132.41052385412968,0.0,0,0.0,0.0,536,/yh/study/uav-sat/v36_GvsK/v36_training_data/routes/route_C/vi/vi_000536.jpg,-323.6027526855469,133.91734313964844,1384.7539506088765,-9.889991864778109,4,1.8940798315053953,1.8940798315053953,1,1.8940798315053953,145.57739064013134,0.000413973652751532,1384.7539506088765,-7.896101225557542,-325.04413198429467,132.5396546413613,1.993890639220555,17.348220098774505,1,0.0,0,0,0.268599003735818,1.0,1385.1439208984375,-5.154758453369141,1,1,6,18,1,132.4963560042339,-315.560791015625,139.53189086914062,-328.233154296875,137.01588439941406,1,-328.233154296875,137.01588439941406,1466.677490234375,-5.993839263916016,0.8195002675056458,0.010655894875526428,4.0,4.0,1,1462.67919921875,-6.341364860534668,9.513367748240205,21.104211807250977,8.319955825805664,0.268599003735818,1462.67919921875,-6.341364860534668,1387.74259786915,-6.341364860534668,74.93660134960001,0.0,0.0,0,2.367599789381744,2.367529033443395,-0.018304056464721025,3.1812453269958496,-0.02489270642399788,0.7851606607437134,0.04046904295682907,-1.1999884647601355,0.0,132.50575626552254,132.50575626552254,13.071634374608808,3.572944402694702,-0.07950100302696228,0.003993353155746604,1.0,1384.7539506088765,-7.709213791847855,4,4,5,43.42331537309872,0.7471877734948025,0.0,1.2871654954904543,-325.1792325123008,132.41052385412968,1.8612177932141525,1.8940798315053953,0.0,0,2.180778072930254,nan
GT+smooth-jitter_controlled_forward3x6_SoftMS_local_prior_3frame_causal_heading_continuous_waypoint_RNN_polynomial_Kalman,1,controlled_gt_jitter,8.0,-328.91987363573116,131.99994045916839,-3.56782285448119,-3.1017288523550484,0,0,6,-326.9885040744981,133.53752663093206,-325.35205078125,135.10166931152344,-1,-326.9884948730469,133.5375213623047,-326.9885040744981,133.53752663093206,0.0,0,0.0,0.0,537,/yh/study/uav-sat/v36_GvsK/v36_training_data/routes/route_C/vi/vi_000537.jpg,-325.35205078125,135.10166931152344,1386.8187835604174,-9.443743961422493,4,2.1125038009477453,2.1125038009477453,1,2.1125038009477453,145.90084619628948,0.3234555561581302,1386.8187835604174,-7.729764676136884,-326.5910827580784,133.9173869335473,1.7139792852855982,13.029292680303985,1,0.0,0,0,0.27336167711380877,1.0,1387.041748046875,-4.7214179039001465,1,1,6,18,1,132.49964612770142,-320.2921447753906,139.5618133544922,-331.7820129394531,137.04476928710938,1,-331.7820129394531,137.04476928710938,1392.666259765625,-6.138132572174072,0.7649362087249756,0.0005568712949752808,4.0,4.0,1,1388.66796875,-6.477565288543701,3.4953829239172918,21.048381805419922,8.306802749633789,0.27336167711380877,1388.66796875,-6.477565288543701,1388.66796875,-6.477565288543701,0.0,0.0,0.0,1,2.6406297511846817,2.6405497806321723,-0.020550884289028997,3.174513578414917,-0.024366114288568497,0.7789185643196106,0.04068640619516373,-1.1846931098875382,0.0,132.52105162039513,132.52105162039513,13.37979457589434,3.5631279945373535,-0.07770834118127823,0.007345142536887872,1.0,1386.8187835604174,-7.180003316774724,4,4,5,41.358482421557824,0.7592093110341436,0.0,1.0620097774671717,-326.9885040744981,133.53752663093206,2.131571918724801,2.1125038009477453,0.019068117777055527,0,2.2637406446477373,nan
GT+smooth-jitter_controlled_forward3x6_SoftMS_local_prior_3frame_causal_heading_continuous_waypoint_RNN_polynomial_Kalman,1,controlled_gt_jitter,8.0,-330.38363338265333,132.97091347037508,-3.439755208825184,-3.2084993714218086,0,0,6,-328.36637224172074,134.81977508515624,-326.9438781738281,136.17941284179688,-1,-328.3663635253906,134.8197784423828,-328.36637224172074,134.81977508515624,0.0,0,0.0,0.0,538,/yh/study/uav-sat/v36_GvsK/v36_training_data/routes/route_C/vi/vi_000538.jpg,-326.9438781738281,136.17941284179688,1388.6977629940002,-9.037687496160673,4,1.9223541725728701,1.9223541725728701,1,1.9223541725728701,145.90011446844738,-0.0007317278420923489,1388.6977629940002,-7.1985626891968,-328.27337758188355,134.90866055296553,1.8391248069638542,13.452030643804981,1,0.0,0,0,0.26022389847401534,1.0,1388.7550048828125,-4.33416748046875,1,1,6,18,1,132.507138098169,-320.26165771484375,144.31996154785156,-332.159423828125,141.1466522216797,1,-332.159423828125,141.1466522216797,1461.38916015625,-3.869473934173584,0.8098996877670288,0.005193725228309631,4.0,4.0,1,1457.390869140625,-4.218128204345703,10.990484225481515,21.093990325927734,8.317798614501953,0.26022389847401534,1457.390869140625,-4.218128204345703,1391.6633787148037,-5.419193256714674,65.72749042582127,1.2010650523689717,0.0,0,2.4029427157160876,2.402871042047056,-0.018559372422076358,3.178008556365967,-0.02473408356308937,0.7830517292022705,0.040527649223804474,-1.1742421734054782,0.0,132.5315025568772,132.5315025568772,13.368611911570191,3.568693161010742,-0.07761963456869125,0.00443821327929936,1.0,1388.6977629940002,-7.069921198433068,4,4,5,39.479502987975025,0.7701488021826206,0.0,1.2556543837930967,-328.36637224172074,134.81977508515624,1.8822013135171627,1.9223541725728701,0.0,0,1.967766297727569,nan
GT+smooth-jitter_controlled_forward3x6_SoftMS_local_prior_3frame_causal_heading_continuous_waypoint_RNN_polynomial_Kalman,1,controlled_gt_jitter,8.0,-331.84398570400117,133.94682268893726,-3.3085853133761653,-3.3101048012971175,0,0,6,-329.7492376860105,136.09672650628957,-328.535400390625,137.25692749023438,-1,-329.7492370605469,136.0967254638672,-329.7492376860105,136.09672650628957,0.0,0,0.0,0.0,539,/yh/study/uav-sat/v36_GvsK/v36_training_data/routes/route_C/vi/vi_000539.jpg,-328.535400390625,137.25692749023438,1390.576366106691,-8.631693494796506,4,1.9219731486562002,1.9219731486562002,1,1.9219731486562002,145.9006640412555,0.0005495728081354383,1390.576366106691,-7.088554944044164,-329.65093196412363,136.19068835413697,1.5431385507523536,13.887366969890843,1,0.0,0,0,0.2517713936007396,1.0,1390.4696044921875,-3.952791213989258,1,1,6,18,1,132.51566569606948,-320.26165771484375,144.31996154785156,-332.17681884765625,141.09327697753906,1,-332.17681884765625,141.09327697753906,1461.3955078125,-3.9252495765686035,0.8180917501449585,0.00361497700214386,4.0,4.0,1,1457.3970947265625,-4.274795055389404,9.052370792569162,21.128345489501953,8.325010299682617,0.2517713936007396,1457.3970947265625,-4.274795055389404,1393.518737439093,-5.323132144602944,63.878357287469456,1.0483370892135393,0.0,0,2.40246643582025,2.4023941722305597,-0.018633745611096063,3.184583902359009,-0.025011377409100533,0.786217987537384,0.04046548902988434,-1.1794125198854721,0.0,132.52633221039721,132.52633221039721,13.374331830858319,3.576836585998535,-0.07841791212558746,0.0043465261345451344,1.0,1390.576366106691,-6.952566548191439,4,4,5,37.6008998752842,0.7810861023762671,0.0,1.2626107537028086,-329.7492376860105,136.09672650628957,1.8822650634129838,1.9219731486562002,0.0,0,1.679126946605055,nan
GT+smooth-jitter_controlled_forward3x6_SoftMS_local_prior_3frame_causal_heading_continuous_waypoint_RNN_polynomial_Kalman,1,controlled_gt_jitter,8.0,-333.39449324129316,134.9707791840689,-3.1745225381681714,-3.4064638579232973,0,0,6,-331.5175281596002,137.13702127301997,-330.219970703125,138.3772430419922,-1,-331.51751708984375,137.13702392578125,-331.5175281596002,137.13702127301997,0.0,0,0.0,0.0,540,/yh/study/uav-sat/v36_GvsK/v36_training_data/routes/route_C/vi/vi_000540.jpg,-330.219970703125,138.3772430419922,1392.5502019385272,-8.188008716799203,4,2.023087757183746,2.023087757183746,1,2.023087757183746,146.37429464440862,0.4736306031530859,1392.5502019385272,-6.972316449171809,-331.0987920555793,137.53725451823752,1.2156922676274293,9.102797351250135,1,0.0,0,0,0.43571460265282547,1.0,1392.2811279296875,-3.539440155029297,1,1,6,18,1,132.51939892805942,-329.7243957519531,144.37979125976562,-336.8868103027344,141.16860961914062,1,-336.8868103027344,141.16860961914062,1399.174560546875,-5.2972731590271,0.8104007244110107,0.0755002349615097,4.0,4.0,1,1395.17626953125,-5.632589817047119,3.664204791596548,21.092296600341797,8.314275741577148,0.43571460265282547,1395.17626953125,-5.632589817047119,1395.17626953125,-5.632589817047119,0.0,0.0,0.0,1,2.528859696479682,2.52878257386644,-0.019749900980370633,3.1875035762786865,-0.024698935449123383,0.7827401757240295,0.040692560374736786,-1.2030447609703045,0.0,132.50269996931237,132.50269996931237,13.871594675096237,3.577993392944336,-0.07949211448431015,0.024475987589587904,1.0,1392.5502019385272,-6.393069890797937,4,4,5,35.62706404344806,0.7925778511548823,0.0,1.1644158190949407,-331.5175281596002,137.13702127301997,2.0516004485949115,2.023087757183746,0.028512691411165747,0,1.7949388260013155,nan
GT+smooth-jitter_controlled_forward3x6_SoftMS_local_prior_3frame_causal_heading_continuous_waypoint_RNN_polynomial_Kalman,1,controlled_gt_jitter,8.0,-334.9414643051228,135.9994443348908,-3.037777781685292,-3.4975039072967022,0,0,6,-333.0713137658015,138.38091540926894,-331.9036865234375,139.4969482421875,-1,-333.0713195800781,138.38092041015625,-333.0713137658015,138.38091540926894,0.0,0,0.0,0.0,541,/yh/study/uav-sat/v36_GvsK/v36_training_data/routes/route_C/vi/vi_000541.jpg,-331.9036865234375,139.4969482421875,1394.523006132958,-7.74451992398525,4,2.022038253573611,2.022038253573611,1,2.022038253573611,146.375287389092,0.0009927446833980491,1394.523006132958,-6.412724170112661,-332.8664388389519,138.5767374462257,1.331795753872574,7.230944693988067,1,0.0,0,0,0.47015142608050264,1.0,1394.0936279296875,-3.131899356842041,1,1,6,18,1,132.5135543138423,-329.7243957519531,144.37979125976562,-336.78973388671875,141.29498291015625,1,-336.78973388671875,141.29498291015625,1399.1988525390625,-5.45476770401001,0.7989439368247986,0.08675447106361389,4.0,4.0,1,1395.2005615234375,-5.799102783203125,2.0600313489888324,21.119003295898438,8.321921348571777,0.47015142608050264,1395.2005615234375,-5.799102783203125,1395.2005615234375,-5.799102783203125,0.0,0.0,0.0,0,2.5275478169670142,2.527471399711447,-0.01965427931472304,3.187519073486328,-0.024765677750110626,0.7852336764335632,0.04069993272423744,-1.1833868362087732,0.0,132.5223578940739,132.5223578940739,13.852929495018103,3.5792810916900635,-0.0783536285161972,0.003974105479151178,1.0,1394.523006132958,-6.129316326520566,4,4,5,33.654259849017194,0.8040635937005066,0.0,1.165480819912717,-333.0713137658015,138.38091540926894,1.9903573378247725,2.022038253573611,0.0,0,1.6152035974646684,nan
GT+smooth-jitter_controlled_forward3x6_SoftMS_local_prior_3frame_causal_heading_continuous_waypoint_RNN_polynomial_Kalman,1,controlled_gt_jitter,8.0,-336.4891392759826,137.0356134620199,-2.8985631041076063,-3.583160952042585,0,0,6,-334.2141972332564,139.3450102847002,-333.590576171875,140.6187744140625,-1,-334.2142028808594,139.3450164794922,-334.2141972332564,139.3450102847002,0.0,0,0.0,0.0,542,/yh/study/uav-sat/v36_GvsK/v36_training_data/routes/route_C/vi/vi_000542.jpg,-333.590576171875,140.6187744140625,1396.4995365453815,-7.300202273341115,4,2.025855534313666,2.025855534313666,1,2.025855534313666,146.37504455065636,-0.00024283843565300257,1396.4995365453815,-6.148998398851138,-334.42277900220506,139.82334446124995,1.1512038744899826,6.194249896753315,1,0.0,0,0,0.5048417316711322,1.0,1395.912109375,-2.729034662246704,1,1,6,18,1,132.5166355829316,-329.7243957519531,144.37979125976562,-336.90399169921875,141.2503662109375,1,-336.90399169921875,141.2503662109375,1399.2454833984375,-5.341342449188232,0.8042004704475403,0.1017870306968689,4.0,4.0,1,1395.2470703125,-5.688776016235352,2.040922890899691,21.14223289489746,8.327178955078125,0.5048417316711322,1395.2470703125,-5.688776016235352,1395.2470703125,-5.688776016235352,0.0,0.0,0.0,0,2.5323194178920825,2.5322429287613915,-0.01968207233057133,3.1897172927856445,-0.024831844493746758,0.7867581248283386,0.04071570187807083,-1.1786113600401709,0.0,132.5271333702425,132.5271333702425,13.847911180413847,3.5822460651397705,-0.07817446440458298,0.011052695911350326,1.0,1396.0096291930017,-5.969274374643094,4,4,5,32.16763678897348,0.8127187708226213,0.4899073523797597,1.1638617584719784,-334.2141972332564,139.3450102847002,1.495212877490892,2.025855534313666,0.0,0,1.4182306883749756,nan
GT+smooth-jitter_controlled_forward3x6_SoftMS_local_prior_3frame_causal_heading_continuous_waypoint_RNN_polynomial_Kalman,1,controlled_gt_jitter,8.0,-338.0566519113805,138.04639823003836,-2.7570913645055226,-3.6633796019928866,0,0,6,-335.9339018650726,141.1034664060046,-335.299560546875,141.70977783203125,-1,-335.93389892578125,141.1034698486328,-335.9339018650726,141.1034664060046,0.0,0,0.0,0.0,543,/yh/study/uav-sat/v36_GvsK/v36_training_data/routes/route_C/vi/vi_000543.jpg,-335.299560546875,141.70977783203125,1398.4690517141014,-6.818615259192706,4,2.0275394082516955,2.0275394082516955,1,2.0275394082516955,147.4461298740216,1.071085323365264,1398.4690517141014,-5.988990073296157,-335.89929482775744,141.13654424839513,0.8296251858965565,6.826591576729267,1,0.0,0,0,0.4460388394034282,1.0,1397.725830078125,-2.2942898273468018,1,1,6,18,1,132.52030979781824,-339.15667724609375,149.19778442382812,-343.22027587890625,146.17208862304688,1,-343.22027587890625,146.17208862304688,1449.240234375,-3.897804021835327,0.8022423982620239,0.0778350979089737,4.0,4.0,1,1445.241943359375,-4.237364292144775,12.549233234203886,21.130226135253906,8.323164939880371,0.4460388394034282,1445.241943359375,-4.237364292144775,1401.945658522461,-4.237364292144775,43.296284836914175,0.0,0.0,1,2.534424260314619,2.534347573340706,-0.01971569865306322,3.1910815238952637,-0.024776596575975418,0.7855207324028015,0.04073842614889145,-1.1973209557241282,0.0,132.50842377455854,132.50842377455854,14.937706099463073,3.5829672813415527,-0.07929319888353348,0.008717494297928853,1.0,1398.4690517141014,-5.941117422555409,4,4,5,29.708214267873814,0.8270376241421776,0.0,1.1635421156435681,-335.9339018650726,141.1034664060046,2.4595836947017835,2.0275394082516955,0.43204428645008797,0,0.8774978366372875,nan
GT+smooth-jitter_controlled_forward3x6_SoftMS_local_prior_3frame_causal_heading_continuous_waypoint_RNN_polynomial_Kalman,1,controlled_gt_jitter,8.0,-339.62202923184094,139.06259192696695,-2.6135758627002894,-3.738113029087731,0,0,6,-337.34656790761363,142.4775308191967,-337.0084533691406,142.8007049560547,-1,-337.3465576171875,142.47752380371094,-337.34656790761363,142.4775308191967,0.0,0,0.0,0.0,544,/yh/study/uav-sat/v36_GvsK/v36_training_data/routes/route_C/vi/vi_000544.jpg,-337.0084533691406,142.8007049560547,1400.4384484712805,-6.33704171264605,4,2.0274211866114604,2.0274211866114604,1,2.0274211866114604,147.44655500307147,0.0004251290498368748,1400.4384484712805,-5.960810955846201,-337.28042978235834,142.5407464728013,0.37623075679984075,7.54534563671549,1,0.0,0,0,0.4994340242779628,1.0,1399.5419921875,-1.8648258447647095,1,1,6,18,1,132.5161496790052,-339.15667724609375,149.19778442382812,-342.90545654296875,146.34584045410156,1,-342.90545654296875,146.34584045410156,1449.454345703125,-3.608888864517212,0.7838847041130066,0.09515447914600372,4.0,4.0,1,1445.4560546875,-3.949967384338379,10.404610216641029,21.136402130126953,8.324594497680664,0.4994340242779628,1445.4560546875,-3.949967384338379,1404.0618920380448,-3.949967384338379,41.39416264945512,0.0,0.0,0,2.5342764832643256,2.5341999641648494,-0.019693533290792428,3.192328691482544,-0.024611791595816612,0.7858204245567322,0.04089963436126709,-1.1949538682898957,0.0,132.51079086199277,132.51079086199277,14.935764141078673,3.5843722820281982,-0.07892895489931107,0.0131612348198832,1.0,1400.4384484712805,-5.8693206805545595,4,4,5,27.73881751069473,0.8385035284559466,0.0,1.1649075048710835,-337.34656790761363,142.4775308191967,1.970705041184373,2.0274211866114604,0.0,0,0.4677210320914898,nan
GT+smooth-jitter_controlled_forward3x6_SoftMS_local_prior_3frame_causal_heading_continuous_waypoint_RNN_polynomial_Kalman,1,controlled_gt_jitter,8.0,-341.18545410758105,140.08424813796788,-2.4682299864872745,-3.8073229069539933,0,0,6,-338.73695717908674,143.87270993941237,-338.71722412109375,143.89157104492188,-1,-338.7369689941406,143.87271118164062,-338.73695717908674,143.87270993941237,0.0,0,0.0,0.0,545,/yh/study/uav-sat/v36_GvsK/v36_training_data/routes/route_C/vi/vi_000545.jpg,-338.71722412109375,143.89157104492188,1402.407716761195,-5.855514237928493,4,2.027285452660982,2.027285452660982,1,2.027285452660982,147.44615259236204,-0.0004024107094144149,1402.407716761195,-5.888927243154321,-338.69306993074144,143.9146579244565,0.03341300522582978,8.416595173879477,1,0.0,0,0,0.4009504334962741,1.0,1401.36083984375,-1.4405475854873657,1,1,6,18,1,132.51427404502607,-339.15667724609375,149.19778442382812,-343.23797607421875,146.25157165527344,1,-343.23797607421875,146.25157165527344,1449.1910400390625,-3.832875967025757,0.7986801862716675,0.05901604890823364,4.0,4.0,1,1445.192626953125,-4.178811073303223,8.571693053860072,21.147098541259766,8.32830810546875,0.4009504334962741,1445.192626953125,-4.178811073303223,1405.7603304533097,-4.178811073303223,39.432296499815315,0.0,0.0,0,2.534106815826227,2.5340309660144174,-0.019606562599761936,3.1905357837677,-0.024651281535625458,0.7861345410346985,0.04086917266249657,-1.1702047845540602,0.0,132.53553994572863,132.53553994572863,14.910612646633425,3.5827696323394775,-0.07740197330713272,0.006882852978343329,1.0,1402.407716761195,-5.828217079124049,4,4,5,25.769549220780277,0.8499686848283174,0.0,1.1632503311067182,-338.73695717908674,143.87270993941237,1.9696972111757045,2.027285452660982,0.0,0,0.027297158804450498,nan
GT+smooth-jitter_controlled_forward3x6_SoftMS_local_prior_3frame_causal_heading_continuous_waypoint_RNN_polynomial_Kalman,1,controlled_gt_jitter,8.0,-342.6526572457549,141.0690993998043,-2.3212668648954877,-3.8709793355472772,0,0,6,-340.16875016586044,145.09553230247138,-340.3313903808594,144.94007873535156,-1,-340.16876220703125,145.0955352783203,-340.16875016586044,145.09553230247138,0.0,0,0.0,0.0,546,/yh/study/uav-sat/v36_GvsK/v36_training_data/routes/route_C/vi/vi_000546.jpg,-340.3313903808594,144.94007873535156,1404.2809968180318,-5.413108406464508,4,1.9248119625189222,1.9248119625189222,1,1.9248119625189222,146.99361242484858,-0.45254016751346937,1404.2809968180318,-5.846818130410813,-340.01786254464554,145.2397525923439,0.4337097239463246,8.998062541879804,1,0.0,0,0,0.3173328371680156,1.0,1403.0865478515625,-1.0603973865509033,1,1,6,18,1,132.5217171369524,-358.0821533203125,149.31741333007812,-348.9619140625,146.19656372070312,1,-348.9619140625,146.19656372070312,1411.152587890625,-0.0422956608235836,0.8060981035232544,0.027200952172279358,4.0,4.0,1,1407.1541748046875,-0.3903172016143799,5.78650008472506,21.147720336914062,8.328420639038086,0.3173328371680156,1407.1541748046875,-0.3903172016143799,1407.1541748046875,-3.973218949083587,0.0,3.582901747469207,0.0,0,2.4060149531486528,2.4059430491318663,-0.01860105128676339,3.189392328262329,-0.024818571284413338,0.7857364416122437,0.040730204433202744,-1.1589993256121254,0.0,132.54674540467056,132.54674540467056,14.44686702017802,3.581437587738037,-0.0769108459353447,0.014453390595036702,1.0,1404.2809968180318,-5.6380920749055425,4,4,5,23.89626916394343,0.8608749939842991,0.0,1.264580365743407,-340.16875016586044,145.09553230247138,1.8829035260925013,1.9248119625189222,0.0,0,0.22498366844101142,nan
GT+smooth-jitter_controlled_forward3x6_SoftMS_local_prior_3frame_causal_heading_continuous_waypoint_RNN_polynomial_Kalman,1,controlled_gt_jitter,8.0,-344.11866929180627,142.05967826239956,-2.1728990281344176,-3.9290607512723192,0,0,6,-341.88238909463695,146.04931953377744,-341.9457702636719,145.98873901367188,-1,-341.88238525390625,146.04931640625,-341.88238909463695,146.04931953377744,0.0,0,0.0,0.0,547,/yh/study/uav-sat/v36_GvsK/v36_training_data/routes/route_C/vi/vi_000547.jpg,-341.9457702636719,145.98873901367188,1406.15453478422,-4.970653578704766,4,1.9250742285316005,1.9250742285316005,1,1.9250742285316005,146.99326734539693,-0.00034507945164551855,1406.15453478422,-5.656762219964506,-341.44978378740745,146.46280913820416,0.6861086412597183,8.595997855533607,1,0.0,0,0,0.45581474769476804,1.0,1404.8155517578125,-0.685065746307373,1,1,6,18,1,132.53047706800635,-339.15667724609375,149.19778442382812,-348.1614990234375,146.45492553710938,1,-348.1614990234375,146.45492553710938,1410.786376953125,-0.7994303703308105,0.7722652554512024,0.0751504898071289,4.0,4.0,1,1406.7880859375,-1.1398481130599976,3.8828414311476394,21.172082901000977,8.331672668457031,0.45581474769476804,1406.7880859375,-1.1398481130599976,1406.7880859375,-3.5546678862681382,0.0,2.4148197732081407,0.0,0,2.4063427856645005,2.406270356340506,-0.01867014505896339,3.2003583908081055,-0.025050655007362366,0.7887024283409119,0.04074413701891899,-1.1950722226616073,0.0,132.51067250762108,132.51067250762108,14.482594837775856,3.5938303470611572,-0.0796503871679306,0.013333784969442444,1.0,1406.15453478422,-5.058330097821919,4,4,5,22.022731197755206,0.871782804698529,0.0,1.275284162276505,-341.88238909463695,146.04931953377744,1.9611905722853016,1.9250742285316005,0.0361163437537011,0,0.0876765191171164,nan
GT+smooth-jitter_controlled_forward3x6_SoftMS_local_prior_3frame_causal_heading_continuous_waypoint_RNN_polynomial_Kalman,1,controlled_gt_jitter,8.0,-345.74468206899337,143.16055127951176,-2.0233380748527394,-3.981553823027305,0,0,6,-343.42504397700844,147.4253123929449,-343.7213439941406,147.14210510253906,-1,-343.425048828125,147.42530822753906,-343.42504397700844,147.4253123929449,0.0,0,0.0,0.0,548,/yh/study/uav-sat/v36_GvsK/v36_training_data/routes/route_C/vi/vi_000548.jpg,-343.7213439941406,147.14210510253906,1408.2151420361326,-4.48401905398964,4,2.117289637078382,2.117289637078382,1,2.117289637078382,146.99330432936134,3.6983964425705124e-05,1408.2151420361326,-5.078964268904399,-343.29125936472366,147.5531854113466,0.5949452149148038,9.151730460714576,1,0.0,0,0,0.22980546224478637,1.0,1406.73486328125,-0.2702781558036804,1,1,6,18,1,132.52354549321583,-358.0821533203125,149.31741333007812,-349.1540222167969,149.07579040527344,1,-349.1540222167969,149.07579040527344,1413.36669921875,-1.8928368091583252,0.8469774127006531,0.0011834502220153809,4.0,4.0,1,1409.368408203125,-2.2313451766967773,2.5307237007162864,21.130577087402344,8.3226957321167,0.22980546224478637,1409.368408203125,-2.2313451766967773,1409.368408203125,-3.3497852562005015,0.0,1.1184400795037241,0.0,0,2.6466120463479776,2.6465316085129174,-0.02063417108248015,3.1981663703918457,-0.02429495006799698,0.7869360446929932,0.041273921728134155,-1.1898185265293981,0.0,132.51592620375328,132.51592620375328,14.477378125608073,3.5907838344573975,-0.07823661714792252,0.004947757682800081,1.0,1408.2151420361326,-4.893897169398991,4,4,5,19.962123945842563,0.8837797400507182,0.0,1.0808767333134637,-343.42504397700844,147.4253123929449,2.0671575737191565,2.117289637078382,0.0,0,0.40987811540938573,nan
GT+smooth-jitter_controlled_forward3x6_SoftMS_local_prior_3frame_causal_heading_continuous_waypoint_RNN_polynomial_Kalman,1,controlled_gt_jitter,8.0,-347.2889930777755,144.21522952668312,-1.8727943473067243,-4.02845333464501,0,0,6,-344.87075408270925,148.76502572945702,-345.41619873046875,148.24368286132812,-1,-344.8707580566406,148.76502990722656,-344.87075408270925,148.76502572945702,0.0,0,0.0,0.0,549,/yh/study/uav-sat/v36_GvsK/v36_training_data/routes/route_C/vi/vi_000549.jpg,-345.41619873046875,148.24368286132812,1410.18253843031,-4.019952718116323,4,2.021387181099309,2.021387181099309,1,2.021387181099309,146.9779818713717,-0.0153224579896455,1410.18253843031,-4.913318484535589,-344.7703865196096,148.86095831111942,0.8933657664192437,9.87392625955243,1,0.0,0,0,0.2714767442977801,1.0,1408.564453125,0.11736588180065155,1,1,6,18,1,132.52087873123176,-358.0821533203125,149.31741333007812,-354.3487243652344,148.73414611816406,1,-354.3487243652344,148.73414611816406,1416.7091064453125,2.0984630584716797,0.8701179027557373,0.02294287085533142,4.0,4.0,1,1412.710693359375,1.7529793977737427,6.302246627991562,21.16368865966797,8.331344604492188,0.2714767442977801,1412.710693359375,1.7529793977737427,1412.710693359375,-3.1153818564442517,0.0,4.868361254217994,0.0,0,2.5267339763741363,2.5266593359378344,-0.019421315136597884,3.19449520111084,-0.024811573326587677,0.7864404916763306,0.04084347188472748,-1.1605117856264602,0.0,132.54523294465622,132.54523294465622,14.432748926715488,3.586890697479248,-0.07705225050449371,0.007059632990731506,1.0,1410.18253843031,-4.774477899881865,4,4,5,17.994727551665278,0.895233998173496,0.0,1.1731080200115307,-344.87075408270925,148.76502572945702,1.9710173854519617,2.021387181099309,0.0,0,0.7545251817655559,nan
GT+smooth-jitter_controlled_forward3x6_SoftMS_local_prior_3frame_causal_heading_continuous_waypoint_RNN_polynomial_Kalman,1,controlled_gt_jitter,8.0,-348.8332014685254,145.27595632956042,-1.7214766150097665,-4.069762054228661,0,0,6,-346.2886159984863,150.13245620040524,-347.1117248535156,149.34571838378906,-1,-346.2886047363281,150.13246154785156,-346.2886159984863,150.13245620040524,0.0,0,0.0,0.0,550,/yh/study/uav-sat/v36_GvsK/v36_training_data/routes/route_C/vi/vi_000550.jpg,-347.1117248535156,149.34571838378906,1412.1507296388113,-3.5557173322632463,4,2.0221995763771976,2.0221995763771976,1,2.0221995763771976,146.9774736464532,-0.0005082249184951547,1412.1507296388113,-4.794018773433782,-346.21655937763467,150.20132882668688,1.2383014411705149,10.720680070267885,1,0.0,0,0,0.21908337790135296,1.0,1410.398193359375,0.5007564425468445,1,1,6,18,1,132.52940270059423,-362.81353759765625,149.34732055664062,-354.57720947265625,148.701171875,1,-354.57720947265625,148.701171875,1416.8431396484375,2.2864181995391846,0.8668050169944763,0.001256689429283142,4.0,4.0,1,1412.8447265625,1.9354649782180786,5.534863584320103,21.204025268554688,8.340232849121094,0.21908337790135296,1412.8447265625,1.9354649782180786,1412.8447265625,-3.0825311998965494,0.0,5.017996178114628,0.0,0,2.5277494704714965,2.5276739385707483,-0.019540873551917436,3.1999850273132324,-0.025139205157756805,0.790993869304657,0.040726564824581146,-1.1677962890979845,0.0,132.53794844118468,132.53794844118468,14.439525205268518,3.594637632369995,-0.0780525654554367,0.0016338294878431333,1.0,1412.1507296388113,-4.694341317309117,4,4,5,16.02653634316391,0.9066928837360996,0.0,1.1777854509360348,-346.2886159984863,150.13245620040524,1.9698219475598928,2.0221995763771976,0.0,0,1.1386239850458406,nan
GT+smooth-jitter_controlled_forward3x6_SoftMS_local_prior_3frame_causal_heading_continuous_waypoint_RNN_polynomial_Kalman,1,controlled_gt_jitter,8.0,-350.2235529490444,146.24260816397637,-1.5695917674037694,-4.105490590906451,0,0,6,-347.54777126913905,151.30881786636056,-348.6539611816406,150.3480987548828,-1,-347.5477600097656,151.30882263183594,-347.54777126913905,151.30881786636056,0.0,0,0.0,0.0,551,/yh/study/uav-sat/v36_GvsK/v36_training_data/routes/route_C/vi/vi_000551.jpg,-348.6539611816406,150.3480987548828,1413.9409640162892,-3.1334375981548486,4,1.8393638302800581,1.8393638302800581,1,1.8393638302800581,146.97804533492018,0.0005716884669815295,1413.9409640162892,-4.712273904508883,-347.51262377660646,151.439003429972,1.5788363063540007,11.534261894703622,1,0.0,0,0,0.2227582337296382,1.0,1412.0576171875,0.8379257917404175,1,1,6,18,1,132.53239368312046,-362.81353759765625,149.34732055664062,-354.7109680175781,148.65695190429688,1,-354.7109680175781,148.65695190429688,1416.903564453125,2.413666009902954,0.8675705194473267,0.002895042300224304,4.0,4.0,1,1412.9051513671875,2.067047357559204,5.302636289492913,21.17685890197754,8.333641052246094,0.2227582337296382,1412.9051513671875,2.067047357559204,1412.9051513671875,-2.9947228188549797,0.0,5.061770176414184,0.0,0,2.2992047878500728,2.299134854415682,-0.01793258719976527,3.196852445602417,-0.024877220392227173,0.7876328229904175,0.040838293731212616,-1.159905286172504,0.0,132.5458394441102,132.5458394441102,14.43220589081002,3.5898427963256836,-0.07714229822158813,0.0019013653848706067,1.0,1413.8711384815076,-4.5969135044722025,4,4,5,14.306127500467596,0.9167091707534363,0.06982553478155751,1.3574886153223589,-347.54777126913905,151.30881786636056,1.7231653329677146,1.8393638302800581,0.0,0,1.465140721459489,nan
GT+smooth-jitter_controlled_forward3x6_SoftMS_local_prior_3frame_causal_heading_continuous_waypoint_RNN_polynomial_Kalman,1,controlled_gt_jitter,8.0,-351.70771927192334,147.29528148115273,-1.4173445160639395,-4.135657239550386,0,0,6,-348.9980925279584,152.66611835972446,-350.2903747558594,151.43093872070312,-1,-348.9980773925781,152.66612243652344,-348.9980925279584,152.66611835972446,0.0,0,0.0,0.0,552,/yh/study/uav-sat/v36_GvsK/v36_training_data/routes/route_C/vi/vi_000552.jpg,-350.2903747558594,151.43093872070312,1415.854434692757,-2.698671284185316,4,1.962241518637581,1.962241518637581,1,1.962241518637581,146.50678237252782,-0.4712629623923611,1415.854434692757,-4.616019893069792,-348.9043275279085,152.75574012841707,1.9173486088844631,12.294221040159464,1,0.0,0,0,0.21358122918371114,1.0,1413.8441162109375,1.1834766864776611,1,1,6,18,1,132.53709968345862,-362.7525939941406,158.86363220214844,-359.36004638671875,153.453857421875,1,-359.36004638671875,153.453857421875,1423.58349609375,2.460029363632202,0.8859775066375732,0.003273777663707733,4.0,4.0,1,1419.5850830078125,2.1152470111846924,6.090282933093062,21.174617767333984,8.333285331726074,0.21358122918371114,1419.5850830078125,2.1152470111846924,1418.6917830730122,-2.9136108649166683,0.8932999348003268,5.028857876101361,0.0,0,2.4528018982969764,2.4527274814385738,-0.019106388597589292,3.1978256702423096,-0.02493858151137829,0.7873077392578125,0.040816549211740494,-1.1539040044912958,0.0,132.55184072579138,132.55184072579138,13.954941646736449,3.5906598567962646,-0.07685482501983643,0.005115083755105845,1.0,1415.854434692757,-4.486312774306171,4,4,5,12.322831289218243,0.9282559982279662,0.0,1.2355841516047286,-348.9980925279584,152.66611835972446,1.9863777040304587,1.962241518637581,0.02413618539287765,0,1.7876414901208637,nan
GT+smooth-jitter_controlled_forward3x6_SoftMS_local_prior_3frame_causal_heading_continuous_waypoint_RNN_polynomial_Kalman,1,controlled_gt_jitter,8.0,-353.19102353269847,148.3530636264026,-1.2649371069172368,-4.16028781402709,0,0,6,-350.40745846582723,153.9648751826005,-351.92608642578125,152.5133514404297,-1,-350.407470703125,153.96487426757812,-350.40745846582723,153.9648751826005,0.0,0,0.0,0.0,553,/yh/study/uav-sat/v36_GvsK/v36_training_data/routes/route_C/vi/vi_000553.jpg,-351.92608642578125,152.5133514404297,1417.767111529723,-2.26411716755778,4,1.9614203942409856,1.9614203942409856,1,1.9614203942409856,146.50587578940096,-0.0009065831268592931,1417.767111529723,-4.505422968933868,-350.30585123297766,154.06199265623238,2.241305801376091,12.998047717805363,1,0.0,0,0,0.2056842217183486,1.0,1415.6336669921875,1.5248744487762451,1,1,6,18,1,132.54225903760292,-362.7525939941406,158.86363220214844,-359.57177734375,153.34963989257812,1,-359.57177734375,153.34963989257812,1423.654541015625,2.685098886489868,0.8874936103820801,0.00044851750135421753,4.0,4.0,1,1419.6561279296875,2.3335816860198975,4.970635543622604,21.209396362304688,8.340967178344727,0.2056842217183486,1419.6561279296875,2.3335816860198975,1419.6561279296875,-2.8160440030985923,0.0,5.14962568911849,0.0,0,2.451775492801232,2.4517010151244003,-0.01911019462769695,3.200503349304199,-0.02520749717950821,0.7908883094787598,0.04068242758512497,-1.1568535789956835,0.0,132.548891151287,132.548891151287,13.956984638113978,3.595116138458252,-0.07746578007936478,0.002908470175114881,1.0,1417.767111529723,-4.364867522749837,4,4,5,10.410154452252186,0.9393916769660726,0.0,1.2390829550632136,-350.40745846582723,153.9648751826005,1.9165285366495106,1.9614203942409856,0.0,0,2.100750355192088,nan
GT+smooth-jitter_controlled_forward3x6_SoftMS_local_prior_3frame_causal_heading_continuous_waypoint_RNN_polynomial_Kalman,1,controlled_gt_jitter,8.0,-354.678731152298,149.41921734293285,-1.1125690429230115,-4.179415469567138,0,0,6,-351.83900002495386,155.24947609882443,-353.566162109375,153.5986328125,-1,-351.8389892578125,155.24948120117188,-351.83900002495386,155.24947609882443,0.0,0,0.0,0.0,554,/yh/study/uav-sat/v36_GvsK/v36_training_data/routes/route_C/vi/vi_000554.jpg,-353.566162109375,153.5986328125,1419.6848774459727,-1.8283904241168676,4,1.966642800428773,1.966642800428773,1,1.966642800428773,146.5063418272131,0.0004660378121493966,1419.6848774459727,-4.3841387404953585,-351.71861709182207,155.3645396234011,2.5557483163785037,13.585668150043402,1,0.0,0,0,0.22608939129475508,1.0,1417.432373046875,1.8636709451675415,1,1,6,18,1,132.54458023470366,-362.7525939941406,158.86363220214844,-359.60015869140625,153.39877319335938,1,-359.60015869140625,153.39877319335938,1423.7095947265625,2.6716668605804443,0.8849905133247375,0.008059903979301453,4.0,4.0,1,1419.711181640625,2.3240017890930176,4.152475527078094,21.181827545166016,8.334924697875977,0.22608939129475508,1419.711181640625,2.3240017890930176,1419.711181640625,-2.6610912448590125,0.0,4.98509303395203,0.0,0,2.4583035005359664,2.4582279635774205,-0.019271217745521593,3.197770595550537,-0.024993186816573143,0.7880759835243225,0.04078340157866478,-1.1448079000641314,0.0,132.56093683021854,132.56093683021854,13.945404996994574,3.5909996032714844,-0.07636252045631409,0.0014088617064297317,1.0,1419.6848774459727,-4.217610468789276,4,4,5,8.492388536002522,0.9505569845211752,0.0,1.231127795121764,-351.83900002495386,155.24947609882443,1.923411227343243,1.966642800428773,0.0,0,2.389220044672407,nan
GT+smooth-jitter_controlled_forward3x6_SoftMS_local_prior_3frame_causal_heading_continuous_waypoint_RNN_polynomial_Kalman,1,controlled_gt_jitter,8.0,-356.21345805786484,150.5064281521343,-0.9604368176304471,-4.193080514857893,0,0,6,-353.28471275276723,156.58084272432228,-355.2530212402344,154.6995086669922,-1,-353.2846984863281,156.58084106445312,-353.28471275276723,156.58084272432228,0.0,0,0.0,0.0,555,/yh/study/uav-sat/v36_GvsK/v36_training_data/routes/route_C/vi/vi_000555.jpg,-355.2530212402344,154.6995086669922,1421.6462418322867,-1.3696191102067872,4,2.014304191120981,2.014304191120981,1,2.014304191120981,146.87078104192008,0.3644392147069551,1421.6462418322867,-4.237315967099522,-353.17996928678076,156.68095784910983,2.867696856892744,14.246133126359533,1,0.0,0,0,0.22656043339136991,1.0,1419.2786865234375,2.2219080924987793,1,1,6,18,1,132.55030500044518,-362.7525939941406,158.86363220214844,-362.7279052734375,153.82632446289062,1,-362.7279052734375,153.82632446289062,1426.1798095703125,4.637289524078369,0.8685537576675415,0.004632234573364258,4.0,4.0,1,1422.181396484375,4.284942150115967,5.67982865484468,21.20630645751953,8.340246200561523,0.22656043339136991,1422.181396484375,4.284942150115967,1422.181396484375,-2.5134912520037616,0.0,6.798433402119729,0.0,0,2.5178802389012263,2.517803127884633,-0.019705498310245362,3.1994965076446533,-0.025171609595417976,0.7901414632797241,0.040694668889045715,-1.1437160302922813,0.0,132.5620286999904,132.5620286999904,14.308752341929681,3.593755006790161,-0.07657189667224884,0.0012392897653166182,1.0,1421.6462418322867,-4.092422102915793,4,4,5,6.5310241496885055,0.9619761240601896,0.0,1.1851923165236724,-353.28471275276723,156.58084272432228,1.9653555359911639,2.014304191120981,0.0,0,2.7228029927090383,nan
GT+smooth-jitter_controlled_forward3x6_SoftMS_local_prior_3frame_causal_heading_continuous_waypoint_RNN_polynomial_Kalman,1,controlled_gt_jitter,8.0,-357.59828444124594,151.50092503454323,-0.8087336599959144,-4.201330214480215,0,0,6,-354.5409645447612,157.69895022641353,-356.78955078125,155.70225524902344,-1,-354.54095458984375,157.69894409179688,-354.5409645447612,157.69895022641353,0.0,0,0.0,0.0,556,/yh/study/uav-sat/v36_GvsK/v36_training_data/routes/route_C/vi/vi_000556.jpg,-356.78955078125,155.70225524902344,1423.4327978103809,-0.951717835591876,4,1.8347816595412767,1.8347816595412767,1,1.8347816595412767,146.87133982225504,0.0005587803349621021,1423.4327978103809,-4.110422967005958,-354.5061295656069,157.88477802305636,3.158705131414037,14.838651620697435,1,0.0,0,0,0.21425032037857922,1.0,1420.9544677734375,2.53584361076355,1,1,6,18,1,132.55440834331077,-362.7525939941406,158.86363220214844,-362.673828125,153.9215087890625,1,-362.673828125,153.9215087890625,1426.2113037109375,4.532429218292236,0.8706393837928772,0.00016702711582183838,4.0,4.0,1,1422.212890625,4.189096927642822,5.283573598506587,21.204402923583984,8.338367462158203,0.21425032037857922,1422.212890625,4.189096927642822,1422.212890625,-2.406909938381302,0.0,6.5960068660241244,0.0,0,2.2934770744265958,2.293406431449163,-0.018000864090164992,3.2071151733398438,-0.02517041563987732,0.7911216020584106,0.040823794901371,-1.170837217382521,0.0,132.53490751290016,132.53490751290016,14.336432309354882,3.6018264293670654,-0.07837294787168503,0.0016395681524496743,1.0,1423.3225326911365,-3.9568422089148036,4,4,5,4.854733290838681,0.9717355544642227,0.1102651192443318,1.372333513798567,-354.5409645447612,157.69895022641353,1.6817648322880359,1.8347816595412767,0.0,0,3.0071466368738395,nan
GT+smooth-jitter_controlled_forward3x6_SoftMS_local_prior_3frame_causal_heading_continuous_waypoint_RNN_polynomial_Kalman,1,controlled_gt_jitter,8.0,-358.98284460330746,152.50023393232465,-0.6576492908074775,-4.204218582323794,0,0,6,-355.92366850344985,158.77763914980073,-358.3251953125,156.70445251464844,-1,-355.9236755371094,158.7776336669922,-355.92366850344985,158.77763914980073,0.0,0,0.0,0.0,557,/yh/study/uav-sat/v36_GvsK/v36_training_data/routes/route_C/vi/vi_000557.jpg,-358.3251953125,156.70445251464844,1425.2183451869842,-0.5340767797925788,4,1.8337402993838192,1.8337402993838192,1,1.8337402993838192,146.87060075074803,-0.0007390715070073574,1425.2183451869842,-3.9748320244103024,-355.83788067041485,159.08185919517942,3.4407552446177467,14.855030208589396,1,0.0,0,0,0.25178179163102066,1.0,1422.633544921875,2.846261978149414,1,1,6,18,1,132.54758306333923,-362.7525939941406,158.86363220214844,-363.1811218261719,157.0069580078125,1,-363.1811218261719,157.0069580078125,1428.17724609375,2.767244577407837,0.8148090839385986,0.0028969496488571167,4.0,4.0,1,1424.1788330078125,2.417692184448242,3.129460910269018,21.197635650634766,8.33828067779541,0.25178179163102066,1424.1788330078125,2.417692184448242,1424.1788330078125,-2.209392068219118,0.0,4.627084252667361,0.0,0,2.292175374229774,2.2921047778764048,-0.01798981549549856,3.200528144836426,-0.025121599435806274,0.7896538972854614,0.04076042026281357,-1.1419929016307342,0.0,132.56375182865193,132.56375182865193,14.306848922096087,3.5945465564727783,-0.0763966515660286,0.002485944922260911,1.0,1425.0577006869764,-3.702613852856131,4,4,5,3.119565294998779,0.9818377698436731,0.16064450000772013,1.3667878454526066,-355.92366850344985,158.77763914980073,1.7536932544808042,1.8337402993838192,0.0,0,3.1726067891815264,nan
GT+smooth-jitter_controlled_forward3x6_SoftMS_local_prior_3frame_causal_heading_continuous_waypoint_RNN_polynomial_Kalman,1,controlled_gt_jitter,8.0,-359.78636139024803,153.07482042028545,-0.5073696910292772,-4.20180616662862,0,0,6,-356.74614282821403,158.90018363593467,-359.27899169921875,157.27662658691406,-1,-356.74615478515625,158.90017700195312,-356.74614282821403,158.90018363593467,0.0,0,0.0,0.0,558,/yh/study/uav-sat/v36_GvsK/v36_training_data/routes/route_C/vi/vi_000558.jpg,-359.27899169921875,157.27662658691406,1426.2909988885785,-0.23992587847356556,4,1.112254789286507,1.112254789286507,1,1.112254789286507,149.04082676361412,2.170226012866077,1426.2909988885785,-3.713526032066746,-356.76793354235144,159.67672761809436,3.473600153593181,13.755231540423235,1,0.0,0,0,0.34038751441601667,1.0,1423.6041259765625,3.030109167098999,1,1,6,18,1,132.55324208851,-362.7525939941406,158.86363220214844,-363.17901611328125,156.98858642578125,1,-363.17901611328125,156.98858642578125,1428.17724609375,2.778416156768799,0.8127540946006775,0.03788714110851288,4.0,4.0,1,1424.1788330078125,2.428889751434326,3.4035013698121364,21.22796058654785,8.344306945800781,0.34038751441601667,1424.1788330078125,2.428889751434326,1424.1788330078125,-1.8018866332803185,0.0,4.230776384714645,0.0,0,1.3903184866081335,1.3902756627910906,-0.010912179210615163,3.2073447704315186,-0.025307979434728622,0.7929881811141968,0.04075359180569649,-1.1594855497036656,0.0,132.546259180579,132.546259180579,16.494567583035096,3.603001117706299,-0.07785550504922867,0.008513577290174235,1.0,1425.714580496275,-3.192721626876885,4,4,5,2.4626854857002627,0.9856621495739677,0.5764183923035944,2.0950899811450117,-356.74614282821403,158.90018363593467,0.8315534654958361,1.112254789286507,0.0,0,3.008531351801799,nan
GT+smooth-jitter_controlled_forward3x6_SoftMS_local_prior_3frame_causal_heading_continuous_waypoint_RNN_polynomial_Kalman,1,controlled_gt_jitter,8.0,-360.6806476831262,153.7084890984716,-0.3580768823449818,-4.194159827309645,0,0,6,-357.59298161018376,158.66611346716192,-360.32257080078125,157.90264892578125,-1,-357.5929870605469,158.66610717773438,-357.59298161018376,158.66611346716192,0.0,0,0.0,0.0,559,/yh/study/uav-sat/v36_GvsK/v36_training_data/routes/route_C/vi/vi_000559.jpg,-360.32257080078125,157.90264892578125,1427.4646151938275,0.0819220328645254,4,1.216947537890906,1.216947537890906,1,1.216947537890906,149.04129490845312,0.00046814483901822445,1427.2357177895358,-3.204695844716852,-357.78852395115285,160.00808419166273,3.2945790466961067,11.915390902068594,1,0.0,0,0,0.5008073421156779,1.0,1424.6800537109375,3.2387502193450928,1,1,6,18,1,132.5507980547259,-362.7525939941406,158.86363220214844,-367.63177490234375,157.38787841796875,1,-367.63177490234375,157.38787841796875,1428.17724609375,5.7214131355285645,0.8141999840736389,0.1023731678724289,4.0,4.0,1,1424.1788330078125,5.369116306304932,6.225013081033208,21.219783782958984,8.34300422668457,0.5008073421156779,1424.1788330078125,5.369116306304932,1424.1788330078125,-1.0283637302259834,0.0,6.397480036530915,0.0,0,1.5211844223636326,1.521137293260835,-0.011974217839966961,3.20302677154541,-0.025092337280511856,0.7911638021469116,0.040841154754161835,-1.1405285731057069,0.0,132.56521615717696,132.56521615717696,16.476078751276155,3.5978028774261475,-0.07629993557929993,0.022898838645109703,1.0,1426.1304990716408,-2.4188117450282087,4,4,5,2.0467669103344406,0.9880836436533499,1.3341161221867424,1.9860792336545041,-357.59298161018376,158.66611346716192,0.8785924917487432,1.216947537890906,0.0,0,2.8343491766845315,nan
GT+smooth-jitter_controlled_forward3x6_SoftMS_local_prior_3frame_causal_heading_continuous_waypoint_RNN_polynomial_Kalman,1,controlled_gt_jitter,8.0,-361.5784484760016,154.3487378257999,-0.20994872014219648,-4.181352506231347,0,0,6,-358.40228780494317,158.73791181787882,-361.3684997558594,158.53009033203125,-1,-358.40228271484375,158.7379150390625,-358.40228780494317,158.73791181787882,0.0,0,0.0,0.0,560,/yh/study/uav-sat/v36_GvsK/v36_training_data/routes/route_C/vi/vi_000560.jpg,-361.3684997558594,158.53009033203125,1428.1772659819753,-0.20413717230517073,5,1.2196926241261754,1.2196926241261754,1,1.2196926241261754,149.04091475376543,-0.00038015468770312096,1427.6550678663998,-2.4307811707745004,-358.63773721007607,159.77649133689786,3.001762739855605,11.089076488628077,1,0.0,0,0,0.4443370716607944,1.0,1425.7633056640625,3.445385694503784,1,1,6,18,1,132.55584439058376,-362.7525939941406,158.86363220214844,-367.45770263671875,157.3795166015625,1,-367.45770263671875,157.3795166015625,1428.17724609375,5.601354598999023,0.7878535985946655,0.07398885488510132,4.0,4.0,1,1424.1788330078125,5.258275985717773,6.5931122099190596,21.2094783782959,8.3388671875,0.4443370716607944,1424.1788330078125,5.258275985717773,1424.1831409193326,-0.3476250025341896,-0.004307911520119223,5.605900988251962,0.0,0,1.5246157801577191,1.5245687947591064,-0.011969425746291784,3.2074952125549316,-0.025199607014656067,0.7908360958099365,0.0408051572740078,-1.1687449383406758,0.0,132.536999791942,132.536999791942,16.503914961823423,3.6020660400390625,-0.07828477025032043,0.02585067220519304,1.0,1426.7415960237768,-1.883375441504028,4,4,5,1.4356699581984458,0.9916414738133139,1.4356699581985595,1.9878025884287562,-358.40228780494317,158.73791181787882,0.8124847814215549,1.2196926241261754,0.0,0,2.9734833289826943,nan
GT+smooth-jitter_controlled_forward3x6_SoftMS_local_prior_3frame_causal_heading_continuous_waypoint_RNN_polynomial_Kalman,1,controlled_gt_jitter,8.0,-361.6256586991452,154.5446974092858,-0.06315869914520501,-4.163462991104828,0,0,6,-358.45082305553035,158.41234160938774,-361.5625,158.70816040039062,-1,-358.4508361816406,158.41233825683594,-358.45082305553035,158.41234160938774,0.0,0,0.0,0.0,561,/yh/study/uav-sat/v36_GvsK/v36_training_data/routes/route_C/vi/vi_000561.jpg,-361.5625,158.70816040039062,1428.1772659819753,-0.12284817680295089,5,0.2633344716745884,0.2633344716745884,1,0.2633344716745884,137.45161923758366,-11.589295516181764,1427.0707539613593,-1.8859606557908002,-358.627852247408,158.97764565675442,2.946995034809325,10.37063066113751,1,0.0,0,0,0.45146178025368605,1.0,1425.9375,3.3441145420074463,1,1,6,18,1,132.54924877572307,-362.7525939941406,158.86363220214844,-367.5138244628906,157.45989990234375,1,-367.5138244628906,157.45989990234375,1428.17724609375,5.586383819580078,0.7940293550491333,0.0781974047422409,4.0,4.0,1,1424.1788330078125,5.234845161437988,6.744654551749782,21.231204986572266,8.345172882080078,0.45146178025368605,1424.1788330078125,5.234845161437988,1424.1788330078125,0.20895128162778187,0.0,5.025893879810207,0.0,1,0.3291680895932355,0.32915793758248,-0.0025852142867722186,3.2062835693359375,-0.025207500904798508,0.792462170124054,0.04082049801945686,-1.151739261411225,0.0,132.55400546887145,132.55400546887145,4.897613768712207,3.6016905307769775,-0.07720786333084106,0.022699199512043522,1.0,1426.5397776820898,-1.6233350827801778,4,4,5,1.6374882998853764,0.9904664795994206,1.63748829988549,2.9429490976613493,-358.45082305553035,158.41234160938774,0.32916808959328026,0.2633344716745884,0.06583361791869186,0,3.125706666316337,nan
GT+smooth-jitter_controlled_forward3x6_SoftMS_local_prior_3frame_causal_heading_continuous_waypoint_RNN_polynomial_Kalman,1,controlled_gt_jitter,8.0,-361.6744675687427,154.74573108900995,0.08212422813226994,-4.140575673685363,0,0,6,-358.53124836362673,158.0929963693364,-361.756591796875,158.8863067626953,-1,-358.53125,158.09300231933594,-358.53124836362673,158.0929963693364,0.0,0,0.0,0.0,562,/yh/study/uav-sat/v36_GvsK/v36_training_data/routes/route_C/vi/vi_000562.jpg,-361.756591796875,158.8863067626953,1428.1772659819753,-0.041527859542403366,5,0.26345351016177265,0.26345351016177265,1,0.26345351016177265,137.45285949200112,0.0012402544174719347,1426.8690844019761,-1.6259228933683403,-358.67648842299553,158.65218479660118,3.08898848958546,9.853186689820442,1,0.0,0,0,0.4487321527636424,1.0,1426.1165771484375,3.240493059158325,1,1,6,18,1,132.55091363433326,-362.7525939941406,158.86363220214844,-367.4812927246094,157.40640258789062,1,-367.4812927246094,157.40640258789062,1428.17724609375,5.599830627441406,0.7794128656387329,0.07388992607593536,4.0,4.0,1,1424.1788330078125,5.248241901397705,6.928703363914642,21.226778030395508,8.343965530395508,0.4487321527636424,1424.1788330078125,5.248241901397705,1424.1788330078125,0.46448515869166984,0.0,4.783756742706036,0.0,1,0.3293168877022158,0.32930671988623855,-0.0025878105881624886,3.2051281929016113,-0.02527035027742386,0.7920528054237366,0.04074293375015259,-1.152302325130928,0.0,132.55344240515174,132.55344240515174,4.899417086849382,3.600327730178833,-0.07731752097606659,0.021673421198835086,1.0,1426.3644939481912,-1.344542641784334,4,4,5,1.812772033783972,0.989445970901356,1.8127720337840856,2.941674682739839,-358.53124836362673,158.0929963693364,0.32931688770218076,0.26345351016177265,0.06586337754040811,0,3.321472812264015,nan
GT+smooth-jitter_controlled_forward3x6_SoftMS_local_prior_3frame_causal_heading_continuous_waypoint_RNN_polynomial_Kalman,1,controlled_gt_jitter,8.0,-361.1758755081454,154.62743881325966,0.22573581997958309,-4.112780302951276,0,0,6,-358.7425476128378,157.66219331269699,-361.401611328125,158.74021911621094,-1,-358.7425537109375,157.66220092773438,-358.7425476128378,157.66219331269699,0.0,0,0.0,0.0,563,/yh/study/uav-sat/v36_GvsK/v36_training_data/routes/route_C/vi/vi_000563.jpg,-361.401611328125,158.74021911621094,1428.1772659819753,-0.026798597284668945,5,0.38386551505613714,0.38386551505613714,1,0.38386551505613714,-22.368985747753594,-12.000000000000002,1426.844310973036,-1.348320074252625,-358.8600495880034,158.4424651106787,2.558943830305867,9.291313784298056,1,0.0,0,0,0.4722485156691447,1.0,1425.6865234375,2.961796760559082,1,1,6,18,1,132.5517986774393,-362.7525939941406,158.86363220214844,-367.3153991699219,157.44082641601562,1,-367.3153991699219,157.44082641601562,1428.17724609375,5.456121444702148,0.7758418321609497,0.08251084387302399,4.0,4.0,1,1424.1788330078125,5.111595153808594,6.694269091387761,21.231931686401367,8.343729019165039,0.4722485156691447,1424.1788330078125,5.111595153808594,1424.1788330078125,0.7808899766014641,0.0,4.330705177207129,0.0,1,0.47983189382017144,0.4798170248448879,-0.003777432468290773,3.2113254070281982,-0.02531377226114273,0.7926334142684937,0.0408058725297451,-1.175219850952142,0.0,132.53052487933053,132.53052487933053,154.8995106270841,3.6067826747894287,-0.07890260964632034,0.025539923132910543,1.0,1426.199065586247,-0.8941293833299995,4,4,5,1.9782003957283223,0.9884828405611017,1.978200395728436,2.8274598919720613,-358.7425476128378,157.66219331269699,0.479831893820145,0.38386551505613714,0.09596637876400788,0,2.869278563506642,nan
GT+smooth-jitter_controlled_forward3x6_SoftMS_local_prior_3frame_causal_heading_continuous_waypoint_RNN_polynomial_Kalman,1,controlled_gt_jitter,8.0,-360.7113712384272,154.5272348822651,0.3675167010259433,-4.080171733945822,0,0,6,-358.948816182094,157.27781141591376,-361.0788879394531,158.60740661621094,-1,-358.9488220214844,157.27781677246094,-358.948816182094,157.27781141591376,0.0,0,0.0,0.0,564,/yh/study/uav-sat/v36_GvsK/v36_training_data/routes/route_C/vi/vi_000564.jpg,-361.0788879394531,158.60740661621094,1428.1772659819753,-0.013407637740601303,5,0.3489835895169114,0.3489835895169114,1,0.3489835895169114,-22.368961449867403,2.4297886193210456e-05,1426.635281536399,-0.8975659616636366,-359.04146886393426,157.97990741512336,2.1318610969417557,8.83299458314813,1,0.0,0,0,0.477952735308446,1.0,1425.293212890625,2.6952438354492188,1,1,6,18,1,132.54435281074865,-362.7525939941406,158.86363220214844,-367.53228759765625,157.43113708496094,1,-367.53228759765625,157.43113708496094,1428.17724609375,5.619604587554932,0.8088183403015137,0.09204736351966858,4.0,4.0,1,1424.1788330078125,5.26939582824707,6.703496461526589,21.218429565429688,8.34224796295166,0.477952735308446,1424.1788330078125,5.26939582824707,1424.1788330078125,1.2410560515952995,0.0,4.028339776651771,0.0,1,0.4362294868961392,0.43621595015201553,-0.003436578333637072,3.203737735748291,-0.025085166096687317,0.7904202938079834,0.04085299000144005,-1.1430900007661675,0.0,132.5626547295165,132.5626547295165,154.9316161793839,3.5981388092041016,-0.07645445317029953,0.025310540256552404,1.0,1426.0637190090044,-0.4794277203644105,4,4,5,2.1135469729707665,0.9876948475382632,2.1135469729708802,2.8547541462313797,-358.948816182094,157.27781141591376,0.43622948689612445,0.3489835895169114,0.08724589737921307,0,2.510981698091867,nan
GT+smooth-jitter_controlled_forward3x6_SoftMS_local_prior_3frame_causal_heading_continuous_waypoint_RNN_polynomial_Kalman,1,controlled_gt_jitter,8.0,-360.248455317608,154.43157659656788,0.5073125046576265,-4.042849672963364,0,0,6,-359.1659185383041,156.8988222472685,-360.7557678222656,158.47442626953125,-1,-359.1659240722656,156.89881896972656,-359.1659185383041,156.8988222472685,0.0,0,0.0,0.0,565,/yh/study/uav-sat/v36_GvsK/v36_training_data/routes/route_C/vi/vi_000565.jpg,-360.7557678222656,158.47442626953125,1428.1772659819753,-4.380368702852868e-06,5,0.349414342485127,0.349414342485127,1,0.349414342485127,-22.36965570181382,-0.0006942519464170188,1426.500473474632,-0.48285697346450634,-359.24811481849025,157.5959097486251,1.744938066894624,8.417769054916361,1,0.0,0,0,0.36778458822134885,1.0,1424.9041748046875,2.4266984462738037,1,1,6,18,1,132.55075846097304,-362.7525939941406,158.86363220214844,-363.30902099609375,156.99285888671875,1,-363.30902099609375,156.99285888671875,1428.17724609375,2.8694443702697754,0.8221153020858765,0.050905436277389526,4.0,4.0,1,1424.1788330078125,2.519383430480957,4.725967407314426,21.232391357421875,8.34505558013916,0.36778458822134885,1424.1788330078125,2.519383430480957,1424.1788330078125,1.4739875971007192,0.0,1.0453958333802378,0.0,1,0.43676792810640874,0.43675446562747416,-0.00342925310009585,3.2074074745178223,-0.025262579321861267,0.7922882437705994,0.040796782821416855,-1.1501787766292886,0.0,132.5555659536534,132.5555659536534,154.9252216554672,3.6027278900146484,-0.07719751447439194,0.024395528084922208,1.0,1425.9397564815863,-0.0606204677785826,4,4,5,2.23750950038891,0.9869731328950923,2.2375095003890237,2.8579931320326954,-359.1659185383041,156.8988222472685,0.43676792810644904,0.349414342485127,0.08735358562132206,0,2.23833616346687,nan
GT+smooth-jitter_controlled_forward3x6_SoftMS_local_prior_3frame_causal_heading_continuous_waypoint_RNN_polynomial_Kalman,1,controlled_gt_jitter,8.0,-359.5384976774004,154.25536820133544,0.6449740022870617,-4.00091841975831,0,0,6,-359.61848769459164,156.941861310067,-360.1834716796875,158.25628662109375,-1,-359.6184997558594,156.94186401367188,-359.61848769459164,156.941861310067,0.0,0,0.0,0.0,566,/yh/study/uav-sat/v36_GvsK/v36_training_data/routes/route_C/vi/vi_000566.jpg,-360.1834716796875,158.25628662109375,1428.788440220516,0.039549892068046225,5,0.612460432216023,0.612460432216023,1,0.612460432216023,-20.86512960817735,1.504526093636466,1426.7053083429807,-0.06664171145342263,-359.69052760046856,157.4563984660538,0.9395823145473898,8.49203886813422,1,0.0,0,0,0.28651296365622436,1.0,1424.2862548828125,2.0352237224578857,1,1,6,18,1,132.5524410353864,-362.7525939941406,158.86363220214844,-363.2552185058594,156.93406677246094,1,-363.2552185058594,156.93406677246094,1428.17724609375,2.87117338180542,0.805289626121521,0.014695137739181519,4.0,4.0,1,1424.1788330078125,2.5190398693084717,4.428298773334148,21.24462127685547,8.347480773925781,0.28651296365622436,1424.1788330078125,2.5190398693084717,1424.1788330078125,1.7561046785793477,0.0,0.762935190729124,0.0,0,0.7655755402700287,0.7655518613943504,-0.006021243674840021,3.2084813117980957,-0.02543325535953045,0.7936302423477173,0.040695201605558395,-1.1542322804582796,0.0,132.5515124498244,132.5515124498244,153.41664205800174,3.6044623851776123,-0.07770895957946777,0.01871891553764952,1.0,1426.2835742025622,0.23680276079017104,4,4,5,1.8936917794129613,0.9889748530034036,2.5048660179536455,2.5960208795820727,-359.61848769459164,156.941861310067,0.45461104490476256,0.612460432216023,0.0,0,1.4307063995392555,nan
GT+smooth-jitter_controlled_forward3x6_SoftMS_local_prior_3frame_causal_heading_continuous_waypoint_RNN_polynomial_Kalman,1,controlled_gt_jitter,8.0,-358.8828813059121,154.1034967909865,0.78035721947852,-3.9544866074510048,0,0,6,-359.97980429754784,156.81305743083988,-359.6632385253906,158.0579833984375,-1,-359.97979736328125,156.8130645751953,-359.97980429754784,156.81305743083988,0.0,0,0.0,0.0,567,/yh/study/uav-sat/v36_GvsK/v36_training_data/routes/route_C/vi/vi_000567.jpg,-359.6632385253906,158.0579833984375,1429.3440249662563,0.07549837250803805,5,0.5567465338424034,0.5567465338424034,1,0.5567465338424034,-20.865918005911137,-0.0007883977337845739,1426.9794856589701,0.23130565312140602,-360.0953572748081,157.44873247398996,0.7469359427275677,8.465166147167983,1,0.0,0,0,0.3044271694457904,1.0,1423.7235107421875,1.6662163734436035,1,1,6,18,1,132.5521160677923,-362.7525939941406,158.86363220214844,-363.495849609375,156.8082275390625,1,-363.495849609375,156.8082275390625,1428.17724609375,3.1320743560791016,0.8103047609329224,0.022964149713516235,4.0,4.0,1,1424.1788330078125,2.786257266998291,4.412619460645549,21.231725692749023,8.343583106994629,0.3044271694457904,1424.1788330078125,2.786257266998291,1424.1788330078125,2.0836104827069604,0.0,0.7026467842913307,0.0,0,0.6959331673030043,0.6959114564078316,-0.005497107668765019,3.2120492458343506,-0.025215523317456245,0.7932848334312439,0.04090476781129837,-1.1710287828443988,0.0,132.5347159474383,132.5347159474383,153.40063395334943,3.6078407764434814,-0.07851255685091019,0.024470828681058824,1.0,1426.4401156280933,0.5869954348547088,4,4,5,1.7371503538819297,0.9898862432551325,2.9039093381629755,2.655302711991947,-359.97980429754784,156.81305743083988,0.383588486370184,0.5567465338424034,0.0,0,1.2845444923786702,nan
GT+smooth-jitter_controlled_forward3x6_SoftMS_local_prior_3frame_causal_heading_continuous_waypoint_RNN_polynomial_Kalman,1,controlled_gt_jitter,8.0,-358.1778019493097,153.9362378443579,0.9133235389715646,-3.903666940798365,0,0,6,-360.3659094118473,156.7625762014746,-359.09112548828125,157.83990478515625,-1,-360.36590576171875,156.7625732421875,-360.3659094118473,156.7625762014746,0.0,0,0.0,0.0,568,/yh/study/uav-sat/v36_GvsK/v36_training_data/routes/route_C/vi/vi_000568.jpg,-359.09112548828125,157.83990478515625,1429.9550149000436,0.11503202414733588,5,0.612267595746489,0.612267595746489,1,0.612267595746489,-20.865895464221932,2.2541689206271806e-05,1427.2054264090336,0.5809707084433735,-360.50424426632947,157.37046177949188,1.489053866198158,8.523424984631447,1,0.0,0,0,0.2590552063620463,1.0,1423.1153564453125,1.272084355354309,1,1,6,18,1,132.54602599365188,-362.7525939941406,158.86363220214844,-363.3634338378906,157.07228088378906,1,-363.3634338378906,157.07228088378906,1428.17724609375,2.8539023399353027,0.8304136991500854,0.009239330887794495,4.0,4.0,1,1424.1787109375,2.5002589225769043,4.0462356350690465,21.243120193481445,8.347143173217773,0.2590552063620463,1424.1787109375,2.5002589225769043,1424.243024591538,2.35841179894075,-0.06431365403800715,0.14184712363615448,0.0,0,0.7653344946831113,0.7653107809403458,-0.006024726411335343,3.2065978050231934,-0.02518666908144951,0.7925831079483032,0.04084838926792145,-1.1485766703820974,0.0,132.5571680599006,132.5571680599006,153.4230635241225,3.6020700931549072,-0.0769817978143692,0.02431636492066973,1.0,1426.6704040737511,0.9009902526510749,4,4,5,1.5068619082240957,0.9912269915187082,3.2846108262924645,2.594330209276704,-360.3659094118473,156.7625762014746,0.38939120920540476,0.612267595746489,0.0,0,1.6690449152135052,nan
GT+smooth-jitter_controlled_forward3x6_SoftMS_local_prior_3frame_causal_heading_continuous_waypoint_RNN_polynomial_Kalman,1,controlled_gt_jitter,8.0,-357.36876631283945,153.59273876377637,1.0437397906761812,-3.8485759334892644,0,0,6,-360.89780230882866,156.97683131869218,-358.4125061035156,157.44131469726562,-1,-360.8977966308594,156.97683715820312,-360.89780230882866,156.97683131869218,0.0,0,0.0,0.0,569,/yh/study/uav-sat/v36_GvsK/v36_training_data/routes/route_C/vi/vi_000569.jpg,-358.4125061035156,157.44131469726562,1430.737920812866,0.03467868437768294,5,0.787018632272662,0.787018632272662,1,0.787018632272662,-30.42803404858304,-9.562138584361108,1427.6541469570357,0.8932555015346312,-361.04003993786165,157.47906620188172,2.6278050206843546,8.718272475603328,1,0.0,0,0,0.24773768353823578,1.0,1422.30810546875,0.9245765805244446,1,1,6,18,1,132.54992571150285,-362.7525939941406,158.86363220214844,-363.3690490722656,157.16815185546875,1,-363.3690490722656,157.16815185546875,1428.17724609375,2.7917189598083496,0.840094268321991,0.0068420469760894775,4.0,4.0,1,1424.1788330078125,2.449930191040039,3.798711074547746,21.212570190429688,8.339317321777344,0.24773768353823578,1424.1788330078125,2.449930191040039,1424.7228683273056,2.449930191040039,-0.5440353194930152,0.0,0.0,0,0.9837732903408275,0.983742883284644,-0.007734751116443731,3.209136724472046,-0.025131383910775185,0.7905421257019043,0.04089708253741264,-1.1616543482085564,0.0,132.54409038207413,132.54409038207413,162.97212443065717,3.603572130203247,-0.07775513082742691,0.019222206272327725,1.0,1427.1928026429662,1.1374538735215964,4,4,5,0.9844633390090394,0.9942684162526705,3.5451181698997516,2.422118092199384,-360.89780230882866,156.97683131869218,0.5734241964838229,0.787018632272662,0.0,0,2.5283279132886167,nan
GT+smooth-jitter_controlled_forward3x6_SoftMS_local_prior_3frame_causal_heading_continuous_waypoint_RNN_polynomial_Kalman,1,controlled_gt_jitter,8.0,-356.5616149329719,153.25293320058805,1.1714783287468404,-3.7893336451150863,0,0,6,-361.27403885966777,156.6926978917034,-357.73309326171875,157.04226684570312,-1,-361.2740478515625,156.6927032470703,-361.27403885966777,156.6926978917034,0.0,0,0.0,0.0,570,/yh/study/uav-sat/v36_GvsK/v36_training_data/routes/route_C/vi/vi_000570.jpg,-357.73309326171875,157.04226684570312,1431.521738675594,-0.04576107882178806,5,0.7879346403320218,0.7879346403320218,1,0.7879346403320218,-30.427515085000717,0.0005189635823219702,1428.1776906344328,1.1297271175957941,-361.5720502092616,157.69366005188084,3.8938289066344356,8.211267633288756,1,0.0,0,0,0.3619032384789363,1.0,1421.504638671875,0.5758788585662842,1,1,6,18,1,132.54788335829937,-362.7525939941406,158.86363220214844,-363.623046875,156.93821716308594,1,-363.623046875,156.93821716308594,1428.17724609375,3.1342079639434814,0.826572597026825,0.049533501267433167,4.0,4.0,1,1424.178955078125,2.794959306716919,4.085173686359677,21.173786163330078,8.329727172851562,0.3619032384789363,1424.178955078125,2.794959306716919,1424.9324567286158,2.794959306716919,-0.7535016504907177,0.0,0.0,0,0.9849183004150273,0.984887991466689,-0.0077267559258023776,3.2087860107421875,-0.02488434500992298,0.792841911315918,0.04107122868299484,-1.197677512943144,0.0,132.50806721733954,132.50806721733954,162.93558230234024,3.6043286323547363,-0.0797034353017807,0.040360711112760385,1.0,1427.247365680097,1.60575785759474,5,4,5,0.9299003018783196,0.9945860843713616,4.27437299549706,2.4208513704101655,-361.27403885966777,156.6926978917034,0.47147189366885384,0.7879346403320218,0.0,0,3.558158819001057,nan
GT+smooth-jitter_controlled_forward3x6_SoftMS_local_prior_3frame_causal_heading_continuous_waypoint_RNN_polynomial_Kalman,1,controlled_gt_jitter,8.0,-355.6909486267799,152.8781998872101,1.2964170958763543,-3.726063418453963,0,0,6,-361.61475169217533,157.27171541422777,-356.98736572265625,156.60426330566406,-1,-361.61474609375,157.27171325683594,-361.61475169217533,157.27171541422777,0.0,0,0.0,0.0,571,/yh/study/uav-sat/v36_GvsK/v36_training_data/routes/route_C/vi/vi_000571.jpg,-356.98736572265625,156.60426330566406,1432.3820643863517,-0.13405793614016095,5,0.8648448783469571,0.8648448783469571,1,0.8648448783469571,-30.427873060311473,-0.0003579753107568188,1428.3283889302452,1.5973305496896004,-361.7730728073258,157.30796150639748,4.8371668834113555,8.510923742235033,1,0.0,0,0,0.30694637614849957,1.0,1420.6322021484375,0.20539988577365875,1,1,6,18,1,132.5314349620181,-362.7525939941406,158.86363220214844,-360.03997802734375,156.4329833984375,1,-360.03997802734375,156.4329833984375,1426.2069091796875,0.8931089043617249,0.8285057544708252,0.027976050972938538,4.0,4.0,1,1422.20849609375,0.5408759117126465,2.8185884325237747,21.23011016845703,8.34454345703125,0.30694637614849957,1422.20849609375,0.5408759117126465,1425.2342863958368,0.5408759117126465,-3.0257903020868087,0.0,0.0,0,1.0810560979336963,1.0810232501482573,-0.00842730790513959,3.2049500942230225,-0.025117918848991394,0.7923461198806763,0.04085608199238777,-1.1575475902483803,0.0,132.5481971400343,132.5481971400343,162.97607020034576,3.6002933979034424,-0.07743752002716064,0.0175573174715873,1.0,1427.901353414175,1.4519834471715287,5,4,5,0.2759125678002192,0.9983936263275385,4.4807109721766665,2.3401052158760653,-361.61475169217533,157.27171541422777,0.671823284521743,0.8648448783469571,0.0,0,4.675274668736394,nan
GT+smooth-jitter_controlled_forward3x6_SoftMS_local_prior_3frame_causal_heading_continuous_waypoint_RNN_polynomial_Kalman,1,controlled_gt_jitter,8.0,-354.4887258523634,152.40690428074257,1.4184396749803074,-3.658891617694926,0,0,6,-360.9134496851225,157.23460434835286,-355.90716552734375,156.0657958984375,-1,-360.9134521484375,157.23460388183594,-360.9134496851225,157.23460434835286,0.0,0,0.0,0.0,572,/yh/study/uav-sat/v36_GvsK/v36_training_data/routes/route_C/vi/vi_000572.jpg,-355.90716552734375,156.0657958984375,1433.5883525711681,-0.17465874611418328,5,1.206971255083757,1.206971255083757,1,1.206971255083757,-26.49572860759143,3.9321444527200438,1429.4100213719,1.4401879016568795,-360.67856942642317,156.96976969745032,4.856280860643453,8.897523265629207,1,0.0,0,0,0.3044414492285624,1.0,1419.4608154296875,-0.33804038166999817,1,1,6,18,1,132.37438542610707,-362.7525939941406,158.86363220214844,-359.71453857421875,156.61196899414062,1,-359.71453857421875,156.61196899414062,1426.1114501953125,0.5341784358024597,0.847836971282959,0.031226947903633118,4.0,4.0,1,1422.113037109375,0.18684646487236023,2.2489475044126226,21.210695266723633,8.339181900024414,0.3044414492285624,1422.113037109375,0.18684646487236023,1426.3228073865214,0.18684646487236023,-4.209770277146482,0.0,0.0,0,1.5087140688546963,1.5086679577249944,-0.011795545514649316,3.2054762840270996,-0.025064051151275635,0.7921472787857056,0.04088597372174263,-1.1672674830458374,0.0,132.46010370561584,132.46010370561584,158.95583231320725,3.600708246231079,-0.07798817753791809,0.015252115002570774,1.0,1429.0266710135988,1.2850831482711362,5,5,6,238.08259470811802,0.003555007418632664,4.561681557569273,1.9985050289433426,-360.9134496851225,157.23460434835286,0.7022832308312091,1.206971255083757,0.0,0,5.140913757399544,nan
GT+smooth-jitter_controlled_forward3x6_SoftMS_local_prior_3frame_causal_heading_continuous_waypoint_RNN_polynomial_Kalman,1,controlled_gt_jitter,8.0,-353.2878515367591,151.9385418895993,1.537435328475294,-3.587947368213197,0,0,6,-359.6203688845619,156.76612017398463,-354.8252868652344,155.5264892578125,-1,-359.620361328125,156.76611328125,-359.6203688845619,156.76612017398463,0.0,0,0.0,0.0,573,/yh/study/uav-sat/v36_GvsK/v36_training_data/routes/route_C/vi/vi_000573.jpg,-354.8252868652344,155.5264892578125,1434.796516199135,-0.21532495084931796,5,1.2088478366402424,1.2088478366402424,1,1.2088478366402424,-26.495836222060955,-0.00010761446952630487,1430.5376846225606,1.273268749595815,-359.5387423312196,156.62305482862217,4.839330375259718,9.619424220645678,1,0.0,0,0,0.20556896794203672,1.0,1418.29248046875,-0.8825325965881348,1,1,6,18,1,131.93194512941895,-362.7525939941406,158.86363220214844,-359.1716003417969,157.20120239257812,1,-359.1716003417969,157.20120239257812,1426.1622314453125,-0.26544415950775146,0.8943489789962769,0.0019105970859527588,4.0,4.0,1,1422.163818359375,-0.6106940507888794,1.6536153996164762,21.169719696044922,8.329614639282227,0.20556896794203672,1422.163818359375,-0.6106940507888794,1427.72236996072,-0.4159200475085456,-5.558551601345018,-0.19477400328033379,0.0,0,1.511059795800303,1.5110136089618762,-0.011814398675321133,3.196582794189453,-0.024476882070302963,0.7859683036804199,0.04111780226230621,-1.147025470388564,0.0,132.03986541113866,132.03986541113866,158.5357016331996,3.5887691974639893,-0.07577326893806458,0.00679756104156702,1.0,1430.3625161210925,1.1685586972276136,5,5,6,236.74674960062433,0.009145908214460664,4.434000078042573,1.9877349575492107,-359.6203688845619,156.76612017398463,1.375331006853207,1.2088478366402424,0.16648317021296455,0,4.9527261564120435,nan
GT+smooth-jitter_controlled_forward3x6_SoftMS_local_prior_3frame_causal_heading_continuous_waypoint_RNN_polynomial_Kalman,1,controlled_gt_jitter,8.0,-351.9843657695379,151.42110120248503,1.6532990253840083,-3.513362298491536,0,0,6,-358.3943272810589,156.16658619888554,-353.6376647949219,154.93446350097656,-1,-358.3943176269531,156.1665802001953,-358.3943272810589,156.16658619888554,0.0,0,0.0,0.0,574,/yh/study/uav-sat/v36_GvsK/v36_training_data/routes/route_C/vi/vi_000574.jpg,-353.6376647949219,154.93446350097656,1436.1227693036287,-0.25997225167588095,5,1.3270044003885266,1.3270044003885266,1,1.3270044003885266,-26.49610641156983,-0.0002701895088745691,1432.0212220652345,1.155736791758026,-358.11833956111417,156.10249372810262,4.6304147732004,10.253563092607735,1,0.0,0,0,0.2875411974227801,1.0,1417.017822265625,-1.4672914743423462,1,1,6,18,1,130.86541362984175,-353.28985595703125,158.80381774902344,-359.1800537109375,153.63255310058594,1,-359.1800537109375,153.63255310058594,1423.58837890625,2.2064425945281982,0.8829596638679504,0.03219383955001831,4.0,4.0,1,1419.5899658203125,1.8566099405288696,4.689566010187355,21.239089965820312,8.345903396606445,0.2875411974227801,1419.5899658203125,1.8566099405288696,1428.9804837723218,1.8566099405288696,-9.39051795200935,0.0,0.0,0,1.6587555004856582,1.658705944141865,-0.01282190546958765,3.213017225265503,-0.025002125650644302,0.7960919141769409,0.04111780971288681,-1.1704895180650852,0.0,131.08874790543632,131.08874790543632,157.58485431700618,3.6102187633514404,-0.07820720225572586,0.007207229890792184,1.0,1431.7626075901153,1.2151210577356957,5,5,6,235.34665813160157,0.01500569874292824,4.360161713513435,1.8860128248769763,-358.3943272810589,156.16658619888554,1.364778004225721,1.3270044003885266,0.0377736038371943,0,4.913650816829155,nan
GT+smooth-jitter_controlled_forward3x6_SoftMS_local_prior_3frame_causal_heading_continuous_waypoint_RNN_polynomial_Kalman,1,controlled_gt_jitter,8.0,-350.0632006235505,150.83130076015632,1.765931456527626,-3.4352702847655396,0,0,6,-356.32315077324705,155.39165446432082,-351.8291320800781,154.26657104492188,-1,-356.3231506347656,155.3916473388672,-356.32315077324705,155.39165446432082,0.0,0,0.0,0.0,575,/yh/study/uav-sat/v36_GvsK/v36_training_data/routes/route_C/vi/vi_000575.jpg,-351.8291320800781,154.26657104492188,1438.0452643238032,-0.1154599306796867,5,1.9279188036623502,1.9279188036623502,1,1.9279188036623502,-20.26922505097531,6.226881360594521,1434.1724335685835,1.1964246445336262,-356.2333691635443,155.22914532294226,4.50819847922483,10.989416070388977,1,0.0,0,0,0.28744179028633987,1.0,1415.2640380859375,-2.4485721588134766,1,1,6,18,1,127.81893252742786,-353.28985595703125,158.80381774902344,-355.4270324707031,153.40676879882812,1,-355.4270324707031,153.40676879882812,1420.8319091796875,-0.35060182213783264,0.8653457760810852,0.028279021382331848,4.0,4.0,1,1416.83349609375,-0.696688175201416,3.5595446834259987,21.221729278564453,8.341712951660156,0.28744179028633987,1416.83349609375,-0.696688175201416,1431.1319686452962,-0.6278543094388347,-14.298472551546094,-0.06883386576258133,0.0,0,2.4098985045779378,2.409825978468229,-0.018696413202069502,3.2086808681488037,-0.024948569014668465,0.7920288443565369,0.04103972762823105,-1.1584835396080837,0.0,128.23774905199974,128.23774905199974,148.50697410297505,3.6038689613342285,-0.07730743288993835,0.006776685279453212,1.0,1433.9596360511105,1.0692296070149303,5,5,6,233.1496296706064,0.024200902664497138,4.085628272692702,1.2807620644864535,-356.32315077324705,155.39165446432082,2.211400307440332,1.9279188036623502,0.28348150377798187,0,4.632711594213282,nan
GT+smooth-jitter_controlled_forward3x6_SoftMS_local_prior_3frame_causal_heading_continuous_waypoint_RNN_polynomial_Kalman,1,controlled_gt_jitter,8.0,-348.14175925292017,150.24354387526753,1.8752390380954846,-3.35380719895121,0,0,6,-354.3869672408686,154.8697714375896,-350.0169982910156,153.59735107421875,-1,-354.386962890625,154.86976623535156,-354.3869672408686,154.8697714375896,0.0,0,0.0,0.0,576,/yh/study/uav-sat/v36_GvsK/v36_training_data/routes/route_C/vi/vi_000576.jpg,-350.0169982910156,153.59735107421875,1439.9715863519639,0.029342287785207293,5,1.9317567752307496,1.9317567752307496,1,1.9317567752307496,-20.26915925740433,6.579357098070979e-05,1436.3742591751318,1.0504734924935366,-354.1926743094586,154.51122494393323,4.274509990717843,11.029949724445304,1,0.0,0,0,0.24537758845452223,1.0,1443.071533203125,-2.2411651611328125,1,1,6,18,1,120.73827029638525,-362.7525939941406,158.86363220214844,-354.4484558105469,153.96817016601562,1,-354.4484558105469,153.96817016601562,1435.787109375,-1.4758906364440918,0.8827437162399292,0.015280887484550476,4.0,4.0,1,1431.7886962890625,-1.818773865699768,7.645041880691053,21.236961364746094,8.34427547454834,0.24537758845452223,1431.7886962890625,-1.818773865699768,1433.449470806882,-0.7043995284564253,-1.6607745178193465,-1.114374337243343,0.0,0,2.414695969038437,2.414623124021332,-0.018756114521393797,3.2141172885894775,-0.025171691551804543,0.7932120561599731,0.040969982743263245,-1.1736563779624438,0.0,123.04732585390533,123.04732585390533,143.31648511130965,3.6098697185516357,-0.07864320278167725,0.014068616233308719,1.0,1435.850117130257,0.7370202832448263,5,5,6,231.25914859145976,0.03211311652118381,4.121469221706775,1.282360513358728,-354.3869672408686,154.8697714375896,2.0052851579372883,1.9317567752307496,0.07352838270653872,0,4.551448363301517,nan
GT+smooth-jitter_controlled_forward3x6_SoftMS_local_prior_3frame_causal_heading_continuous_waypoint_RNN_polynomial_Kalman,1,controlled_gt_jitter,8.0,-346.04987195546744,149.59481145874747,1.9811339039075337,-3.269110660393153,0,0,6,-352.50884632034337,154.12692081701417,-348.031005859375,152.86392211914062,-1,-352.50885009765625,154.12692260742188,-352.50884632034337,154.12692081701417,0.0,0,0.0,0.0,577,/yh/study/uav-sat/v36_GvsK/v36_training_data/routes/route_C/vi/vi_000577.jpg,-348.031005859375,152.86392211914062,1442.08272368517,0.1880342252747298,5,2.1170932834149827,2.1170932834149827,1,2.1170932834149827,-20.269237634281577,-7.837687724744862e-05,1438.4964031761763,0.7163716183387524,-352.0716136597967,154.03537580316305,4.206995974640143,9.441742455853,1,0.0,0,0,0.33471836167935287,1.0,1445.24365234375,-1.9614161252975464,1,1,6,18,1,100.80858308587013,-353.28985595703125,158.80381774902344,-348.2585754394531,154.08148193359375,1,-348.2585754394531,154.08148193359375,1441.3695068359375,1.2007490396499634,0.8894373774528503,0.05248980224132538,4.0,4.0,1,1437.3709716796875,0.848025381565094,5.323081148753237,21.253538131713867,8.349173545837402,0.33471836167935287,1437.3709716796875,0.848025381565094,1437.3709716796875,0.848025381565094,0.0,0.0,0.0,0,2.6463666042687284,2.6462860459191475,-0.020648664906073897,3.2095425128936768,-0.025327831506729126,0.7941551208496094,0.04079523682594299,-1.152803276817866,0.0,107.35213034572286,107.35213034572286,127.62136798000442,3.605790853500366,-0.07749027758836746,0.003455229576775007,1.0,1438.0467864793427,0.7688564331633614,5,5,6,229.06247924237417,0.0413068174548316,4.035937205827395,1.092449229478694,-352.50884632034337,154.12692081701417,2.019694342370627,2.1170932834149827,0.0,0,4.652549935757342,nan
GT+smooth-jitter_controlled_forward3x6_SoftMS_local_prior_3frame_causal_heading_continuous_waypoint_RNN_polynomial_Kalman,1,controlled_gt_jitter,8.0,-343.54637944336747,148.72628824027674,2.0835338867106503,-3.1813197919498193,0,0,6,-349.21673062959195,154.0067111411162,-345.6299133300781,151.90760803222656,-1,-349.21673583984375,154.0067138671875,-349.21673062959195,154.0067111411162,0.0,0,0.0,0.0,578,/yh/study/uav-sat/v36_GvsK/v36_training_data/routes/route_C/vi/vi_000578.jpg,-345.6299133300781,151.90760803222656,1444.664051074947,0.31660667124240266,5,2.5845274165842276,2.5845274165842276,1,2.5845274165842276,-21.716546547581604,-1.4473089133000268,1441.2571818154938,0.7436498095644282,-349.10844608135125,153.73706595381444,3.9302807009856657,7.847213416599971,1,0.0,0,0,0.46290689650539313,1.0,1447.8817138671875,-1.7104254961013794,1,1,6,18,1,18.35669679392013,-343.8880310058594,149.22769165039062,-340.4753112792969,151.43368530273438,1,-340.4753112792969,151.43368530273438,1449.549072265625,2.0287342071533203,0.8679212331771851,0.09903166443109512,4.0,4.0,1,1445.5506591796875,1.6848973035812378,1.5309677473505212,21.24626922607422,8.346297264099121,0.46290689650539313,1445.5506591796875,1.6848973035812378,1444.7801757808836,1.6848973035812378,0.770483398803846,0.0,0.0,1,3.210494290331964,3.210395336151123,-0.02520662359893322,3.216341018676758,-0.025232214480638504,0.794335126876831,0.040975525975227356,-1.1746987288628112,0.0,18.599290033509394,18.599290033509394,40.315836581091,3.612652063369751,-0.07882372289896011,0.05302297653038764,1.0,1441.246899107926,1.0268346350244455,5,5,6,225.86236661379078,0.054700220733041004,3.4171519670210273,0.6318136020925302,-349.21673062959195,154.0067111411162,3.294309652639103,2.5845274165842276,0.7097822360548753,0,4.155898483101072,nan
GT+smooth-jitter_controlled_forward3x6_SoftMS_local_prior_3frame_causal_heading_continuous_waypoint_RNN_polynomial_Kalman,1,controlled_gt_jitter,8.0,-341.0483809193295,147.86149716264495,2.182362488873622,-3.090574980909744,0,0,6,-345.62269557109755,152.9711108623417,-343.2307434082031,150.9520721435547,-1,-345.6226806640625,152.9711151123047,-345.62269557109755,152.9711108623417,0.0,0,0.0,0.0,579,/yh/study/uav-sat/v36_GvsK/v36_training_data/routes/route_C/vi/vi_000579.jpg,-343.2307434082031,150.9520721435547,1447.243306360183,0.4450874953082466,5,2.582453319727124,2.582453319727124,1,2.582453319727124,-21.716289793671994,0.0002567539096083801,1444.4605645933082,1.0016139354161195,-345.6889071123472,152.672161798338,3.000212861925606,7.298094923177199,1,0.0,0,0,0.5459961758888141,1.0,1450.5130615234375,-1.458324909210205,1,1,6,18,1,-16.075476716198516,-329.6329650878906,158.65426635742188,-333.81854248046875,149.14871215820312,1,-333.81854248046875,149.14871215820312,1456.55322265625,2.7183291912078857,0.8121604323387146,0.15722018480300903,4.0,4.0,1,1452.5546875,2.3667151927948,5.6483114839880315,21.263263702392578,8.351040840148926,0.5459961758888141,1452.5546875,2.3667151927948,1448.2120540770024,2.3667151927948,4.342633422997597,0.0,0.0,1,3.213764449306261,3.21366548538208,-0.025220699608325958,3.213157892227173,-0.025338463485240936,0.7953617572784424,0.04087299481034279,-1.1618569060061295,0.0,-16.023116574288295,-16.023116574288295,5.6931732193837,3.609997272491455,-0.07811735570430756,0.062158789039613395,1.0,1444.448557479053,1.3055201391633857,5,5,6,222.6607082426638,0.06810009339394213,2.7947488811298626,0.6307045725000489,-345.62269557109755,152.9711108623417,3.740261480041823,2.582453319727124,1.157808160314699,0,3.1301681260814793,nan
GT+smooth-jitter_controlled_forward3x6_SoftMS_local_prior_3frame_causal_heading_continuous_waypoint_RNN_polynomial_Kalman,1,controlled_gt_jitter,8.0,-338.31879515127144,146.90581438604184,2.2775488428691606,-2.99701764520816,0,0,6,-342.4912523486295,151.71623872794586,-340.5963439941406,149.90283203125,-1,-342.4912414550781,151.7162322998047,-342.4912523486295,151.71623872794586,0.0,0,0.0,0.0,580,/yh/study/uav-sat/v36_GvsK/v36_training_data/routes/route_C/vi/vi_000580.jpg,-340.5963439941406,149.90283203125,1450.0754551246262,0.5861494042174151,5,2.835659550454179,2.835659550454179,1,2.835659550454179,-21.716619448006547,-0.0003296543345509297,1447.661943776279,1.2802346679326404,-342.55196011991706,151.55880687891135,2.5625548047766435,6.458459416594883,1,0.0,0,0,0.5557526575363055,1.0,1453.3929443359375,-1.1925995349884033,1,1,6,18,1,-23.334431327245152,-329.6329650878906,158.65426635742188,-333.6443786621094,148.5618133544922,1,-333.6443786621094,148.5618133544922,1456.95556640625,2.2569758892059326,0.794421374797821,0.13770580291748047,4.0,4.0,1,1452.9571533203125,1.9090027809143066,3.1708241116877294,21.25045394897461,8.347410202026367,0.5557526575363055,1452.9571533203125,1.9090027809143066,1451.4402635845038,1.9090027809143066,1.5168897358086282,0.0,0.0,1,3.2134857787541047,3.213386297225952,-0.025285471230745316,3.213402509689331,-0.025277351960539818,0.7941175699234009,0.040897659957408905,-1.167641756068013,0.0,-23.333782961838487,-23.333782961838487,1.617163513831943,3.6096129417419434,-0.07840071618556976,0.08177781452559321,1.0,1447.6588471790901,1.4488061890478687,5,5,6,219.45041854262675,0.08153609067992253,2.416607945536043,0.3777429592351522,-342.4912523486295,151.71623872794586,3.3735205245002486,2.835659550454179,0.5378609740460698,0,2.6228079456058233,nan
GT+smooth-jitter_controlled_forward3x6_SoftMS_local_prior_3frame_causal_heading_continuous_waypoint_RNN_polynomial_Kalman,1,controlled_gt_jitter,8.0,-335.428060961096,145.72511026316545,2.3690276619509087,-2.9007900053892346,0,0,6,-339.5336220770658,150.1927665755593,-337.7970886230469,148.6259002685547,-1,-339.53363037109375,150.19276428222656,-339.5336220770658,150.1927665755593,0.0,0,0.0,0.0,581,/yh/study/uav-sat/v36_GvsK/v36_training_data/routes/route_C/vi/vi_000581.jpg,-337.7970886230469,148.6259002685547,1453.1522032419207,0.5886756469210764,5,3.0767491544123913,3.0767491544123913,1,3.0767491544123913,-24.520971606857245,-2.8043521588507,1450.928924886176,1.4235251844401913,-339.4757969218643,150.31128627468962,2.3787785820025182,6.805488605121046,1,0.0,0,0,0.3860893400347606,1.0,1456.5128173828125,-1.0645228624343872,1,1,6,18,1,-25.56493838598737,-329.6939392089844,149.13795471191406,-329.1011657714844,144.53109741210938,1,-329.1011657714844,144.53109741210938,1462.763427734375,0.4801134169101715,0.7841463685035706,0.04987417161464691,4.0,4.0,1,1458.764892578125,0.128707617521286,5.631505320321695,21.283554077148438,8.35506820678711,0.3860893400347606,1458.764892578125,0.128707617521286,1454.2406705712715,0.128707617521286,4.5242220068534165,0.0,0.0,1,3.2701754294798615,3.270077707085846,-0.02528100460767746,3.218452215194702,-0.025456620380282402,0.7975670099258423,0.04088940843939781,-1.17366406192526,0.0,-25.571962643708883,-25.571962643708883,1.0509910368516382,3.6163740158081055,-0.07910223305225372,0.028146205847095696,1.0,1450.9252462154618,1.2916926162278461,5,5,6,216.18401950625505,0.09520692187846289,2.2269570264588765,0.14170306078231087,-339.5336220770658,150.1927665755593,3.326942172982162,3.0767491544123913,0.25019301856977094,0,2.3389353263724693,nan
GT+smooth-jitter_controlled_forward3x6_SoftMS_local_prior_3frame_causal_heading_continuous_waypoint_RNN_polynomial_Kalman,1,controlled_gt_jitter,8.0,-332.5428640900299,144.54772710015817,2.4567391814544295,-2.8020348627324445,0,0,6,-336.6569211142455,148.66571543555415,-334.9996032714844,147.34976196289062,-1,-336.65692138671875,148.66571044921875,-336.6569211142455,148.66571543555415,0.0,0,0.0,0.0,582,/yh/study/uav-sat/v36_GvsK/v36_training_data/routes/route_C/vi/vi_000582.jpg,-334.9996032714844,147.34976196289062,1456.2270116843356,0.5911875870586966,5,3.0748094684695357,3.0748094684695357,1,3.0748094684695357,-24.521208443008305,-0.00023683615105911474,1454.1782121639637,1.2663150222933102,-336.58222171642444,148.8156048556381,2.1571686370061105,6.860681506027757,1,0.0,0,0,0.38325149584177887,1.0,1459.6263427734375,-0.9357281923294067,1,1,6,18,1,-25.736468601944047,-329.6939392089844,149.13795471191406,-329.09552001953125,144.62567138671875,1,-329.09552001953125,144.62567138671875,1462.729248046875,0.5684728026390076,0.7860692143440247,0.049162060022354126,4.0,4.0,1,1458.7308349609375,0.23051443696022034,2.5296671958293593,21.216571807861328,8.339311599731445,0.38325149584177887,1458.7308349609375,0.23051443696022034,1457.4821537775285,0.23051443696022034,1.248681183408873,0.0,0.0,1,3.2530649370073466,3.2529659485018754,-0.02537759393453598,3.212887763977051,-0.024957194924354553,0.790249764919281,0.0410962738096714,-1.166622670499506,0.0,-25.7346384314116,-25.7346384314116,1.213429988403295,3.607174873352051,-0.0778672844171524,0.040862938863222974,1.0,1454.1725954245205,1.0989373340371675,5,5,6,212.93667029719634,0.10879802400206252,2.0544162598150706,0.13807829550751505,-336.6569211142455,148.66571543555415,3.2568840344234133,3.0748094684695357,0.1820745659538776,0,2.1162315502207205,nan
GT+smooth-jitter_controlled_forward3x6_SoftMS_local_prior_3frame_causal_heading_continuous_waypoint_RNN_polynomial_Kalman,1,controlled_gt_jitter,8.0,-329.6610310650807,143.37254516782315,2.540629091169285,-2.700895383934676,0,0,6,-333.6980380215969,147.34624254087288,-332.20166015625,146.0734405517578,-1,-333.6980285644531,147.3462371826172,-333.6980380215969,147.34624254087288,0.0,0,0.0,0.0,583,/yh/study/uav-sat/v36_GvsK/v36_training_data/routes/route_C/vi/vi_000583.jpg,-332.20166015625,146.0734405517578,1459.3023125786613,0.5937233244185278,5,3.075301939745672,3.075301939745672,1,3.075301939745672,-24.520772573745113,0.00043586926319176447,1457.4122505814178,1.0737909595582313,-333.7210124785917,147.29588392808546,1.9500767389342673,7.479966671423643,1,0.0,0,0,0.2498937653339282,1.0,1462.73583984375,-0.806330144405365,1,1,6,18,1,-25.735828058265945,-320.2007141113281,153.83627319335938,-324.34881591796875,144.28839111328125,1,-324.34881591796875,144.28839111328125,1467.1864013671875,2.2352793216705322,0.8099804520606995,0.0010794401168823242,4.0,4.0,1,1463.1878662109375,1.8838565349578857,4.094138582196732,21.268823623657227,8.352428436279297,0.2498937653339282,1463.1878662109375,1.8838565349578857,1460.349458436086,1.8838565349578857,2.8384077748514316,0.0,0.0,1,3.2397527491709233,3.239655156897277,-0.025146374478936195,3.213809013366699,-0.02534274011850357,0.7949233055114746,0.040882986038923264,-1.1516354211914996,0.0,-25.719651182103593,-25.719651182103593,1.1988786083584806,3.610442638397217,-0.07748129218816757,0.01095485913706411,1.0,1457.4122073630767,1.129142686615795,5,5,6,209.69705835864013,0.12235674339538356,1.8901052155845264,0.1385070736210272,-333.6980380215969,147.34624254087288,3.2397527491708775,3.075301939745672,0.1644508094252055,0,1.9644774418138427,nan
GT+smooth-jitter_controlled_forward3x6_SoftMS_local_prior_3frame_causal_heading_continuous_waypoint_RNN_polynomial_Kalman,1,controlled_gt_jitter,8.0,-326.801196023177,142.14598486314642,2.6206484592448827,-2.5975148927129545,0,0,6,-330.6932597779428,146.15351233171063,-329.4218444824219,144.74349975585938,-1,-330.6932678222656,146.1535186767578,-330.6932597779428,146.15351233171063,0.0,0,0.0,0.0,584,/yh/study/uav-sat/v36_GvsK/v36_training_data/routes/route_C/vi/vi_000584.jpg,-329.4218444824219,144.74349975585938,1462.3834206400709,0.5399570248254976,5,3.0815771450761185,3.0815771450761185,1,3.0815771450761185,-25.567743569734485,-1.046970995989371,1460.6449553987063,1.103888310383171,-330.7684560983421,145.97918460489336,1.827643261214668,7.976684043302773,1,0.0,0,0,0.3123252721465007,1.0,1465.8468017578125,-0.7328052520751953,1,1,6,18,1,-25.730166151609122,-315.5303039550781,144.2900390625,-319.68115234375,144.03053283691406,1,-319.68115234375,144.03053283691406,1471.5386962890625,3.9414546489715576,0.8056188821792603,0.02509249746799469,4.0,4.0,1,1467.540283203125,3.5941162109375,5.993423047669928,21.25953483581543,8.349316596984863,0.3123252721465007,1467.540283203125,3.5941162109375,1463.7538498971091,2.969225009424897,3.7864333060158075,0.6248912015126025,0.0,1,3.2328466782985066,3.2327480356295615,-0.025254376232624054,3.2164406776428223,-0.025324910879135132,0.7946932315826416,0.04093322902917862,-1.1641803442626975,0.0,-25.73219610517479,-25.73219610517479,0.16445253544030736,3.6129424571990967,-0.07827998697757721,0.020539639195355057,1.0,1460.6408632813852,1.2936984721625304,5,5,6,206.46840244033163,0.13586960865338726,1.7425573586856444,0.1348635325667038,-330.6932597779428,146.15351233171063,3.232846678298465,3.0815771450761185,0.15126953322234638,0,1.8985869265701831,nan
GT+smooth-jitter_controlled_forward3x6_SoftMS_local_prior_3frame_causal_heading_continuous_waypoint_RNN_polynomial_Kalman,1,controlled_gt_jitter,8.0,-323.67641529720345,140.79289069950104,2.6967536481090373,-2.4920366686630313,0,0,6,-327.4730554205514,144.73428943321247,-326.3731689453125,143.28492736816406,-1,-327.4730529785156,144.73428344726562,-327.4730554205514,144.73428943321247,0.0,0,0.0,0.0,585,/yh/study/uav-sat/v36_GvsK/v36_training_data/routes/route_C/vi/vi_000585.jpg,-326.3731689453125,143.28492736816406,1465.7625298011083,0.4809890800609306,5,3.3796236389154846,3.3796236389154846,1,3.3796236389154846,-25.567767855943064,-2.428620857996141e-05,1464.1598503507653,1.2684053007567382,-327.5033686435475,144.66740860394123,1.7856667452709214,8.069528988569388,1,0.0,0,0,0.3450058894193545,1.0,1469.251220703125,-0.6642016172409058,1,1,6,18,1,-25.73087659800451,-320.231201171875,149.078125,-318.9901123046875,141.61761474609375,1,-318.9901123046875,141.61761474609375,1473.17041015625,2.0342979431152344,0.662643551826477,0.006710171699523926,4.0,4.0,1,1469.171875,1.6851547956466675,3.6157502341558803,21.28546905517578,8.35517692565918,0.3450058894193545,1469.171875,1.6851547956466675,1467.3586165466686,1.6851547956466675,1.813258453331493,0.0,0.0,1,3.5190779671646975,3.5189870693800875,-0.025293171405792236,3.2192506790161133,-0.025535881519317627,0.7969754338264465,0.04083576053380966,-1.1691176105372647,0.0,-25.73713337144936,-25.73713337144936,0.1693655155062946,3.6168808937072754,-0.07893159985542297,0.025363564223925657,1.0,1464.1596120135864,1.34183472270602,5,5,6,202.94965370813046,0.15059659681752602,1.6029177875218465,0.16037295989937128,-327.4730554205514,144.73428943321247,3.5190779671646766,3.3796236389154846,0.13945432824919202,0,1.8194506462157383,nan
GT+smooth-jitter_controlled_forward3x6_SoftMS_local_prior_3frame_causal_heading_continuous_waypoint_RNN_polynomial_Kalman,1,controlled_gt_jitter,8.0,-320.8236535915622,139.5700166076473,2.76890622289093,-2.3846037536808473,0,0,6,-324.33465352688165,144.0247739529487,-323.5925598144531,141.95462036132812,-1,-324.33465576171875,144.0247802734375,-324.33465352688165,144.0247739529487,0.0,0,0.0,0.0,586,/yh/study/uav-sat/v36_GvsK/v36_training_data/routes/route_C/vi/vi_000586.jpg,-323.5925598144531,141.95462036132812,1468.8445117472536,0.42721962135222724,5,3.0824509519301877,3.0824509519301877,1,3.0824509519301877,-25.567518869939043,0.00024898600402176846,1467.377116038092,1.3164080592476728,-324.55740907531407,143.37341285819602,1.7157815261135505,6.733271790073758,1,0.0,0,0,0.6290309654510394,1.0,1472.354248046875,-0.5902650952339172,1,1,6,18,1,-25.73306642068544,-310.7684326171875,149.01828002929688,-314.00177001953125,141.6446533203125,1,-314.00177001953125,141.6446533203125,1477.6959228515625,4.132907390594482,0.649073600769043,0.11733481287956238,4.0,4.0,1,1473.697509765625,3.7875118255615234,5.902808946932609,21.25481414794922,8.348005294799805,0.6290309654510394,1473.697509765625,3.7875118255615234,1471.3569511930823,3.704309152241888,2.340558572542615,0.0832026733196356,0.0,1,3.2176044913762247,3.2175040245056152,-0.02542666345834732,3.2167441844940186,-0.025201838463544846,0.7941857576370239,0.041023071855306625,-1.1669626858541255,0.0,-25.73497844676622,-25.73497844676622,0.16745957682717738,3.6129918098449707,-0.0782884880900383,0.11775307820803312,1.0,1467.308886695247,2.0014161372218036,5,5,6,199.80037902646976,0.16377722848298343,1.5356250520064805,0.13429323256383086,-324.33465352688165,144.0247739529487,3.2176044913761395,3.0824509519301877,0.13515353944595176,0,2.199145054544035,nan
GT+smooth-jitter_controlled_forward3x6_SoftMS_local_prior_3frame_causal_heading_continuous_waypoint_RNN_polynomial_Kalman,1,controlled_gt_jitter,8.0,-317.9357542955856,138.39021435389282,2.837072852851945,-2.2753587662243846,0,0,6,-321.23241671119507,143.14946561544102,-320.7728271484375,140.6655731201172,-1,-321.232421875,143.1494598388672,-321.23241671119507,143.14946561544102,0.0,0,0.0,0.0,587,/yh/study/uav-sat/v36_GvsK/v36_training_data/routes/route_C/vi/vi_000587.jpg,-320.7728271484375,140.6655731201172,1471.9449206069696,0.4272411295320355,5,3.1004088597907717,3.1004088597907717,1,3.1004088597907717,-24.567618288196524,0.9999005817425191,1470.5321455591925,1.976113127324333,-321.4137219254943,142.6616171291281,2.096410694775018,5.9291909900207225,1,0.0,0,0,0.5272792743480579,1.0,1475.47119140625,-0.4625468850135803,1,1,6,18,1,-25.733735672502394,-310.7684326171875,149.01828002929688,-313.9267578125,141.65542602539062,1,-313.9267578125,141.65542602539062,1477.7596435546875,4.173892974853516,0.6389069557189941,0.07439747452735901,4.0,4.0,1,1473.7611083984375,3.8239810466766357,3.8518021961933524,21.247394561767578,8.347857475280762,0.5272792743480579,1473.7611083984375,3.8239810466766357,1473.7611083984375,3.8239810466766357,0.0,0.0,0.0,1,3.223358178408333,3.223258863945311,-0.025303009897470474,3.2105305194854736,-0.025180984288454056,0.7922070622444153,0.040941741317510605,-1.134141385736393,0.0,-25.70215714664849,-25.70215714664849,1.134538858451964,3.6058342456817627,-0.0760960504412651,0.09378237937269633,1.0,1470.4942026040567,2.4951777268545836,5,5,6,196.61506311766018,0.17710870317988128,1.4507180029129358,0.11012165969470189,-321.23241671119507,143.14946561544102,3.223358178408299,3.1004088597907717,0.12294931861752723,0,2.5260531456249558,nan
GT+smooth-jitter_controlled_forward3x6_SoftMS_local_prior_3frame_causal_heading_continuous_waypoint_RNN_polynomial_Kalman,1,controlled_gt_jitter,8.0,-315.05128944209906,137.21182275582973,2.901225206338454,-2.164443723662451,0,0,6,-318.150912281428,142.22496071565917,-317.9525146484375,139.3762664794922,-1,-318.1509094238281,142.22496032714844,-318.150912281428,142.22496071565917,0.0,0,0.0,0.0,588,/yh/study/uav-sat/v36_GvsK/v36_training_data/routes/route_C/vi/vi_000588.jpg,-317.9525146484375,139.3762664794922,1475.0459646586569,0.42726780156576205,5,3.1010440518019045,3.1010440518019045,1,3.1010440518019045,-24.567522960765583,9.532743093899184e-05,1473.7113040960824,2.4699418317871302,-318.3170571401297,141.7889299004408,2.440048362437223,5.748309106342727,1,0.0,0,0,0.5600259723103419,1.0,1478.58447265625,-0.33497366309165955,1,1,6,18,1,-25.722683145764844,-306.0370788574219,148.9883575439453,-309.1712341308594,141.83929443359375,1,-309.1712341308594,141.83929443359375,1482.0081787109375,6.318334579467773,0.6499757766723633,0.08993129432201385,4.0,4.0,1,1478.0096435546875,5.96710729598999,6.2827712215836575,21.283092498779297,8.354960441589355,0.5600259723103419,1478.0096435546875,5.96710729598999,1477.501375519936,4.7439846860991945,0.5082680347517012,1.2231226098907957,0.0,1,3.2172004694134744,3.2171014920257686,-0.025235895067453384,3.216688394546509,-0.02540653944015503,0.7960366010665894,0.04089628532528877,-1.1556178483644401,0.0,-25.723633609276533,-25.723633609276533,1.15611064851095,3.6138718128204346,-0.07785867899656296,0.11644489835170521,1.0,1473.681117674465,2.935576630575773,5,5,6,193.42814804725188,0.19044687083377307,1.3648469841918995,0.11564434274460433,-318.150912281428,142.22496071565917,3.2172004694135254,3.1010440518019045,0.11615641761162099,0,2.855594591665141,nan
GT+smooth-jitter_controlled_forward3x6_SoftMS_local_prior_3frame_causal_heading_continuous_waypoint_RNN_polynomial_Kalman,1,controlled_gt_jitter,8.0,-311.88933765045624,135.90625208019682,2.9613398397781157,-2.051999872928192,0,0,6,-314.81920949368697,141.08950066774975,-314.8506774902344,137.958251953125,-1,-314.8192138671875,141.08950805664062,-314.81920949368697,141.08950066774975,0.0,0,0.0,0.0,589,/yh/study/uav-sat/v36_GvsK/v36_training_data/routes/route_C/vi/vi_000589.jpg,-314.8506774902344,137.958251953125,1478.456559761061,0.4272891233593983,5,3.410595102470828,3.410595102470828,1,3.410595102470828,-24.567657568646702,-0.00013460788111722087,1477.2009005356658,2.9102468805445403,-314.96031260797105,140.73849285190425,2.7824017169140065,5.260529985510302,1,0.0,0,0,0.690387331131734,1.0,1482.0029296875,-0.2076941728591919,1,1,6,18,1,-25.723015797321764,-306.06756591796875,144.23020935058594,-304.98309326171875,138.19717407226562,1,-304.98309326171875,138.19717407226562,1487.3314208984375,4.747257709503174,0.5496310591697693,0.2636178433895111,4.0,4.0,1,1483.3328857421875,4.396551132202148,6.2875747287051205,21.276466369628906,8.35364818572998,0.690387331131734,1483.3328857421875,4.396551132202148,1481.349465696278,4.396551132202148,1.9834200459094076,0.0,0.0,1,3.5198740014721923,3.519782861200847,-0.025329750031232834,3.216153144836426,-0.025300119072198868,0.7955420017242432,0.040965933352708817,-1.1500080219000384,0.0,-25.718023782812132,-25.718023782812132,1.150366214165431,3.6130993366241455,-0.07734791934490204,0.16111094517320063,1.0,1477.1832897216116,3.288144267243123,5,5,6,189.9259760001053,0.20510448074354387,1.2732700394494714,0.1944419576344023,-314.81920949368697,141.08950066774975,3.5198740014722047,3.410595102470828,0.10927889900137666,0,3.13140683202388,nan
GT+smooth-jitter_controlled_forward3x6_SoftMS_local_prior_3frame_causal_heading_continuous_waypoint_RNN_polynomial_Kalman,1,controlled_gt_jitter,8.0,-307.1457183738295,133.96690754357905,3.0173980812486154,-1.9381675296631418,0,0,6,-309.89661182235693,139.3546171012324,-310.1631164550781,135.9050750732422,-1,-309.8966064453125,139.3546142578125,-309.89661182235693,139.3546171012324,0.0,0,0.0,0.0,590,/yh/study/uav-sat/v36_GvsK/v36_training_data/routes/route_C/vi/vi_000590.jpg,-310.1631164550781,135.9050750732422,1483.573403999643,0.5089518228691728,5,5.1174958484009005,5.1174958484009005,1,5.1174958484009005,-23.65367664598116,0.9139809226655391,1482.402595044383,3.262830815356946,-310.0829411585382,138.89643179500032,2.99243097079663,5.053307628874598,1,0.0,0,0,0.6363612877166644,1.0,1487.1234130859375,0.0008029498858377337,1,1,6,18,1,-25.721268549554708,-301.336181640625,144.20028686523438,-300.47296142578125,137.09812927246094,1,-300.47296142578125,137.09812927246094,1491.8902587890625,5.622903347015381,0.6478602290153503,0.14017415046691895,4.0,4.0,1,1487.891845703125,5.277562618255615,6.433396277569776,21.254745483398438,8.348407745361328,0.6363612877166644,1487.891845703125,5.277562618255615,1486.4025885856038,5.277562618255615,1.4892571175212663,0.0,0.0,1,5.219366707097296,5.219305322771343,-0.025313451886177063,3.2156310081481934,-0.025201106444001198,0.7934165596961975,0.041010428220033646,-1.1493983207949088,0.0,-25.717414081707002,-25.717414081707002,2.0637374357258405,3.611518144607544,-0.0771564468741417,0.16546158556849536,1.0,1482.3815545233201,3.757006586557976,5,5,6,184.72771119839675,0.22686073276240612,1.1918494763228864,1.9018648402527072,-309.89661182235693,139.3546171012324,5.219366707097312,5.1174958484009005,0.10187085869641166,0,3.459821515935863,nan
GT+smooth-jitter_controlled_forward3x6_SoftMS_local_prior_3frame_causal_heading_continuous_waypoint_RNN_polynomial_Kalman,1,controlled_gt_jitter,8.0,-302.835155106472,132.21670899586792,3.0693859091530045,-1.82308592600708,0,0,6,-305.53998272126034,137.4756881573267,-305.904541015625,134.039794921875,-1,-305.53997802734375,137.47569274902344,-305.53998272126034,137.4756881573267,0.0,0,0.0,0.0,591,/yh/study/uav-sat/v36_GvsK/v36_training_data/routes/route_C/vi/vi_000591.jpg,-305.904541015625,134.039794921875,1488.2219769998476,0.5831399510762788,5,4.649164959064991,4.649164959064991,1,4.649164959064991,-23.65369091130269,-1.426532152613384e-05,1487.1260200837821,3.7317549260619796,-305.5921695301558,137.3590300563061,3.333901291666576,5.029461412472393,1,0.0,0,0,0.6799988018310443,1.0,1491.771484375,0.20126929879188538,1,1,6,18,1,-25.71991948047193,-291.9039306640625,139.3822784423828,-294.8409423828125,133.47085571289062,1,-294.8409423828125,133.47085571289062,1498.5205078125,4.665655136108398,0.5685192942619324,0.20979560911655426,4.0,4.0,1,1494.52197265625,4.314050197601318,7.321860182925862,21.277565002441406,8.35383415222168,0.6799988018310443,1494.52197265625,4.314050197601318,1491.2460167888175,4.314050197601318,3.275955867432504,0.0,0.0,1,4.744532758951896,4.744465560461989,-0.025251660495996475,3.214780569076538,-0.025392554700374603,0.7949233651161194,0.04086953029036522,-1.1445871995765753,0.0,-25.71260296048867,-25.71260296048867,2.058912049185981,3.611422538757324,-0.0771130919456482,0.13189841051129914,1.0,1487.1249790268487,3.8595496511365543,5,5,6,179.9842866948682,0.24671334567610279,1.0969979729989063,1.4343843899884527,-305.53998272126034,137.4756881573267,4.744532758951962,4.649164959064991,0.0953677998869713,0,3.455179456325348,nan
GT+smooth-jitter_controlled_forward3x6_SoftMS_local_prior_3frame_causal_heading_continuous_waypoint_RNN_polynomial_Kalman,1,controlled_gt_jitter,8.0,-299.7609410367433,131.02822961350503,3.1172938265379178,-1.7068930671590232,0,0,6,-302.3808343483895,136.26455793753456,-302.87823486328125,132.73512268066406,-1,-302.3808288574219,136.26455688476562,-302.3808343483895,136.26455793753456,0.0,0,0.0,0.0,592,/yh/study/uav-sat/v36_GvsK/v36_training_data/routes/route_C/vi/vi_000592.jpg,-302.87823486328125,132.73512268066406,1491.5167543625887,0.6548387283905727,5,3.2955574012145505,3.2955574012145505,1,3.2955574012145505,-23.321379461576385,0.33231144972630533,1490.5082338628254,3.8342204990144144,-302.4735507167529,136.04598552641392,3.335503266647804,4.526162087207918,1,0.0,0,0,0.7001199470794575,1.0,1495.0615234375,0.39856064319610596,1,1,6,18,1,-25.7173586931417,-291.9039306640625,139.3822784423828,-294.75408935546875,133.82928466796875,1,-294.75408935546875,133.82928466796875,1498.450439453125,5.027746200561523,0.5319353938102722,0.2555321455001831,4.0,4.0,1,1494.451904296875,4.677319049835205,4.97950329582677,21.283649444580078,8.3551025390625,0.7001199470794575,1494.451904296875,4.677319049835205,1494.451904296875,4.677319049835205,0.0,0.0,0.0,1,3.383349649549422,3.3832548359765884,-0.02532915212213993,3.218437910079956,-0.025371814146637917,0.796409010887146,0.04096144065260887,-1.1496664057198318,0.0,-25.717682166631928,-25.717682166631928,2.3963027050555428,3.615816354751587,-0.07745484262704849,0.19081521877188629,1.0,1490.5016799221853,4.071554166511656,5,5,6,176.60758579953156,0.26084582227620123,1.0150744404033958,0.07711949113459449,-302.3808343483895,136.26455793753456,3.3833496495494266,3.2955574012145505,0.08779224833487609,0,3.5643120661152983,nan
GT+smooth-jitter_controlled_forward3x6_SoftMS_local_prior_3frame_causal_heading_continuous_waypoint_RNN_polynomial_Kalman,1,controlled_gt_jitter,8.0,-296.6905678387187,129.84058751354894,3.1611167315937645,-1.589725596802609,0,0,6,-299.1679240920943,135.22444189015843,-299.8516845703125,131.43031311035156,-1,-299.1679382324219,135.2244415283203,-299.1679240920943,135.22444189015843,0.0,0,0.0,0.0,593,/yh/study/uav-sat/v36_GvsK/v36_training_data/routes/route_C/vi/vi_000593.jpg,-299.8516845703125,131.43031311035156,1494.811810861256,0.7265141163539673,5,3.2958359623391935,3.2958359623391935,1,3.2958359623391935,-23.32189154635221,-0.0005120847758260269,1493.8786594826631,4.046201550648571,-299.3201192639164,134.83744305824308,3.4483468730368814,4.477756625091508,1,0.0,0,0,0.6592195467985049,1.0,1498.34765625,0.5950165390968323,1,1,6,18,1,-25.717471924871536,-291.9039306640625,139.3822784423828,-290.2369689941406,133.19876098632812,1,-290.2369689941406,133.19876098632812,1502.82080078125,6.332402229309082,0.6062997579574585,0.12835852801799774,4.0,4.0,1,1498.8223876953125,5.98735237121582,6.615220758651189,21.28339385986328,8.353792190551758,0.6592195467985049,1498.8223876953125,5.98735237121582,1497.941513236359,5.98735237121582,0.8808744589534871,0.0,0.0,1,3.377074726300163,3.3769795604777086,-0.025352615863084793,3.222490072250366,-0.02544664964079857,0.7965565919876099,0.04095955193042755,-1.168809825137791,0.0,-25.736825586049882,-25.736825586049882,2.414934039697672,3.6199135780334473,-0.07882286608219147,0.20675668334046007,1.0,1493.8561724452152,4.461443407132983,5,5,6,173.2530932765017,0.2748853503707377,0.9556384160407561,0.0733458900888273,-299.1679240920943,135.22444189015843,3.3770747263002736,3.2958359623391935,0.0812387639610801,0,3.8552485768536258,nan
GT+smooth-jitter_controlled_forward3x6_SoftMS_local_prior_3frame_causal_heading_continuous_waypoint_RNN_polynomial_Kalman,1,controlled_gt_jitter,8.0,-293.6145759026248,128.6496344779549,3.2008537848751955,-1.4717186714591772,0,0,6,-296.06735495870083,133.87155174802834,-296.8154296875,130.12135314941406,-1,-296.0673522949219,133.87155151367188,-296.06735495870083,133.87155174802834,0.0,0,0.0,0.0,594,/yh/study/uav-sat/v36_GvsK/v36_training_data/routes/route_C/vi/vi_000594.jpg,-296.8154296875,130.12135314941406,1498.1174189982587,0.7984497634399802,5,3.306390765281722,3.306390765281722,1,3.306390765281722,-23.32135906022348,0.0005324861287295418,1497.238951673518,4.436039073064685,-296.10195589634793,133.79486862855282,3.7421599145590987,5.066474453224206,1,0.0,0,0,0.39246937203768645,1.0,1501.640380859375,0.7907972931861877,1,1,6,18,1,-25.72424565825919,-287.1725769042969,139.3523406982422,-285.6374206542969,130.66607666015625,1,-285.6374206542969,130.66607666015625,1508.0570068359375,5.941374778747559,0.7184017896652222,0.037962377071380615,4.0,4.0,1,1504.0584716796875,5.592074871063232,7.633803025749965,21.266931533813477,8.35135269165039,0.39246937203768645,1504.0584716796875,5.592074871063232,1500.5682424466215,5.592074871063232,3.4902292330659304,0.0,0.0,1,3.3828746189632026,3.382779228302666,-0.02540433406829834,3.214864730834961,-0.02527940832078457,0.7938929796218872,0.04094976186752319,-1.1405271857235317,0.0,-25.708542946635625,-25.708542946635625,2.387183886412146,3.6110000610351562,-0.07669537514448166,0.034478083691745764,1.0,1497.2385373478835,4.520166084379894,5,5,6,169.87072837383337,0.28904153249097514,0.8788816503752059,0.091526034446761,-296.06735495870083,133.87155174802834,3.382874618963176,3.306390765281722,0.07648385368145405,0,3.8240822858453796,nan
GT+smooth-jitter_controlled_forward3x6_SoftMS_local_prior_3frame_causal_heading_continuous_waypoint_RNN_polynomial_Kalman,1,controlled_gt_jitter,8.0,-290.74939260512804,127.51721815522217,3.2365082737782247,-1.3530058438012706,0,0,6,-293.0812603471401,132.67400279172136,-293.98590087890625,128.87022399902344,-1,-293.0812683105469,132.6739959716797,-293.0812603471401,132.67400279172136,0.0,0,0.0,0.0,595,/yh/study/uav-sat/v36_GvsK/v36_training_data/routes/route_C/vi/vi_000595.jpg,-293.98590087890625,128.87022399902344,1501.2109718149768,0.8370295482316878,5,3.093793372159675,3.093793372159675,1,3.093793372159675,-23.853515511611874,-0.5321564513883945,1500.4557166462844,4.49483045956586,-293.15196609015226,132.51089298217744,3.7349588855560047,5.143839353690293,1,0.0,0,0,0.509453615728654,1.0,1504.717041015625,0.9521668553352356,1,1,6,18,1,-25.718749703854858,-282.5326843261719,125.0479507446289,-285.44049072265625,130.33419799804688,1,-285.44049072265625,130.33419799804688,1508.3740234375,5.721419811248779,0.7129732370376587,0.08356179296970367,4.0,4.0,1,1504.37548828125,5.369205951690674,5.527638502777201,21.267452239990234,8.352029800415039,0.509453615728654,1504.37548828125,5.369205951690674,1504.1067140895382,5.369205951690674,0.26877419171182915,0.0,0.0,1,3.217279057207175,3.217179298400879,-0.02533562481403351,3.212904930114746,-0.025345811620354652,0.7937566041946411,0.04088027402758598,-1.1264454700890811,0.0,-25.69446123100117,-25.69446123100117,1.8409457193892977,3.6089892387390137,-0.07586915045976639,0.10143219006055766,1.0,1500.4522045999274,4.672571219085861,5,5,6,166.65706112178944,0.30249166581570536,0.7587672150493745,0.11911155795507122,-293.0812603471401,132.67400279172136,3.2172790572072114,3.093793372159675,0.12348568504753654,0,3.909873091993228,nan
GT+smooth-jitter_controlled_forward3x6_SoftMS_local_prior_3frame_causal_heading_continuous_waypoint_RNN_polynomial_Kalman,1,controlled_gt_jitter,8.0,-287.6069430427705,126.26094809829438,3.268087474807606,-1.233718954928282,0,0,6,-290.0528516357124,130.99604734176256,-290.8750305175781,127.49466705322266,-1,-290.0528564453125,130.9960479736328,-290.0528516357124,130.99604734176256,0.0,0,0.0,0.0,596,/yh/study/uav-sat/v36_GvsK/v36_training_data/routes/route_C/vi/vi_000596.jpg,-290.8750305175781,127.49466705322266,1504.6121296070828,0.8794204591263084,5,3.4014219550256555,3.4014219550256555,1,3.4014219550256555,-23.853937003813485,-0.00042149220161070045,1503.9143067991236,4.647229991435219,-289.943124182149,131.21150656079533,3.831885350981419,4.971349198182717,1,0.0,0,0,0.6512971179521456,1.0,1508.0972900390625,1.1161751747131348,1,1,6,18,1,-25.71024878638084,-282.5326843261719,125.0479507446289,-281.81170654296875,126.69910430908203,1,-281.81170654296875,126.69910430908203,1513.1856689453125,3.924168109893799,0.620704174041748,0.20309431850910187,4.0,4.0,1,1509.1871337890625,3.574577808380127,5.309852766543385,21.282880783081055,8.354674339294434,0.6512971179521456,1509.1871337890625,3.574577808380127,1507.955373873492,3.574577808380127,1.2317599155705476,0.0,0.0,1,3.462194941868071,3.4621021991960337,-0.025341227650642395,3.2186145782470703,-0.025462666526436806,0.7958205938339233,0.040893469005823135,-1.141602300187574,0.0,-25.70961806109967,-25.70961806109967,1.8556810572861833,3.6157071590423584,-0.07706840336322784,0.15428898848266695,1.0,1503.9040953144852,4.405654920881161,5,5,6,163.2051704072317,0.31693883370580694,0.7080342925976311,0.18280737677858516,-290.0528516357124,130.99604734176256,3.4621949418681712,3.4014219550256555,0.06077298684251575,0,3.59661535874519,nan
GT+smooth-jitter_controlled_forward3x6_SoftMS_local_prior_3frame_causal_heading_continuous_waypoint_RNN_polynomial_Kalman,1,controlled_gt_jitter,8.0,-284.4818022709944,125.01099670563346,3.2956025141618444,-1.113988035577484,0,0,6,-287.0166847063495,129.37111519950034,-287.77740478515625,126.12498474121094,-1,-287.0166931152344,129.37110900878906,-287.0166847063495,129.37111519950034,0.0,0,0.0,0.0,597,/yh/study/uav-sat/v36_GvsK/v36_training_data/routes/route_C/vi/vi_000597.jpg,-287.77740478515625,126.12498474121094,1507.9987993133393,0.9216474022373438,5,3.386932950915906,3.386932950915906,1,3.386932950915906,-23.853656090620444,0.0002809131930426263,1507.347649949236,4.380246902500757,-286.9316116633082,129.54120194634135,3.5193615894923984,4.475455679214823,1,0.0,0,0,0.7649610700047389,1.0,1511.459228515625,1.2787336111068726,1,1,6,18,1,-25.71002808589328,-282.5326843261719,125.0479507446289,-278.9200744628906,125.44906616210938,1,-278.9200744628906,125.44906616210938,1516.3353271484375,3.989561080932617,0.4140424430370331,0.48150545358657837,4.0,4.0,1,1512.3367919921875,3.6384081840515137,5.118492905860466,21.28261375427246,8.354345321655273,0.7649610700047389,1512.3367919921875,3.6384081840515137,1511.701292891749,3.6384081840515137,0.6354991004384392,0.0,0.0,1,3.443648369086609,3.4435546347509636,-0.02540801838040352,3.2179675102233887,-0.025484148412942886,0.7961401343345642,0.04086175933480263,-1.1420894847744663,0.0,-25.71010524568656,-25.71010524568656,1.8564491550661182,3.6152186393737793,-0.07712677121162415,0.23542121788927448,1.0,1507.3409962142687,4.190187301548189,5,5,6,159.7682695074482,0.33132326485578756,0.6578030990706338,0.16896544069251718,-287.0166847063495,129.37111519950034,3.443648369086732,3.386932950915906,0.05671541817082604,0,3.334075282673426,nan
GT+smooth-jitter_controlled_forward3x6_SoftMS_local_prior_3frame_causal_heading_continuous_waypoint_RNN_polynomial_Kalman,1,controlled_gt_jitter,8.0,-281.46572181190504,123.77279004599384,3.3190682271574636,-0.9939412162131911,0,0,6,-284.0106153276011,127.91734620392496,-284.7847900390625,124.76673126220703,-1,-284.0106201171875,127.91734313964844,-284.0106153276011,127.91734620392496,0.0,0,0.0,0.0,598,/yh/study/uav-sat/v36_GvsK/v36_training_data/routes/route_C/vi/vi_000598.jpg,-284.7847900390625,124.76673126220703,1511.2852130492836,0.9306077571509362,5,3.286425951054424,3.286425951054424,1,3.286425951054424,-24.41180011412832,-0.5581440235078763,1510.68004543604,4.164737410904831,-283.99050650859874,127.95968226882198,3.2902617612295497,4.138472040147813,1,0.0,0,0,0.7442661153114215,1.0,1514.717041015625,1.406629204750061,1,1,6,18,1,-25.710055086484843,-282.5326843261719,125.0479507446289,-278.6953125,125.74447631835938,1,-278.6953125,125.74447631835938,1516.4168701171875,4.351677417755127,0.4516696333885193,0.33622580766677856,4.0,4.0,1,1512.4183349609375,4.00281286239624,3.2745090434087487,21.290424346923828,8.355831146240234,0.7442661153114215,1512.4183349609375,4.00281286239624,1512.4183349609375,4.00281286239624,0.0,0.0,0.0,1,3.3391462085906087,3.3390492217712633,-0.02544989064335823,3.2232041358947754,-0.025517214089632034,0.7979182004928589,0.040951184928417206,-1.156583359636645,0.0,-25.72459912054874,-25.72459912054874,1.3127990064204202,3.621323585510254,-0.07815329730510712,0.04190583080767415,1.0,1510.6793593013097,4.117873392599044,5,5,6,156.4299064204072,0.3452952865635426,0.6058537479739243,0.06322181515964864,-284.0106153276011,127.91734620392496,3.3391462085906127,3.286425951054424,0.0527202575361887,0,3.2443367573115207,nan
GT+smooth-jitter_controlled_forward3x6_SoftMS_local_prior_3frame_causal_heading_continuous_waypoint_RNN_polynomial_Kalman,1,controlled_gt_jitter,8.0,-278.45474039119773,122.53523853036174,3.338503017005393,-0.8737046459077982,0,0,6,-281.0678418459257,126.35066874291857,-281.7932434082031,123.40894317626953,-1,-281.0678405761719,126.35066986083984,-281.0678418459257,126.35066874291857,0.0,0,0.0,0.0,599,/yh/study/uav-sat/v36_GvsK/v36_training_data/routes/route_C/vi/vi_000599.jpg,-281.7932434082031,123.40894317626953,1514.5704618702825,0.9395472786768735,5,3.285260983684538,3.285260983684538,1,3.285260983684538,-24.412108060143705,-0.0003079460153859474,1514.0130876118174,4.0923864744327645,-280.989291725277,126.50809188999955,3.20172782389356,4.234045495321191,1,0.0,0,0,0.6595778273380175,1.0,1517.969970703125,1.5330004692077637,1,1,6,18,1,-25.715145498407203,-277.8318176269531,120.25985717773438,-272.976806640625,122.17478942871094,1,-272.976806640625,122.17478942871094,1523.101806640625,3.4827613830566406,0.6056483387947083,0.2121027112007141,4.0,4.0,1,1519.103271484375,3.1332411766052246,5.03573787199219,21.27359390258789,8.352640151977539,0.6595778273380175,1519.103271484375,3.1332411766052246,1518.0769266369969,3.1332411766052246,1.0263448473780965,0.0,0.0,1,3.3338257349893845,3.3337283105076057,-0.025486918166279793,3.2164716720581055,-0.02533627673983574,0.7945715188980103,0.040942516177892685,-1.1345550390680017,0.0,-25.702570799980094,-25.702570799980094,1.2904627398363915,3.612952709197998,-0.07641800493001938,0.1819121893529797,1.0,1514.0071010833583,3.9165560727161535,5,5,6,153.10216463835857,0.35922285501679874,0.5633607869242496,0.06878931162643243,-281.0678418459257,126.35066874291857,3.333825734989344,3.285260983684538,0.0485647513048062,0,3.0298443418814616,nan
GT+smooth-jitter_controlled_forward3x6_SoftMS_local_prior_3frame_causal_heading_continuous_waypoint_RNN_polynomial_Kalman,1,controlled_gt_jitter,8.0,-275.4466999486672,121.29728727736398,3.353928713442202,-0.7534024199016481,0,0,6,-278.0022383001108,125.04622577709682,-278.8006286621094,122.05068969726562,-1,-278.0022277832031,125.04622650146484,-278.0022383001108,125.04622577709682,0.0,0,0.0,0.0,600,/yh/study/uav-sat/v36_GvsK/v36_training_data/routes/route_C/vi/vi_000600.jpg,-278.8006286621094,122.05068969726562,1517.856875606227,0.948507633590466,5,3.286425951054424,3.286425951054424,1,3.286425951054424,-24.41180011412832,0.0003079460153859474,1517.338594920158,3.8911520068687566,-278.0485159789426,124.94241881475887,2.9879375457225645,4.439852750112409,1,0.0,0,0,0.7059038059747592,1.0,1521.220458984375,1.6577855348587036,1,1,6,18,1,-25.710744401982485,-263.6377258300781,120.17005920410156,-267.1016845703125,121.030029296875,1,-267.1016845703125,121.030029296875,1528.9210205078125,4.884356498718262,0.5214192867279053,0.3296521008014679,4.0,4.0,1,1524.9224853515625,4.530357837677002,7.921647048303453,21.27604866027832,8.353754043579102,0.7059038059747592,1524.9224853515625,4.530357837677002,1521.5298303865884,4.530357837677002,3.3926549649740094,0.0,0.0,1,3.3315906938270645,3.3314938367995706,-0.02540406584739685,3.213757038116455,-0.025446100160479546,0.7948099970817566,0.04082901030778885,-1.1242380383266974,0.0,-25.692253799238795,-25.692253799238795,1.2804536851104762,3.610368013381958,-0.07588305324316025,0.15501554322620364,1.0,1517.3375228550628,4.004802170372055,5,5,6,149.77174286665402,0.3731616400072238,0.519352751164206,0.07266891293796895,-278.0022383001108,125.04622577709682,3.3315906938270565,3.286425951054424,0.045164742772632493,0,3.1001070264916195,nan
GT+smooth-jitter_controlled_forward3x6_SoftMS_local_prior_3frame_causal_heading_continuous_waypoint_RNN_polynomial_Kalman,1,controlled_gt_jitter,8.0,-272.547013601495,120.11864402140978,3.365370431708108,-0.6331565156995909,0,0,6,-275.0846446808112,123.69352404953037,-275.9123840332031,120.75180053710938,-1,-275.08465576171875,123.69352722167969,-275.0846446808112,123.69352404953037,0.0,0,0.0,0.0,601,/yh/study/uav-sat/v36_GvsK/v36_training_data/routes/route_C/vi/vi_000601.jpg,-275.9123840332031,120.75180053710938,1521.023685933428,0.9680636636100997,5,3.1668707088823833,3.1668707088823833,1,3.1668707088823833,-24.214201157010287,0.19759895711803224,1520.5533443596557,3.9793749853730658,-275.0881223703214,123.68604827438375,3.0478216930451065,4.249517906049778,1,0.0,0,0,0.6948271380699054,1.0,1524.34765625,1.7914586067199707,1,1,6,18,1,-25.704272691022194,-263.6377258300781,120.17005920410156,-267.5141906738281,120.60664367675781,1,-267.5141906738281,120.60664367675781,1528.721923828125,4.327791690826416,0.5415586829185486,0.29230618476867676,4.0,4.0,1,1524.7235107421875,3.9808502197265625,4.771329631059681,21.267148971557617,8.35039234161377,0.6948271380699054,1524.7235107421875,3.9808502197265625,1524.714118989348,3.9808502197265625,0.009391752839521317,0.0,0.0,1,3.2159220281497944,3.2158215045928955,-0.025427184998989105,3.2176311016082764,-0.0253400020301342,0.7945721745491028,0.040946029126644135,-1.1423990844429384,0.0,-25.710414845355032,-25.710414845355032,1.496213688344746,3.6141016483306885,-0.0769377276301384,0.21750306220959234,1.0,1520.5533989815008,3.9876198962170712,5,5,6,146.5558667402161,0.38662101811455496,0.4702869519271644,0.050760392725893055,-275.0846446808112,123.69352404953037,3.215922028149752,3.1668707088823833,0.0490513192673685,0,3.0559596952559254,nan
GT+smooth-jitter_controlled_forward3x6_SoftMS_local_prior_3frame_causal_heading_continuous_waypoint_RNN_polynomial_Kalman,1,controlled_gt_jitter,8.0,-269.37372559889974,118.815000115491,3.3728564323502392,-0.5130867375363466,0,0,6,-271.8143419639248,122.42167518752129,-272.74658203125,119.32808685302734,-1,-271.8143310546875,122.42167663574219,-271.8143419639248,122.42167518752129,0.0,0,0.0,0.0,602,/yh/study/uav-sat/v36_GvsK/v36_training_data/routes/route_C/vi/vi_000602.jpg,-272.74658203125,119.32808685302734,1524.4948245934388,0.9894966473420446,5,3.471204829711558,3.471204829711558,1,3.471204829711558,-24.21424023525447,-3.9078244181605594e-05,1524.0622214737905,3.962240663154804,-271.90403368967674,122.21156820978902,3.004055998592573,4.7326583836812315,1,0.0,0,0,0.48910760152701294,1.0,1527.775634765625,1.9252036809921265,1,1,6,18,1,-25.706422493063453,-263.6377258300781,120.17005920410156,-262.1481628417969,122.43202209472656,1,-262.1481628417969,122.43202209472656,1532.84326171875,8.218965530395508,0.5879216194152832,0.047912031412124634,4.0,4.0,1,1528.8447265625,7.865729331970215,8.136597757883338,21.28343963623047,8.35478401184082,0.48910760152701294,1528.8447265625,7.865729331970215,1527.6572673779897,6.119268205674375,1.1874591845102276,1.7464611262958396,0.0,1,3.5089142747962314,3.508822492289676,-0.025379233062267303,3.2172014713287354,-0.025546744465827942,0.7963308691978455,0.04082166403532028,-1.1352788256766115,0.0,-25.703294586588704,-25.703294586588704,1.4890543513342378,3.614555597305298,-0.07676637172698975,0.08195951118900116,1.0,1524.0564364164586,4.190617721704499,5,5,6,143.05282930525826,0.40128224992433154,0.4383881769801974,0.2540033583828225,-271.8143419639248,122.42167518752129,3.5089142747961923,3.471204829711558,0.037709445084634474,0,3.2309998957665607,nan
GT+smooth-jitter_controlled_forward3x6_SoftMS_local_prior_3frame_causal_heading_continuous_waypoint_RNN_polynomial_Kalman,1,controlled_gt_jitter,8.0,-266.48829759385603,117.63874804680363,3.3764179823158385,-0.39331066901668726,0,0,6,-268.6940490656041,121.63828983333245,-269.8647155761719,118.03205871582031,-1,-268.6940612792969,121.63829040527344,-268.6940490656041,121.63828983333245,0.0,0,0.0,0.0,603,/yh/study/uav-sat/v36_GvsK/v36_training_data/routes/route_C/vi/vi_000603.jpg,-269.8647155761719,118.03205871582031,1527.654644636861,1.009002813661642,5,3.159880250474199,3.159880250474199,1,3.159880250474199,-24.214322578168677,-8.234291420944573e-05,1527.273464795899,4.165146358487861,-268.89914678777916,121.06095571994338,3.179078505904481,4.247577502263602,1,0.0,0,0,0.7667382614648715,1.0,1530.888916015625,2.0551230907440186,1,1,6,18,1,-25.705327741805547,-263.6377258300781,120.17005920410156,-261.674072265625,120.34595489501953,1,-261.674072265625,120.34595489501953,1534.1417236328125,6.5188679695129395,0.410811185836792,0.17977643013000488,4.0,4.0,1,1530.1431884765625,6.169161796569824,5.72888219210387,21.298805236816406,8.357455253601074,0.7667382614648715,1530.1431884765625,6.169161796569824,1530.1431884765625,6.169161796569824,0.0,0.0,0.0,1,3.217129214760956,3.2170283794403076,-0.025471363216638565,3.2229080200195312,-0.02557024545967579,0.7982953786849976,0.04090432822704315,-1.1549471024436038,0.0,-25.722962863355697,-25.722962863355697,1.5086402851870204,3.6212167739868164,-0.07812415808439255,0.16609907634980595,1.0,1527.219954651265,4.775487589722808,5,5,6,139.8893110704519,0.4145224950076701,0.43468998559592364,0.06302776954533229,-268.6940490656041,121.63828983333245,3.217129214760925,3.159880250474199,0.05724896428672599,0,3.791485586399852,nan
GT+smooth-jitter_controlled_forward3x6_SoftMS_local_prior_3frame_causal_heading_continuous_waypoint_RNN_polynomial_Kalman,1,controlled_gt_jitter,8.0,-263.66126429784094,116.51907089265531,3.3760892177840303,-0.2739436337118854,0,0,6,-265.5609495879343,120.89369134985778,-267.037353515625,116.79301452636719,-1,-265.5609436035156,120.89369201660156,-265.5609495879343,120.89369134985778,0.0,0,0.0,0.0,604,/yh/study/uav-sat/v36_GvsK/v36_training_data/routes/route_C/vi/vi_000604.jpg,-267.037353515625,116.79301452636719,1530.741202262363,1.057672612220042,5,3.0869413218973603,3.0869413218973603,1,3.0869413218973603,-23.66463299497039,0.5496895831982891,1530.4402167018936,4.749961840993103,-265.77593557990195,120.27617643014956,3.7045366858116875,3.967094933538331,1,0.0,0,0,0.773756350759305,1.0,1533.925537109375,2.212216854095459,1,1,6,18,1,-25.71149999165942,-258.8758544921875,124.89827728271484,-258.507080078125,119.88980102539062,1,-258.507080078125,119.88980102539062,1537.211669921875,7.420760631561279,0.39805102348327637,0.3398205041885376,4.0,4.0,1,1533.213134765625,7.071091651916504,6.501665851738772,21.294939041137695,8.356830596923828,0.773756350759305,1533.213134765625,7.071091651916504,1533.213134765625,7.071091651916504,0.0,0.0,0.0,1,3.2203632153170747,3.220262050628662,-0.02552574872970581,3.2226052284240723,-0.025482062250375748,0.7980071306228638,0.04096737131476402,-1.153625140674089,0.0,-25.72164090158618,-25.72164090158618,2.057007906615792,3.620774030685425,-0.07791192829608917,0.19539902965318748,1.0,1530.3789935246643,5.400957520989911,5,5,6,136.73027219705253,0.42774399265905366,0.3622087376986656,0.135663906526712,-265.5609495879343,120.89369134985778,3.220363215317071,3.0869413218973603,0.1334218934197109,0,4.358361959316061,nan
GT+smooth-jitter_controlled_forward3x6_SoftMS_local_prior_3frame_causal_heading_continuous_waypoint_RNN_polynomial_Kalman,1,controlled_gt_jitter,8.0,-260.5585739478629,115.27637411485121,3.371907009168332,-0.1550986634691062,0,0,6,-262.27742771219573,119.9330764231602,-263.93048095703125,115.43147277832031,-1,-262.2774353027344,119.93307495117188,-262.27742771219573,119.9330764231602,0.0,0,0.0,0.0,605,/yh/study/uav-sat/v36_GvsK/v36_training_data/routes/route_C/vi/vi_000605.jpg,-263.93048095703125,115.43147277832031,1534.1328970363027,1.1111477227684408,5,3.392116305054621,3.392116305054621,1,3.392116305054621,-23.664737456487586,-0.00010446151719640834,1533.8000528062457,5.37545580038263,-262.46020738608416,119.44811369939632,4.277278183879064,4.028063657242858,1,0.0,0,0,0.7442125813997165,1.0,1537.2640380859375,2.3720388412475586,1,1,6,18,1,-25.715049342150298,-254.1750030517578,120.11018371582031,-252.8738250732422,119.22941589355469,1,-252.8738250732422,119.22941589355469,1542.6094970703125,9.162317276000977,0.4517669677734375,0.3113947808742523,4.0,4.0,1,1538.6109619140625,8.81261920928955,8.908744474229994,21.304454803466797,8.359230041503906,0.7442125813997165,1538.6109619140625,8.81261920928955,1538.096637405095,7.953406559692162,0.5143245089675492,0.8592126495973886,0.0,1,3.421154329440227,3.4210592815813174,-0.02550172060728073,3.2234535217285156,-0.02554408274590969,0.7979964017868042,0.040943317115306854,-1.149744526008464,0.0,-25.71776028692056,-25.71776028692056,2.0530228304329734,3.6216206550598145,-0.07775764167308807,0.3049003802898719,1.0,1533.764650648063,5.892508930943944,5,5,6,133.34461507365384,0.44191395368179875,0.3682463882396405,0.16866278332610518,-262.27742771219573,119.9330764231602,3.421154329440288,3.392116305054621,0.02903802438566716,0,4.795520869050307,nan
GT+smooth-jitter_controlled_forward3x6_SoftMS_local_prior_3frame_causal_heading_continuous_waypoint_RNN_polynomial_Kalman,1,controlled_gt_jitter,8.0,-257.48319610489034,114.04332897993233,3.3639108287033856,-0.03688647416923886,0,0,6,-258.97091178081337,119.15868211844428,-260.84710693359375,114.08021545410156,-1,-258.9709167480469,119.15868377685547,-258.97091178081337,119.15868211844428,0.0,0,0.0,0.0,606,/yh/study/uav-sat/v36_GvsK/v36_training_data/routes/route_C/vi/vi_000606.jpg,-260.84710693359375,114.08021545410156,1537.4989446488576,1.1642061309467395,5,3.3664657616948923,3.3664657616948923,1,3.3664657616948923,-23.664947396351952,-0.00020993986436547874,1537.160542668886,5.866983912371136,-259.19958402407786,118.49794145557878,4.7149374080158895,3.9598532390384693,1,0.0,0,0,0.7238383876121417,1.0,1540.5736083984375,2.529282808303833,1,1,6,18,1,-25.7159982048364,-254.1750030517578,120.11018371582031,-252.94869995117188,118.9031982421875,1,-252.94869995117188,118.9031982421875,1542.677001953125,8.834502220153809,0.4888109564781189,0.2605762183666229,4.0,4.0,1,1538.678466796875,8.484903335571289,7.41511160128163,21.3089542388916,8.36030387878418,0.7238383876121417,1538.678466796875,8.484903335571289,1538.678466796875,8.41131725193117,0.0,0.07358608364011898,0.0,1,3.395987948103105,3.395892020822864,-0.025525018572807312,3.225393295288086,-0.025590330362319946,0.7989914417266846,0.04095441475510597,-1.1525355120580603,0.0,-25.72055127297015,-25.72055127297015,2.055603876618201,3.6240527629852295,-0.0780237689614296,0.12197417527460386,1.0,1537.093794600001,6.5629824135934465,5,5,6,130.01547112171582,0.4558473906243779,0.4051500488565125,0.14107246640680637,-258.97091178081337,119.15868211844428,3.3959879481031505,3.3664657616948923,0.02952218640825821,0,5.413957139852218,nan
GT+smooth-jitter_controlled_forward3x6_SoftMS_local_prior_3frame_causal_heading_continuous_waypoint_RNN_polynomial_Kalman,1,controlled_gt_jitter,8.0,-254.53015108016143,112.86520674373706,3.352142621010458,0.08058455135424927,0,0,6,-256.0143619087971,117.76631097796384,-257.8822937011719,112.78462219238281,-1,-256.0143737792969,117.76631164550781,-256.0143619087971,117.76631097796384,0.0,0,0.0,0.0,607,/yh/study/uav-sat/v36_GvsK/v36_training_data/routes/route_C/vi/vi_000607.jpg,-257.8822937011719,112.78462219238281,1540.734021351277,1.2185948468427372,5,3.235533866760612,3.235533866760612,1,3.235533866760612,-23.604839116697228,0.060108279654723415,1540.3617038975228,6.537421472046291,-256.0094792644259,117.77672626189702,5.331841797666584,4.077828878106799,1,0.0,0,0,0.751067085746564,1.0,1543.7491455078125,2.685614824295044,1,1,6,18,1,-25.71759177334713,-244.77328491210938,110.53398895263672,-246.5230712890625,113.72562408447266,1,-246.5230712890625,113.72562408447266,1550.673583984375,6.797266006469727,0.4393042325973511,0.15101951360702515,4.0,4.0,1,1546.675048828125,6.442901611328125,7.91133292499503,21.308469772338867,8.360479354858398,0.751067085746564,1546.675048828125,6.442901611328125,1544.6771383833259,6.442901611328125,1.9979104447991194,0.0,0.0,1,3.2680092623128383,3.267909297521846,-0.02556094154715538,3.2188096046447754,-0.0254813302308321,0.7974726557731628,0.04090425744652748,-1.1489854145152405,0.0,-25.717001175427335,-25.717001175427335,2.112162058730108,3.61671781539917,-0.07756806164979935,0.21366703114907085,1.0,1540.361593682571,6.525919028474209,5,5,6,126.74767203914578,0.4695240814239757,0.37242766870599553,0.016724262115836552,-256.0143619087971,117.76631097796384,3.2680092623127663,3.235533866760612,0.032475395552154396,0,5.320375206444384,nan
GT+smooth-jitter_controlled_forward3x6_SoftMS_local_prior_3frame_causal_heading_continuous_waypoint_RNN_polynomial_Kalman,1,controlled_gt_jitter,8.0,-251.6017230739609,111.6953620600667,3.336646677015651,0.19720837354325968,0,0,6,-252.95803192443051,116.6831296214913,-254.93836975097656,111.49815368652344,-1,-252.95803833007812,116.6831283569336,-252.95803192443051,116.6831296214913,0.0,0,0.0,0.0,608,/yh/study/uav-sat/v36_GvsK/v36_training_data/routes/route_C/vi/vi_000608.jpg,-254.93836975097656,111.49815368652344,1543.946306084084,1.272597036403972,5,3.212738620103046,3.212738620103046,1,3.212738620103046,-23.604898735498583,-5.961880135694716e-05,1543.6040902051868,6.5004018739892215,-253.07602330133392,116.39496089419994,5.2389937132668045,4.208679585047978,1,0.0,0,0,0.7870611341631786,1.0,1546.89892578125,2.839240074157715,1,1,6,18,1,-25.717385053403035,-240.04193115234375,110.50404357910156,-241.67062377929688,113.35106658935547,1,-241.67062377929688,113.35106658935547,1555.2425537109375,8.474135398864746,0.37386050820350647,0.35017460584640503,4.0,4.0,1,1551.244140625,8.134941101074219,10.017492453129304,21.260894775390625,8.347319602966309,0.7870611341631786,1551.244140625,8.134941101074219,1548.0185083241356,8.134941101074219,3.2256323008644374,0.0,0.0,1,3.242596925975966,3.2424965226158338,-0.02551715448498726,3.224194288253784,-0.02512764185667038,0.795647144317627,0.04121538624167442,-1.185843676597568,0.0,-25.753859437509657,-25.753859437509657,2.1489607020110753,3.6211488246917725,-0.07947808504104614,0.2368721400995738,1.0,1543.5915868042093,6.81153985845316,5,5,6,123.51767891750754,0.4830425432673309,0.3547192798746437,0.011455668150738063,-252.95803192443051,116.6831296214913,3.2425969259758616,3.212738620103046,0.02985830587281546,0,5.550289483751728,nan
GT+smooth-jitter_controlled_forward3x6_SoftMS_local_prior_3frame_causal_heading_continuous_waypoint_RNN_polynomial_Kalman,1,controlled_gt_jitter,8.0,-248.4098864454581,110.40785963233495,3.317469511573139,0.3128812998154198,0,0,6,-249.60601938908957,115.56797484726854,-251.72735595703125,110.09497833251953,-1,-249.60601806640625,115.56797790527344,-249.60601938908957,115.56797484726854,0.0,0,0.0,0.0,609,/yh/study/uav-sat/v36_GvsK/v36_training_data/routes/route_C/vi/vi_000609.jpg,-251.72735595703125,110.09497833251953,1547.4500241513779,1.3315068310810465,5,3.504213272475158,3.504213272475158,1,3.504213272475158,-23.604763427640787,0.0001353078577982534,1547.12413800266,6.786236936100011,-249.7558086981608,115.1913774246793,5.464456267601248,3.991279462458873,1,0.0,0,0,0.759725351814069,1.0,1550.3370361328125,2.9953773021698,1,1,6,18,1,-25.73015110384861,-240.04193115234375,110.50404357910156,-241.7572021484375,113.6141128540039,1,-241.7572021484375,113.6141128540039,1555.054443359375,8.67737102508545,0.4235619306564331,0.16245901584625244,4.0,4.0,1,1551.0560302734375,8.32789421081543,7.871004797332942,21.243309020996094,8.346162796020508,0.759725351814069,1551.0560302734375,8.32789421081543,1551.0560302734375,8.32789421081543,0.0,0.0,0.0,1,3.532641817047773,3.5325511984506295,-0.02530292235314846,3.2109475135803223,-0.02534305490553379,0.7978520393371582,0.04084286093711853,-1.184736759065203,0.0,-25.752752519977296,-25.752752519977296,2.1479890923365117,3.6089999675750732,-0.07955861836671829,0.26047703354016993,1.0,1547.1037875360594,7.191018746859881,5,5,6,120.0054781856575,0.49774212614311036,0.346236615318503,0.29326575889483575,-249.60601938908957,115.56797484726854,3.5326418170477822,3.504213272475158,0.028428544572624226,0,5.869732505399326,nan
GT+smooth-jitter_controlled_forward3x6_SoftMS_local_prior_3frame_causal_heading_continuous_waypoint_RNN_polynomial_Kalman,1,controlled_gt_jitter,8.0,-245.2272976523374,109.11084396206236,3.294659745123551,0.4275019820818966,0,0,6,-246.30517762521924,114.31618171851053,-248.52195739746094,108.68334197998047,-1,-246.30517578125,114.3161849975586,-246.30517762521924,114.31618171851053,0.0,0,0.0,0.0,610,/yh/study/uav-sat/v36_GvsK/v36_training_data/routes/route_C/vi/vi_000610.jpg,-248.52195739746094,108.68334197998047,1550.9521531968758,1.3803869516343215,5,3.5024701451268965,3.5024701451268965,1,3.5024701451268965,-23.768375674540753,-0.16361224689996598,1550.6339293224414,7.165693752161714,-246.40599662392205,114.07720434523725,5.794052227110898,4.06910092958484,1,0.0,0,0,0.6465970175302401,1.0,1553.770751953125,3.1390175819396973,1,1,6,18,1,-25.738061636846247,-240.04193115234375,110.50404357910156,-238.3560791015625,112.13277435302734,1,-238.3560791015625,112.13277435302734,1558.7635498046875,8.74423599243164,0.6292498111724854,0.248419851064682,4.0,4.0,1,1554.76513671875,8.404321670532227,7.992152543177803,21.234756469726562,8.34303092956543,0.6465970175302401,1554.76513671875,8.404321670532227,1554.6620711206497,8.404321670532227,0.1030655981004216,0.0,0.0,1,3.530232625099536,3.530141786382057,-0.025324994698166847,3.2133333683013916,-0.025249401107430458,0.7940619587898254,0.04089627042412758,-1.1919101652410087,0.0,-25.7599259261531,-25.7599259261531,1.991550251612351,3.609483480453491,-0.0799003466963768,0.21146031936885873,1.0,1550.6262606319483,7.42495394313241,5,5,6,116.48300508976857,0.5124847018538808,0.32589256492747154,0.28913677682550487,-246.30517762521924,114.31618171851053,3.5302326250994165,3.5024701451268965,0.027762479972520016,0,6.053345858166655,nan
GT+smooth-jitter_controlled_forward3x6_SoftMS_local_prior_3frame_causal_heading_continuous_waypoint_RNN_polynomial_Kalman,1,controlled_gt_jitter,8.0,-242.27238142436852,107.91137088354084,3.268267989693968,0.5409714084431876,0,0,6,-243.48151625642063,112.63988672156192,-245.5406494140625,107.37039947509766,-1,-243.4815216064453,112.63988494873047,-243.48151625642063,112.63988672156192,0.0,0,0.0,0.0,611,/yh/study/uav-sat/v36_GvsK/v36_training_data/routes/route_C/vi/vi_000611.jpg,-245.5406494140625,107.37039947509766,1554.2094447029438,1.4258551548201968,5,3.2576088336390563,3.2576088336390563,1,3.2576088336390563,-23.76828170113263,9.397340812292894e-05,1553.9099154845758,7.399670524536619,-243.32930963824725,112.92793168103346,5.9813199065186495,4.250308940678286,1,0.0,0,0,0.7976968111431972,1.0,1556.9569091796875,3.27670955657959,1,1,6,18,1,-25.745714116759306,-230.60972595214844,105.68599700927734,-232.39334106445312,106.22541809082031,1,-232.39334106445312,106.22541809082031,1566.642578125,5.850828647613525,0.3545229136943817,0.5716190934181213,4.0,4.0,1,1562.6444091796875,5.508765697479248,9.371167708630892,20.99561882019043,8.296338081359863,0.7976968111431972,1562.6444091796875,5.508765697479248,1558.3535817152197,5.508765697479248,4.290827464467931,0.0,0.0,1,3.2837521895600577,3.283654852627569,-0.025283418595790863,3.139265298843384,-0.023128557950258255,0.7761433124542236,0.040730852633714676,-1.1701105492878552,0.0,-25.73812631019995,-25.73812631019995,1.9698446090673212,3.5265448093414307,-0.07479382306337357,0.231435167128922,1.0,1553.891249747264,7.074419323857296,5,5,6,113.21801597445281,0.5261496321222089,0.3181949556797008,0.1183435347956725,-243.48151625642063,112.63988672156192,3.2837521895600763,3.2576088336390563,0.026143355921020017,0,5.657519350523665,nan
GT+smooth-jitter_controlled_forward3x6_SoftMS_local_prior_3frame_causal_heading_continuous_waypoint_RNN_polynomial_Kalman,1,controlled_gt_jitter,8.0,-239.33861859250908,106.71840132449705,3.238346739522165,0.6531928894384644,0,0,6,-240.7403496614827,110.86819677067251,-242.57696533203125,106.0652084350586,-1,-240.7403564453125,110.86819458007812,-240.7403496614827,110.86819677067251,0.0,0,0.0,0.0,612,/yh/study/uav-sat/v36_GvsK/v36_training_data/routes/route_C/vi/vi_000612.jpg,-242.57696533203125,106.0652084350586,1557.4474849774854,1.4710455246927245,5,3.2383555995417894,3.2383555995417894,1,3.2383555995417894,-23.76844281993505,-0.00016111880242301443,1557.1550357172603,7.050321080292929,-240.52322562533706,111.2609755114653,5.586934964282675,4.199986336451947,1,0.0,0,0,0.7701739879286662,1.0,1560.12109375,3.4115214347839355,1,1,6,18,1,-25.74305834711093,-230.60972595214844,105.68599700927734,-232.2952423095703,105.54420471191406,1,-232.2952423095703,105.54420471191406,1567.0150146484375,5.272073745727539,0.40456441044807434,0.4638845920562744,4.0,4.0,1,1563.0169677734375,4.946545600891113,6.5649249343812555,20.99262237548828,8.29286003112793,0.7701739879286662,1563.0169677734375,4.946545600891113,1561.523014184064,4.946545600891113,1.4939535893734064,0.0,0.0,1,3.2638749337691553,3.263785969996152,-0.024098243564367294,3.157961130142212,-0.023891517892479897,0.7788732051849365,0.04054791107773781,-1.2079390183974419,0.0,-25.77595477930954,-25.77595477930954,2.007511959374488,3.5465331077575684,-0.07839927822351456,0.2861383562533971,1.0,1557.1208751387435,6.602826900256652,5,5,6,109.98839058297338,0.5396665549077602,0.32660983874188787,0.0803944693995775,-240.7403496614827,110.86819677067251,3.2638749337690873,3.2383555995417894,0.025519334227297907,0,5.142164337450513,nan
GT+smooth-jitter_controlled_forward3x6_SoftMS_local_prior_3frame_causal_heading_continuous_waypoint_RNN_polynomial_Kalman,1,controlled_gt_jitter,8.0,-236.10162932328132,105.38439522039089,3.2049502665624363,0.764072039238535,0,0,6,-237.6488980386666,109.02050303267623,-239.30657958984375,104.62032318115234,-1,-237.64889526367188,109.02050018310547,-237.6488980386666,109.02050303267623,0.0,0,0.0,0.0,613,/yh/study/uav-sat/v36_GvsK/v36_training_data/routes/route_C/vi/vi_000613.jpg,-239.30657958984375,104.62032318115234,1561.0225418095245,1.516706748405259,5,3.5753484165405496,3.5753484165405496,1,3.5753484165405496,-23.8362642714966,-0.06782145156154644,1560.7223290156232,6.578842356277484,-237.47491348374717,109.34899571262318,5.071029938198925,4.49817192210815,1,0.0,0,0,0.6603889005220309,1.0,1563.61962890625,3.5441384315490723,1,1,6,18,1,-25.75457212506087,-230.60972595214844,105.68599700927734,-230.55616760253906,101.5201644897461,1,-230.55616760253906,101.5201644897461,1570.269775390625,2.3353970050811768,0.6041736602783203,0.2171591967344284,4.0,4.0,1,1566.2725830078125,2.033850908279419,5.275449806965715,20.492799758911133,8.184762954711914,0.6603889005220309,1566.2725830078125,2.033850908279419,1564.7883984920588,4.139200670416132,1.48418451575367,-2.1053497621367137,0.0,1,3.6015337407335655,3.6014538768797832,-0.023984543979167938,3.069183349609375,-0.022028537467122078,0.7550510764122009,0.03980769217014313,-1.2051484592346686,0.0,-25.773164220146764,-25.773164220146764,1.9368999486501648,3.445901870727539,-0.07461629062891006,0.17073793368101295,1.0,1560.7006740108889,6.207750552407888,5,5,6,106.408591710828,0.5546490556864114,0.3218677986355942,0.5061650669311746,-237.6488980386666,109.02050303267623,3.6015337407336525,3.5753484165405496,0.026185324193102932,0,4.702073037594148,nan
GT+smooth-jitter_controlled_forward3x6_SoftMS_local_prior_3frame_causal_heading_continuous_waypoint_RNN_polynomial_Kalman,1,controlled_gt_jitter,8.0,-233.16417138709792,104.17978353685098,3.1681345211052023,0.8735167521830047,0,0,6,-234.9248018027204,107.198182695053,-236.33230590820312,103.30626678466797,-1,-234.9248046875,107.19818115234375,-234.9248018027204,107.198182695053,0.0,0,0.0,0.0,614,/yh/study/uav-sat/v36_GvsK/v36_training_data/routes/route_C/vi/vi_000614.jpg,-236.33230590820312,103.30626678466797,1564.2738989670297,1.5582372285360586,5,3.2516223868157845,3.2516223868157845,1,3.2516223868157845,-23.836200793024105,6.347847249178722e-05,1563.9780246032506,6.184841812662271,-234.67777624912358,107.6370338326891,4.636055609782902,4.6418724554460145,1,0.0,0,0,0.6816908733880893,1.0,1566.7919921875,3.669898271560669,1,1,6,18,1,-25.76107937434919,-230.60972595214844,105.68599700927734,-230.58714294433594,101.61561584472656,1,-230.58714294433594,101.61561584472656,1570.201904296875,2.4093282222747803,0.5654428005218506,0.23406152427196503,4.0,4.0,1,1566.20458984375,2.103390693664551,2.006180341343303,20.550464630126953,8.196105003356934,0.6816908733880893,1566.20458984375,2.103390693664551,1566.20458984375,3.710051871571924,0.0,-1.6066611779073732,0.0,1,3.277430657635781,3.2773505923617896,-0.022908739745616913,3.088606834411621,-0.021451927721500397,0.7551679611206055,0.04065518453717232,-1.1623309638232107,0.0,-25.730346724735305,-25.730346724735305,1.8941459317111986,3.4654548168182373,-0.07143617421388626,0.09470146763802921,1.0,1563.9358252072798,5.683013997456716,5,5,6,103.17344051443709,0.5681891055747261,0.3380737597499319,0.16301555240416343,-234.9248018027204,107.198182695053,3.277430657635873,3.2516223868157845,0.02580827082008863,0,4.138608130816317,nan
GT+smooth-jitter_controlled_forward3x6_SoftMS_local_prior_3frame_causal_heading_continuous_waypoint_RNN_polynomial_Kalman,1,controlled_gt_jitter,8.0,-230.2271455013462,102.97235819558193,3.127957037716293,0.9814371750741198,0,0,6,-231.96092841420017,105.78876119894204,-233.3551025390625,101.99092102050781,-1,-231.96092224121094,105.78876495361328,-231.96092841420017,105.78876119894204,0.0,0,0.0,0.0,615,/yh/study/uav-sat/v36_GvsK/v36_training_data/routes/route_C/vi/vi_000615.jpg,-233.3551025390625,101.99092102050781,1567.5284566670643,1.5998131550191887,5,3.254823248736612,3.254823248736612,1,3.254823248736612,-23.83612044133549,8.035168861719574e-05,1567.2176731129002,5.660906504324363,-231.94925671227813,105.81357234133507,4.072967666126193,5.451525175420153,1,0.0,0,0,0.6301434861457721,1.0,1569.9652099609375,3.792919874191284,1,1,6,18,1,-25.750323000345183,-230.7012481689453,91.4115219116211,-228.3285369873047,95.19166564941406,1,-228.3285369873047,95.19166564941406,1759.29833984375,-2.2304697036743164,0.6591653227806091,0.27973443269729614,4.0,4.0,1,1755.301025390625,-2.5406668186187744,11.924526480426067,20.581012725830078,8.199203491210938,0.6301434861457721,1755.301025390625,-2.5406668186187744,1571.200567699801,3.271169752183839,184.1004576908239,-5.811836570802613,0.0,1,3.281922366065036,3.281847905620449,-0.02210749313235283,3.1144607067108154,-0.021537691354751587,0.7608230113983154,0.04129858687520027,-1.1893482039720193,0.0,-25.75736396488411,-25.75736396488411,1.9212435235486212,3.49410080909729,-0.07342970371246338,0.008527388927502814,1.0,1567.2173738766185,5.633488775201542,5,5,6,99.8918918450984,0.581923342399066,0.31108279044588016,0.1403625420257968,-231.96092841420017,105.78876119894204,3.2819223660650545,3.254823248736612,0.02709911732844228,0,4.045653409693541,nan
GT+smooth-jitter_controlled_forward3x6_SoftMS_local_prior_3frame_causal_heading_continuous_waypoint_RNN_polynomial_Kalman,1,controlled_gt_jitter,8.0,-227.23722420312967,101.69074250182062,3.0844768466750176,1.0877456756487434,0,0,6,-228.93870132381144,104.31868241823832,-230.3217010498047,100.60299682617188,-1,-228.93870544433594,104.31867980957031,-228.93870132381144,104.31868241823832,0.0,0,0.0,0.0,616,/yh/study/uav-sat/v36_GvsK/v36_training_data/routes/route_C/vi/vi_000616.jpg,-230.3217010498047,100.60299682617188,1570.8643009421312,1.5987469667451377,5,3.335844445452242,3.335844445452242,1,3.335844445452242,-24.58632839218389,-0.750207950848401,1570.5781049316756,5.611694672115547,-228.91351129699052,104.37163836690078,4.023140246429197,6.320254491226384,1,0.0,0,0,0.7789063327317775,1.0,1573.21728515625,3.870460033416748,1,1,6,18,1,-25.752787311253382,-230.7012481689453,91.4115219116211,-225.96401977539062,92.93318176269531,1,-225.96401977539062,92.93318176269531,1756.267822265625,-1.002729058265686,0.38532739877700806,0.4046335220336914,4.0,6.0858154296875,1,1752.2703857421875,-1.3094722032546997,12.06196241243849,20.680208206176758,10.307519912719727,0.7789063327317775,1752.2703857421875,-1.3094722032546997,1574.970097346688,2.9764992231081147,177.30028839549948,-4.285971426362814,0.0,1,3.3608017209223164,3.360731055057081,-0.02179410308599472,3.130070924758911,-0.02258257195353508,0.7666980028152466,0.04085993394255638,-1.1879368094130596,0.0,-25.755952570325153,-25.755952570325153,1.1696241781412637,3.512620210647583,-0.0749920979142189,0.015029616495494348,1.0,1570.5772130619428,5.553059575813431,5,5,6,96.53205265977411,0.5959852478323441,0.28708788018843734,0.20577352069333088,-228.93870132381144,104.31868241823832,3.3608017209223786,3.335844445452242,0.024957275470136597,0,3.964720376166217,nan
GT+smooth-jitter_controlled_forward3x6_SoftMS_local_prior_3frame_causal_heading_continuous_waypoint_RNN_polynomial_Kalman,1,controlled_gt_jitter,8.0,-224.25080456889725,100.4075515098046,3.0377543910636873,1.1923568076561741,0,0,6,-225.92379829014195,102.83863425998575,-227.28855895996094,99.21519470214844,-1,-225.92379760742188,102.83863067626953,-225.92379829014195,102.83863425998575,0.0,0,0.0,0.0,617,/yh/study/uav-sat/v36_GvsK/v36_training_data/routes/route_C/vi/vi_000617.jpg,-227.28855895996094,99.21519470214844,1574.1998585480815,1.5976839462413364,5,3.3355577753391823,3.3355577753391823,1,3.3355577753391823,-24.586275552388603,5.283979528540974e-05,1573.9357378541458,5.5308318154090825,-225.89347103591027,102.9020824934803,3.942006075807583,7.2404505593985835,1,0.0,0,0,0.7521268770095151,1.0,1576.466796875,3.9451115131378174,1,1,6,18,1,-25.7538951892811,-230.7012481689453,91.4115219116211,-225.50527954101562,93.4131088256836,1,-225.50527954101562,93.4131088256836,1756.018310546875,-1.617968201637268,0.43148356676101685,0.3563317358493805,4.0,7.676885604858398,1,1752.020751953125,-1.9287827014923096,8.962786153138723,20.79551124572754,11.923473358154297,0.7521268770095151,1752.020751953125,-1.9287827014923096,1578.254086765922,2.9398224683433827,173.76666518720302,-4.868605169835693,0.0,1,3.358598346509414,3.3585247922031445,-0.022227760404348373,3.152299165725708,-0.02328614518046379,0.7737269401550293,0.04087259620428085,-1.200451103354698,0.0,-25.768466864266788,-25.768466864266788,1.1821913118781842,3.5383262634277344,-0.07699570804834366,0.013516553940693472,1.0,1573.9345362491522,5.460518396858635,5,5,6,93.17472947256468,0.6100366230808099,0.26532229892927717,0.1832586096134743,-225.92379829014195,102.83863425998575,3.3585983465095035,3.3355577753391823,0.02304057117032121,0,3.871935680662201,nan
GT+smooth-jitter_controlled_forward3x6_SoftMS_local_prior_3frame_causal_heading_continuous_waypoint_RNN_polynomial_Kalman,1,controlled_gt_jitter,8.0,-221.2679316314213,99.1227553271761,2.9878514496333826,1.2951872729768792,0,0,6,-223.17419826454034,100.9136692991369,-224.2557830810547,97.82756805419922,-1,-223.1741943359375,100.91366577148438,-223.17419826454034,100.9136692991369,0.0,0,0.0,0.0,618,/yh/study/uav-sat/v36_GvsK/v36_training_data/routes/route_C/vi/vi_000618.jpg,-224.2557830810547,97.82756805419922,1577.535010138533,1.5966282549925412,5,3.3351517575328358,3.3351517575328358,1,3.3351517575328358,-24.586151863384085,0.00012368900451770995,1577.2909137772328,5.437708524454894,-222.88076289754264,101.4223976975881,3.8488284802070503,7.067617119847605,1,0.0,0,0,0.6127242536687649,1.0,1579.7138671875,4.016828536987305,1,1,6,18,1,-25.75899531287869,-225.9698944091797,91.38157653808594,-220.60455322265625,93.80221557617188,1,-220.60455322265625,93.80221557617188,1582.529296875,-0.5462190508842468,0.5962184071540833,0.1019178032875061,4.0,11.85358715057373,1,1578.53173828125,-0.860192060470581,2.6513078004932926,20.73003387451172,16.087997436523438,0.6127242536687649,1578.53173828125,-0.860192060470581,1578.53173828125,3.076713505901432,0.0,-3.936905566372013,0.0,1,3.356455034896784,3.3563775280806682,-0.022809872403740883,3.134721040725708,-0.022717922925949097,0.7687404155731201,0.0408252514898777,-1.1659469086584977,0.0,-25.73396266957059,-25.73396266957059,1.1478108061865049,3.518315553665161,-0.07391201704740524,0.028851919151378254,1.0,1577.235559214783,4.853033597327183,5,5,6,89.87370650693381,0.6238523655063808,0.29945092374987325,0.20043071680712776,-223.17419826454034,100.9136692991369,3.356455034896818,3.3351517575328358,0.021303277363982076,0,3.270144738283044,nan
GT+smooth-jitter_controlled_forward3x6_SoftMS_local_prior_3frame_causal_heading_continuous_waypoint_RNN_polynomial_Kalman,1,controlled_gt_jitter,8.0,-218.26473863660476,97.8696513646191,2.9348310655436802,1.3961558812206667,0,0,6,-220.15482188789673,99.4242246966207,-221.19956970214844,96.47349548339844,-1,-220.15481567382812,99.42422485351562,-220.15482188789673,99.4242246966207,0.0,0,0.0,0.0,619,/yh/study/uav-sat/v36_GvsK/v36_training_data/routes/route_C/vi/vi_000619.jpg,-221.19956970214844,96.47349548339844,1580.8775265085574,1.6358336183918023,5,3.3427462877700718,3.3427462877700718,1,3.3427462877700718,-23.896007428205763,0.6901444351783241,1580.6022431830334,4.830274297601889,-220.1217684640646,99.49319358974758,3.2062801128884013,7.946736682244795,1,0.0,0,0,0.7010906385219471,1.0,1582.9661865234375,4.12581729888916,1,1,6,18,1,-25.750233887720857,-221.299560546875,81.83531188964844,-216.1254119873047,87.04776000976562,1,-216.1254119873047,87.04776000976562,1744.9525146484375,0.8411878943443298,0.5301705002784729,0.256531685590744,4.0,4.0,1,1740.9554443359375,0.5402435660362244,13.856222286970242,20.49661636352539,8.179858207702637,0.7010906385219471,1740.9554443359375,0.5402435660362244,1584.7802424389688,2.323474744040676,156.1752018969688,-1.7832311780044519,0.0,1,3.366760895549062,3.3666839682504115,-0.022759299725294113,3.1013271808624268,-0.020205182954669,0.7507143020629883,0.04199737682938576,-1.1042035993871693,0.0,-25.672219360299263,-25.672219360299263,1.7762119320935006,3.4760539531707764,-0.06620511412620544,0.011768508006016563,1.0,1580.6008575552014,4.753806545695046,5,5,6,86.50840816651547,0.637937119093527,0.27666895335596564,0.241419106907645,-220.15482188789673,99.4242246966207,3.3667608955490316,3.3427462877700718,0.024014607778959807,0,3.130223775570523,nan
GT+smooth-jitter_controlled_forward3x6_SoftMS_local_prior_3frame_causal_heading_continuous_waypoint_RNN_polynomial_Kalman,1,controlled_gt_jitter,8.0,-215.26412581973494,96.61440805558532,2.8787574810463097,1.4951835072454713,0,0,6,-217.15073272208866,97.90710637921667,-218.14288330078125,95.11922454833984,-1,-217.15072631835938,97.9071044921875,-217.15073272208866,97.90710637921667,0.0,0,0.0,0.0,620,/yh/study/uav-sat/v36_GvsK/v36_training_data/routes/route_C/vi/vi_000620.jpg,-218.14288330078125,95.11922454833984,1584.220555552073,1.67505524582261,5,3.343259116767285,3.343259116767285,1,3.343259116767285,-23.895831766287106,0.0001756619186552898,1583.966231782377,4.732452010100463,-217.10299919224465,98.00557113093558,3.0679562503479465,8.81400594446579,1,0.0,0,0,0.7380412982738391,1.0,1586.217041015625,4.231787204742432,1,1,6,18,1,-25.722928819131553,-221.299560546875,81.83531188964844,-216.8310089111328,87.05746459960938,1,-216.8310089111328,87.05746459960938,1745.6119384765625,1.092284083366394,0.46298748254776,0.1992027759552002,4.0,4.0,1,1741.614990234375,0.7898646593093872,10.585194600767835,20.38336181640625,8.161548614501953,0.7380412982738391,1741.614990234375,0.7898646593093872,1588.24584535263,2.164683867948628,153.36914488174494,-1.374819208639241,0.0,1,3.3654419776796622,3.365374227175625,-0.021354535594582558,3.066030263900757,-0.020583907142281532,0.7447978258132935,0.04081347584724426,-1.101486678201385,0.0,-25.66950243911348,-25.66950243911348,1.7736706728263718,3.4377903938293457,-0.06627538055181503,0.014057059887418694,1.0,1583.9637586492438,4.623055114280974,5,5,6,83.14550707247307,0.6520118395064708,0.25679690282913725,0.2772288528665281,-217.15073272208866,97.90710637921667,3.365441977679639,3.343259116767285,0.02218286091235422,0,2.9591633739510175,nan
GT+smooth-jitter_controlled_forward3x6_SoftMS_local_prior_3frame_causal_heading_continuous_waypoint_RNN_polynomial_Kalman,1,controlled_gt_jitter,8.0,-212.26528011813429,95.3565973439149,2.8196960781547755,1.5921930470398944,0,0,6,-214.43865360394213,95.91484182202515,-215.08497619628906,93.764404296875,-1,-214.43865966796875,95.91484069824219,-214.43865360394213,95.91484182202515,0.0,0,0.0,0.0,621,/yh/study/uav-sat/v36_GvsK/v36_training_data/routes/route_C/vi/vi_000621.jpg,-215.08497619628906,93.764404296875,1587.5649231774635,1.714284822969892,5,3.344597699796353,3.344597699796353,1,3.344597699796353,-23.895964607021426,-0.00013284073431699982,1587.328881695314,4.602124425452744,-214.09896224359022,96.4889427231129,2.8974701294342413,7.500656203785392,1,0.0,0,0,0.6491558598316088,1.0,1589.4674072265625,4.334688186645508,1,1,6,18,1,-25.70422957545306,-202.34364318847656,86.4736557006836,-206.92630004882812,87.6786117553711,1,-206.92630004882812,87.6786117553711,1597.5152587890625,-0.4283922612667084,0.6245973706245422,0.19392657279968262,4.0,4.0,1,1593.518310546875,-0.7254708409309387,6.4339124076882594,20.43852996826172,8.170845031738281,0.6491558598316088,1593.518310546875,-0.7254708409309387,1591.364060309851,2.1810172567305894,2.1542502370240086,-2.906488097661528,0.0,1,3.3651881387119693,3.3651230460702184,-0.020930688828229904,3.0895931720733643,-0.021090153604745865,0.751211941242218,0.04102697595953941,-1.127482698347571,0.0,-25.695498459259664,-25.695498459259664,1.7995338522382403,3.4645168781280518,-0.06876133382320404,0.09660604695074242,1.0,1587.2586389032867,3.938763275628852,5,5,6,79.85062681843013,0.6658018728951834,0.30628427417673265,0.25500452772298887,-214.43865360394213,95.91484182202515,3.365188138712009,3.344597699796353,0.020590438915655707,0,2.24546530655719,nan
GT+smooth-jitter_controlled_forward3x6_SoftMS_local_prior_3frame_causal_heading_continuous_waypoint_RNN_polynomial_Kalman,1,controlled_gt_jitter,8.0,-209.31658171863032,94.11285247543805,2.757713325315,1.6871093724106971,0,0,6,-211.51126809186806,94.34989987757507,-212.0742950439453,92.42574310302734,-1,-211.51126098632812,94.34989929199219,-211.51126809186806,94.34989987757507,0.0,0,0.0,0.0,622,/yh/study/uav-sat/v36_GvsK/v36_training_data/routes/route_C/vi/vi_000622.jpg,-212.0742950439453,92.42574310302734,1590.8596217916574,1.7485752679903455,5,3.2948770527883924,3.2948770527883924,1,3.2948770527883924,-23.971716350173157,-0.07575174315173175,1590.5780044229218,3.9177448822911254,-211.4285346125966,94.5156231530024,2.187374032482649,7.889906502152507,1,0.0,0,0,0.34966358113650237,1.0,1592.666259765625,4.429531097412109,1,1,6,18,1,-25.701173706129712,-197.642822265625,81.68553924560547,-201.25233459472656,88.33059692382812,1,-201.25233459472656,88.33059692382812,1602.404541015625,2.5236501693725586,0.7198823690414429,0.021165788173675537,4.0,4.0,1,1598.407470703125,2.2252559661865234,7.562886200279267,20.52511978149414,8.18891716003418,0.34966358113650237,1598.407470703125,2.2252559661865234,1593.7895792710472,2.2252559661865234,4.617891432077797,0.0,0.0,1,3.319432063742243,3.3193655196349776,-0.021018393337726593,3.1089959144592285,-0.02142176777124405,0.7559753656387329,0.04118749499320984,-1.112579759187132,0.0,-25.680595520099224,-25.680595520099224,1.7088791699260697,3.4863102436065674,-0.0685344859957695,0.023139021055617895,1.0,1590.571664232834,3.732626448307984,5,5,6,76.53760148888276,0.679667848709039,0.2879575588233365,0.18588113832916386,-211.51126809186806,94.34989987757507,3.3194320637422843,3.2948770527883924,0.024555010953891898,0,2.0048388069376815,nan
GT+smooth-jitter_controlled_forward3x6_SoftMS_local_prior_3frame_causal_heading_continuous_waypoint_RNN_polynomial_Kalman,1,controlled_gt_jitter,8.0,-206.36637314786566,92.86501095727878,2.6928767300640195,1.779859284915509,0,0,6,-208.521290855894,92.90054448264169,-209.0592498779297,91.08515167236328,-1,-208.5212860107422,92.90054321289062,-208.521290855894,92.90054448264169,0.0,0,0.0,0.0,623,/yh/study/uav-sat/v36_GvsK/v36_training_data/routes/route_C/vi/vi_000623.jpg,-209.0592498779297,91.08515167236328,1594.159091878825,1.7829246634956912,5,3.2996488808787072,3.2996488808787072,1,3.2996488808787072,-23.971555043341706,0.00016130683145018678,1593.894335414922,3.7113861990318227,-208.49823494689846,92.94910503186046,1.946550764614365,8.718127768193419,1,0.0,0,0,0.3010316939986125,1.0,1595.8681640625,4.521275997161865,1,1,6,18,1,-25.693971378371643,-202.40469360351562,76.95734405517578,-201.75991821289062,83.64959716796875,1,-201.75991821289062,83.64959716796875,1730.3460693359375,-1.2958033084869385,0.7943989634513855,0.01810668408870697,4.0,4.0,1,1726.34912109375,-1.5991795063018799,14.07928586293357,20.483394622802734,8.178674697875977,0.3010316939986125,1726.34912109375,-1.5991795063018799,1596.972172573418,1.8646839039341119,129.37694852033192,-3.463863410235992,0.0,1,3.3227390707765836,3.322671182087677,-0.021240249276161194,3.109370708465576,-0.021224454045295715,0.7506098747253418,0.041414372622966766,-1.1069119828364908,0.0,-25.674927743748587,-25.674927743748587,1.7033727004068822,3.4840152263641357,-0.06783434003591537,0.004996877298173095,1.0,1593.8935569686669,3.657635888321415,5,5,6,73.21570875305,0.6935709372005393,0.26553491015806685,0.19027817241313105,-208.521290855894,92.90054448264169,3.3227390707766395,3.2996488808787072,0.023090189897932323,0,1.893423081352962,nan
GT+smooth-jitter_controlled_forward3x6_SoftMS_local_prior_3frame_causal_heading_continuous_waypoint_RNN_polynomial_Kalman,1,controlled_gt_jitter,8.0,-203.42168123751975,91.616144784907,2.6252547976364915,1.8703714694773068,0,0,6,-205.6050686921101,91.31798796921522,-206.04693603515625,89.74577331542969,-1,-205.60507202148438,91.31798553466797,-205.6050686921101,91.31798796921522,0.0,0,0.0,0.0,624,/yh/study/uav-sat/v36_GvsK/v36_training_data/routes/route_C/vi/vi_000624.jpg,-206.04693603515625,89.74577331542969,1597.4555735504523,1.81724170025547,5,3.2966602904131035,3.2966602904131035,1,3.2966602904131035,-23.971576725529737,-2.168218802987205e-05,1597.2114457623898,3.63640432642223,-205.51260352979148,91.50174592656484,1.8354702496488986,9.121278551776596,1,0.0,0,0,0.3092982301450149,1.0,1599.0655517578125,4.609796047210693,1,1,6,18,1,-25.687306074237057,-202.40469360351562,76.95734405517578,-198.89352416992188,83.63200378417969,1,-198.89352416992188,83.63200378417969,1606.5032958984375,-0.7688415050506592,0.8778661489486694,0.03977607935667038,4.0,4.0,1,1602.5059814453125,-1.0753709077835083,5.820122645155658,20.640817642211914,8.212631225585938,0.3092982301450149,1602.5059814453125,-1.0753709077835083,1600.3120158952886,1.7760622466829552,2.193965550023951,-2.8514331544664637,0.0,1,3.3179567246624257,3.3178887937228896,-0.02123156189918518,3.139615535736084,-0.022135460749268532,0.7645925879478455,0.04143528267741203,-1.1331648821284925,0.0,-25.70118064304059,-25.70118064304059,1.729603917510854,3.5211949348449707,-0.07106746733188629,0.017273477267900978,1.0,1597.2037532513687,3.4308377474116742,5,5,6,69.90551247034821,0.7074250726294791,0.2518202990836471,0.1570447546770195,-205.6050686921101,91.31798796921522,3.3179567246624697,3.2966602904131035,0.021296434249366225,0,1.633127572000617,nan
GT+smooth-jitter_controlled_forward3x6_SoftMS_local_prior_3frame_causal_heading_continuous_waypoint_RNN_polynomial_Kalman,1,controlled_gt_jitter,8.0,-200.44839416177405,90.39065194859916,2.554916995452528,1.958576448110875,0,0,6,-202.7080586685113,89.66546568968587,-203.00331115722656,88.43207550048828,-1,-202.7080535888672,89.66546630859375,-202.7080586685113,89.66546568968587,0.0,0,0.0,0.0,625,/yh/study/uav-sat/v36_GvsK/v36_training_data/routes/route_C/vi/vi_000625.jpg,-203.00331115722656,88.43207550048828,1600.7698543372894,1.8879326652786477,5,3.3150345920569713,3.3150345920569713,1,3.3150345920569713,-23.34612776561191,0.625448959917826,1600.5388731629348,3.409109041796869,-202.58091690874582,89.91157304027458,1.5386129699776057,9.31158853579181,1,0.0,0,0,0.33378882351879036,1.0,1602.2791748046875,4.731462001800537,1,1,6,18,1,-25.692162125293525,-202.40469360351562,76.95734405517578,-198.8648681640625,83.566162109375,1,-198.8648681640625,83.566162109375,1606.5567626953125,-0.8168079853057861,0.8809046745300293,0.05024079233407974,4.0,4.0,1,1602.5595703125,-1.1144249439239502,3.49531607804799,20.573219299316406,8.199262619018555,0.33378882351879036,1602.5595703125,-1.1144249439239502,1602.5595703125,1.5083574829908648,0.0,-2.622782426914815,0.0,1,3.335190693374548,3.335119911566075,-0.02172870561480522,3.128654956817627,-0.023000527173280716,0.7639911770820618,0.04061959683895111,-1.1589251540266072,0.0,-25.7269409149387,-25.7269409149387,2.3808131493267917,3.509878158569336,-0.07369548082351685,0.01207633951886189,1.0,1600.5255665886416,3.132420064476413,5,5,6,66.58369913307527,0.7213278288148843,0.244287748647821,0.1863796352393443,-202.7080586685113,89.66546568968587,3.3351906933746345,3.3150345920569713,0.02015610131766321,0,1.26823711935167,nan
GT+smooth-jitter_controlled_forward3x6_SoftMS_local_prior_3frame_causal_heading_continuous_waypoint_RNN_polynomial_Kalman,1,controlled_gt_jitter,8.0,-197.47853075414605,89.16311228369773,2.4819337233930225,2.0444065341860154,0,0,6,-199.79357754723935,88.0469239253466,-199.96046447753906,87.11870574951172,-1,-199.7935791015625,88.04692077636719,-199.79357754723935,88.0469239253466,0.0,0,0.0,0.0,626,/yh/study/uav-sat/v36_GvsK/v36_training_data/routes/route_C/vi/vi_000626.jpg,-199.96046447753906,87.11870574951172,1604.0832909772641,1.9585984401483378,5,3.314190099989058,3.314190099989058,1,3.314190099989058,-23.34625195479322,-0.00012418918131081892,1603.8592394317213,3.109991857376975,-199.68551378207835,88.25901623852918,1.172990151833162,9.5376163329873,1,0.0,0,0,0.2638334633744136,1.0,1605.490478515625,4.8498430252075195,1,1,6,18,1,-25.70433469633325,-202.40469360351562,76.95734405517578,-194.71780395507812,83.05934143066406,1,-194.71780395507812,83.05934143066406,1610.5390625,0.44649264216423035,0.8537103533744812,0.01627589762210846,4.0,4.0,1,1606.54150390625,0.13763290643692017,3.0592035367392296,20.71697235107422,8.230890274047852,0.2638334633744136,1606.54150390625,0.13763290643692017,1606.54150390625,1.3246666428091927,0.0,-1.1870337363722725,0.0,1,3.3337482882126888,3.333672843079737,-0.022428207099437714,3.147733449935913,-0.023338254541158676,0.7693090438842773,0.04075966402888298,-1.1560728029961864,0.0,-25.724088563908282,-25.724088563908282,2.37783660911506,3.531609296798706,-0.07422695308923721,0.014724292053614295,1.0,1603.8491411499265,2.8721705981155283,5,5,6,63.260124571790385,0.7352379562356781,0.2341498273376601,0.1664566500531448,-199.79357754723935,88.0469239253466,3.333748288212706,3.314190099989058,0.019558188223648187,0,0.9431013887462487,nan
GT+smooth-jitter_controlled_forward3x6_SoftMS_local_prior_3frame_causal_heading_continuous_waypoint_RNN_polynomial_Kalman,1,controlled_gt_jitter,8.0,-194.5106158977569,87.9328571279752,2.406376289743089,2.1277957876431595,0,0,6,-196.81485837497158,86.55016732026687,-196.9169921875,85.80506134033203,-1,-196.8148651123047,86.5501708984375,-196.81485837497158,86.55016732026687,0.0,0,0.0,0.0,627,/yh/study/uav-sat/v36_GvsK/v36_training_data/routes/route_C/vi/vi_000627.jpg,-196.9169921875,85.80506134033203,1607.397410785562,2.0292745340712712,5,3.3148733330256626,3.3148733330256626,1,3.3148733330256626,-23.346325412590037,-7.345779681718999e-05,1607.182686187161,2.8492418647368796,-196.77135700157228,86.6400723996224,0.8476161138849473,10.332087254229652,1,0.0,0,0,0.556929780725278,1.0,1608.7012939453125,4.964944362640381,1,1,6,18,1,-25.711248555320594,-197.703857421875,72.16922760009766,-190.0986328125,78.0742416381836,1,-190.0986328125,78.0742416381836,1717.45068359375,-0.41204166412353516,0.7922811508178711,0.1505005657672882,4.0,4.0,1,1713.453125,-0.7186400890350342,13.889779784878812,20.78205680847168,8.243748664855957,0.556929780725278,1713.453125,-0.7186400890350342,1610.9642430841554,0.5803077265401706,102.48888191584456,-1.2989478155752048,0.0,1,3.3336238903158795,3.33354503723445,-0.022928733378648758,3.1666781902313232,-0.023535702377557755,0.7749036550521851,0.04104074090719223,-1.1870694821101737,0.0,-25.75508524302227,-25.75508524302227,2.40875983043223,3.553304672241211,-0.07664484530687332,0.00818193450085559,1.0,1607.1805031842937,2.7493893370771785,5,5,6,59.92876253742318,0.749180676499167,0.21690760126830355,0.14819514279433932,-196.81485837497158,86.55016732026687,3.3336238903159776,3.3148733330256626,0.01875055729031505,0,0.7520732923035098,nan
GT+smooth-jitter_controlled_forward3x6_SoftMS_local_prior_3frame_causal_heading_continuous_waypoint_RNN_polynomial_Kalman,1,controlled_gt_jitter,8.0,-191.61315039249743,86.73146134363762,2.328316892658808,2.2086799715673093,0,0,6,-193.9147697523978,85.06680604392832,-193.94146728515625,84.52278137207031,-1,-193.91476440429688,85.06680297851562,-193.9147697523978,85.06680604392832,0.0,0,0.0,0.0,628,/yh/study/uav-sat/v36_GvsK/v36_training_data/routes/route_C/vi/vi_000628.jpg,-193.94146728515625,84.52278137207031,1610.636694102581,2.1002248938711885,5,3.240060240408048,3.240060240408048,1,3.240060240408048,-23.31326096487106,0.033064447718977666,1610.4378538789322,2.7261267692590136,-193.86207297158663,85.17469174560915,0.6567271824393606,11.104259545035804,1,0.0,0,0,0.5613273309505359,1.0,1611.8359375,5.077001094818115,1,1,6,18,1,-25.726591401352263,-197.703857421875,72.16922760009766,-190.15625,77.95014953613281,1,-190.15625,77.95014953613281,1717.45849609375,-0.2754490077495575,0.7842856049537659,0.12880055606365204,4.0,4.0,1,1713.4609375,-0.5767920613288879,10.874847738972614,20.77645492553711,8.241443634033203,0.5613273309505359,1713.4609375,-0.5767920613288879,1614.231504039046,0.4499366731906296,99.22943346095386,-1.0267287345195175,0.0,1,3.2574337590997477,3.2573506946383923,-0.023262567818164825,3.1645429134368896,-0.024053288623690605,0.774696946144104,0.040624745190143585,-1.2064339221808063,0.0,-25.774449683092904,-25.774449683092904,2.4611887182218437,3.551025390625,-0.07852405309677124,0.008564554070266512,1.0,1610.434783804318,2.6060982310821146,5,5,6,56.674481917398936,0.7628007885962029,0.20191029826310114,0.0755173269711582,-193.9147697523978,85.06680604392832,3.2574337590997255,3.240060240408048,0.017373518691677692,0,0.5446793569115735,nan
GT+smooth-jitter_controlled_forward3x6_SoftMS_local_prior_3frame_causal_heading_continuous_waypoint_RNN_polynomial_Kalman,1,controlled_gt_jitter,8.0,-188.71756445941918,85.5272614030938,2.2478286069870705,2.2869965105156846,0,0,6,-191.37115833906657,83.0328403650279,-190.96539306640625,83.24026489257812,-1,-191.37115478515625,83.0328369140625,-191.37115833906657,83.0328403650279,0.0,0,0.0,0.0,629,/yh/study/uav-sat/v36_GvsK/v36_training_data/routes/route_C/vi/vi_000629.jpg,-190.96539306640625,83.24026489257812,1613.876575340507,2.171188545213501,5,3.2406583089979506,3.2406583089979506,1,3.2406583089979506,-23.31325751417896,3.4506921004316653e-06,1613.6915327714912,2.582400767286572,-190.96271241917313,83.69118512727681,0.45092820263353,8.04684869537143,1,0.0,0,0,0.5535919593608752,1.0,1614.9700927734375,5.185726165771484,1,1,6,18,1,-25.743341799961488,-192.97250366210938,72.13926696777344,-185.37579345703125,78.00211334228516,1,-185.37579345703125,78.00211334228516,1621.1380615234375,-0.2687389850616455,0.798349916934967,0.1376267969608307,4.0,4.0,1,1617.140380859375,-0.5760746598243713,4.266131922801618,20.88083267211914,8.265420913696289,0.5535919593608752,1617.140380859375,-0.5760746598243713,1617.140380859375,0.31897403434112714,0.0,-0.8950486941654985,0.0,1,3.2568351823471744,3.2567489671732472,-0.023697463795542717,3.1800429821014404,-0.024338331073522568,0.779597818851471,0.040754273533821106,-1.2167073804661517,0.0,-25.784723141378247,-25.784723141378247,2.471465627199286,3.568952798843384,-0.07976216077804565,0.06450636096789333,1.0,1613.593786220514,1.8138361914504006,5,5,6,53.51547950120292,0.7760221336635735,0.28278911999314005,0.06061532689651017,-191.37115833906657,83.0328403650279,3.2568351823470905,3.2406583089979506,0.016176873349139864,0,0.45570866913691543,nan
GT+smooth-jitter_controlled_forward3x6_SoftMS_local_prior_3frame_causal_heading_continuous_waypoint_RNN_polynomial_Kalman,1,controlled_gt_jitter,8.0,-185.53012875949693,84.19363995635166,2.1649853762452467,2.3626844509805607,0,0,6,-188.141981708193,81.47880718221272,-187.6951141357422,81.8309555053711,-1,-188.14198303222656,81.47880554199219,-188.141981708193,81.47880718221272,0.0,0,0.0,0.0,630,/yh/study/uav-sat/v36_GvsK/v36_training_data/routes/route_C/vi/vi_000630.jpg,-187.6951141357422,81.8309555053711,1617.4367435401762,2.2491604842733515,5,3.561021936637732,3.561021936637732,1,3.561021936637732,-23.313370280055963,-0.00011276587700190896,1617.1773629877937,1.7897862500000432,-188.12200801717793,81.52101265247536,0.5275442711928741,7.509523753778541,1,0.0,0,0,0.4039130659735576,1.0,1618.42333984375,5.298089981079102,1,1,6,18,1,-25.757825322818206,-183.5098114013672,72.079345703125,-180.530517578125,78.1318588256836,1,-180.530517578125,78.1318588256836,1625.49072265625,1.8637961149215698,0.8349712491035461,0.06818513572216034,4.0,4.0,1,1621.49365234375,1.559971570968628,4.115032247593835,20.52866554260254,8.184563636779785,0.4039130659735576,1621.49365234375,1.559971570968628,1620.5381239192209,1.559971570968628,0.9555284245290308,0.0,0.0,1,3.5836574678211823,3.583576767279691,-0.024049941450357437,3.142765760421753,-0.021938567981123924,0.7623808979988098,0.04172362759709358,-1.2035881878961439,0.0,-25.77160394880824,-25.77160394880824,2.458233668752279,3.52315616607666,-0.07509733736515045,0.041137180384001125,1.0,1617.1767454499463,1.7430971859715054,5,5,6,49.93252027177053,0.791017861457821,0.25999809022982845,0.4182561762159791,-188.141981708193,81.47880718221272,3.583657467821209,3.561021936637732,0.022635531183476942,0,0.5689455763175638,nan
GT+smooth-jitter_controlled_forward3x6_SoftMS_local_prior_3frame_causal_heading_continuous_waypoint_RNN_polynomial_Kalman,1,controlled_gt_jitter,8.0,-182.55954228733194,82.89795706839902,2.0798620095430733,2.435684424356061,0,0,6,-185.09133104094346,80.04899088696163,-184.639404296875,80.46227264404297,-1,-185.09132385253906,80.04898834228516,-185.09133104094346,80.04899088696163,0.0,0,0.0,0.0,631,/yh/study/uav-sat/v36_GvsK/v36_training_data/routes/route_C/vi/vi_000631.jpg,-184.639404296875,80.46227264404297,1620.784876523197,2.27486889244885,5,3.348231681685584,3.348231681685584,1,3.348231681685584,-24.128082715614738,-0.8147124355587774,1620.5457690829571,1.7202084994635651,-185.08747785222488,80.0572410298191,0.6040037413167878,8.130030291495885,1,0.0,0,0,0.6145599054134265,1.0,1621.6636962890625,5.35479736328125,1,1,6,18,1,-25.76264786325906,-188.2716827392578,67.35115051269531,-181.010498046875,72.10633087158203,1,-181.010498046875,72.10633087158203,1706.8026123046875,1.7852152585983276,0.6874991059303284,0.20130467414855957,4.0,4.0,1,1702.8067626953125,1.4916653633117676,12.117978377487198,19.8544979095459,8.052192687988281,0.6145599054134265,1702.8067626953125,1.4916653633117676,1624.485808822844,1.4916653633117676,78.32095387246845,0.0,0.0,1,3.3691013834189203,3.3690236330107903,-0.022888686507940292,2.9533298015594482,-0.018157174810767174,0.7115838527679443,0.039695560932159424,-1.107863620286944,0.0,-25.67587938119904,-25.67587938119904,1.547796665584299,3.3085358142852783,-0.062290459871292114,0.010731757615761445,1.0,1620.5456949177808,1.7111032032028066,5,5,6,46.563570803936074,0.8051178960764745,0.23918160541620637,0.3949018801261359,-185.09133104094346,80.04899088696163,3.369101383418957,3.348231681685584,0.02086970173337299,0,0.6124047621798465,nan
GT+smooth-jitter_controlled_forward3x6_SoftMS_local_prior_3frame_causal_heading_continuous_waypoint_RNN_polynomial_Kalman,1,controlled_gt_jitter,8.0,-179.58983276015175,81.59893330270279,1.9925341832076378,2.5059386127613847,0,0,6,-182.0631510927727,78.57269840725925,-181.58236694335938,79.0929946899414,-1,-182.0631561279297,78.57270050048828,-182.0631510927727,78.57269840725925,0.0,0,0.0,0.0,632,/yh/study/uav-sat/v36_GvsK/v36_training_data/routes/route_C/vi/vi_000632.jpg,-181.58236694335938,79.0929946899414,1624.1344642623776,2.300588027548855,5,3.3496864773256583,3.3496864773256583,1,3.3496864773256583,-24.128090298304695,-7.582689957249312e-06,1623.9145080244882,1.6908168480351793,-182.03593667244874,78.62987900374011,0.6482296182309896,8.806814716366848,1,0.0,0,0,0.5723028438127413,1.0,1624.9046630859375,5.408102035522461,1,1,6,18,1,-25.732278921218477,-178.80899047851562,67.29122924804688,-176.76858520507812,71.62686157226562,1,-176.76858520507812,71.62686157226562,1702.6827392578125,0.6671401858329773,0.6624807119369507,0.09759312868118286,4.0,4.0,1,1698.6864013671875,0.37171319127082825,12.234585776784199,20.041772842407227,8.092979431152344,0.5723028438127413,1698.6864013671875,0.37171319127082825,1627.7383408449732,0.37171319127082825,70.94806052221425,0.0,0.0,1,3.3688741864500105,3.368813106707351,-0.020286355167627335,2.9823808670043945,-0.019620321691036224,0.721523106098175,0.039341770112514496,-1.1078860318451582,0.0,-25.675901792757248,-25.675901792757248,1.547811494452553,3.3425185680389404,-0.06458929181098938,0.010392882614097257,1.0,1623.9135315281321,1.6274978797686137,5,5,6,43.19573419358474,0.8192132730624779,0.22093273424547988,0.36730561032126374,-182.0631510927727,78.57269840725925,3.368874186450017,3.3496864773256583,0.019187709124358854,0,0.7084219223739204,nan
GT+smooth-jitter_controlled_forward3x6_SoftMS_local_prior_3frame_causal_heading_continuous_waypoint_RNN_polynomial_Kalman,1,controlled_gt_jitter,8.0,-176.62124406291568,80.29665731961971,1.9030784468499389,2.5733907180572184,0,0,6,-179.03702409887717,77.09301937757924,-178.52432250976562,77.7232666015625,-1,-179.03701782226562,77.093017578125,-179.03702409887717,77.09301937757924,0.0,0,0.0,0.0,633,/yh/study/uav-sat/v36_GvsK/v36_training_data/routes/route_C/vi/vi_000633.jpg,-178.52432250976562,77.7232666015625,1627.4851550627657,2.326316496642089,5,3.3507895776858105,3.3507895776858105,1,3.3507895776858105,-24.128075518889673,1.4779415023904285e-05,1627.2819878223738,1.607577843571905,-179.00792892832405,77.15406803259495,0.7469017197634589,9.433178196335934,1,0.0,0,0,0.6126914681828395,1.0,1628.14599609375,5.457983016967773,1,1,6,18,1,-25.712546931593135,-178.80899047851562,67.29122924804688,-176.73033142089844,71.36671447753906,1,-176.73033142089844,71.36671447753906,1702.55126953125,0.8948625922203064,0.6398398280143738,0.10876758396625519,4.0,4.0,1,1698.5543212890625,0.5838671922683716,9.407215149284374,20.26312828063965,8.141347885131836,0.6126914681828395,1698.5543212890625,0.5838671922683716,1631.2168893598766,0.5838671922683716,67.33743192918587,0.0,0.0,1,3.3685151942744933,3.3684562942416294,-0.01992003619670868,3.016024112701416,-0.02061050571501255,0.7313544154167175,0.03940499946475029,-1.0974730882903563,0.0,-25.66548884920245,-25.66548884920245,1.5374133303127782,3.381063461303711,-0.06567873805761337,0.012693924690882366,1.0,1627.2809090781507,1.5399590330259805,5,5,6,39.828356643566195,0.8333067287473025,0.20424598461499954,0.3347654649843945,-179.03702409887717,77.09301937757924,3.368515194274473,3.3507895776858105,0.01772561658866234,0,0.8124496801747839,nan
GT+smooth-jitter_controlled_forward3x6_SoftMS_local_prior_3frame_causal_heading_continuous_waypoint_RNN_polynomial_Kalman,1,controlled_gt_jitter,8.0,-173.68761905058736,79.0073935881818,1.8115722335923368,2.63798593437321,0,0,6,-175.95029731605504,75.84185931071532,-175.4991912841797,76.3694076538086,-1,-175.95030212402344,75.84185791015625,-175.95029731605504,75.84185931071532,0.0,0,0.0,0.0,634,/yh/study/uav-sat/v36_GvsK/v36_training_data/routes/route_C/vi/vi_000634.jpg,-175.4991912841797,76.3694076538086,1630.7993143794301,2.3527930182017265,5,3.3142650742552853,3.3142650742552853,1,3.3142650742552853,-24.1102946542936,0.017780864596071158,1630.6115053705678,1.5196592388736014,-176.0163923009067,75.6897847978333,0.8540398808413229,9.857423350035576,1,0.0,0,0,0.672853253964223,1.0,1631.35009765625,5.505160808563232,1,1,6,18,1,-25.696076570739883,-178.8395233154297,62.5330696105957,-172.115478515625,66.78770446777344,1,-172.115478515625,66.78770446777344,1696.5733642578125,3.4501092433929443,0.5815111994743347,0.25955843925476074,4.0,4.0,1,1692.5760498046875,3.1307532787323,12.955036032542193,20.432384490966797,8.177441596984863,0.672853253964223,1692.5760498046875,3.1307532787323,1634.7118518189693,3.1307532787323,57.8641979857181,0.0,0.0,1,3.330658154885602,3.33059629241722,-0.020299794152379036,3.0443806648254395,-0.021257054060697556,0.7398865222930908,0.03962619602680206,-1.098814580132029,0.0,-25.666830341044122,-25.666830341044122,1.556535686750522,3.413668394088745,-0.06691934913396835,0.02055121169989232,1.0,1630.608388165816,1.6854467158595754,5,5,6,36.50087755590087,0.8472331977480634,0.19092621361414785,0.2698844094298458,-175.95029731605504,75.84185931071532,3.330658154885661,3.3142650742552853,0.01639308063037559,0,0.6941209594118203,nan
GT+smooth-jitter_controlled_forward3x6_SoftMS_local_prior_3frame_causal_heading_continuous_waypoint_RNN_polynomial_Kalman,1,controlled_gt_jitter,8.0,-170.7539672830709,77.71431936194648,1.718093874155677,2.699670924446476,0,0,6,-172.98315810409383,74.3263077082294,-172.47206115722656,75.0146484375,-1,-172.983154296875,74.32630920410156,-172.98315810409383,74.3263077082294,0.0,0,0.0,0.0,635,/yh/study/uav-sat/v36_GvsK/v36_training_data/routes/route_C/vi/vi_000635.jpg,-172.47206115722656,75.0146484375,1634.1156659411245,2.379281863552803,5,3.316457347785483,3.316457347785483,1,3.316457347785483,-24.11038431244707,-8.965815347040518e-05,1633.9401111478032,1.6646204282919599,-172.92885973141583,74.43767745458509,0.7359079103441869,10.230317431175314,1,0.0,0,0,0.6356598066127673,1.0,1634.5557861328125,5.548884391784668,1,1,6,18,1,-25.685840358329855,-174.10818481445312,62.50310134887695,-166.80865478515625,67.51476287841797,1,-166.80865478515625,67.51476287841797,1691.9083251953125,0.8179057836532593,0.6491356492042542,0.18606097996234894,4.0,4.0,1,1687.9107666015625,0.496529221534729,12.864540850324863,20.566429138183594,8.205744743347168,0.6356598066127673,1687.9107666015625,0.496529221534729,1637.9381756159883,0.496529221534729,49.97259098557415,0.0,0.0,1,3.3317880729356633,3.3317229819873218,-0.02082628756761551,3.0723185539245605,-0.022196710109710693,0.7497377395629883,0.03963133320212364,-1.1194657638092684,0.0,-25.687481524721363,-25.687481524721363,1.577097212274291,3.4464831352233887,-0.06972870230674744,0.01816979137908053,1.0,1633.937033048359,1.5407573628421678,5,5,6,33.17223267335797,0.8611645459398863,0.17863289276556316,0.2441387938609223,-172.98315810409383,74.3263077082294,3.331788072935531,3.316457347785483,0.015330725150048075,0,0.8573406841331135,nan
GT+smooth-jitter_controlled_forward3x6_SoftMS_local_prior_3frame_causal_heading_continuous_waypoint_RNN_polynomial_Kalman,1,controlled_gt_jitter,8.0,-167.82269669703606,76.41850427368328,1.6227226144873599,2.7583938000504693,0,0,6,-170.0139549756403,72.81814541290264,-169.44541931152344,73.66011047363281,-1,-170.0139617919922,72.81814575195312,-170.0139549756403,72.81814541290264,0.0,0,0.0,0.0,636,/yh/study/uav-sat/v36_GvsK/v36_training_data/routes/route_C/vi/vi_000636.jpg,-169.44541931152344,73.66011047363281,1637.4314814356494,2.4057689167558514,5,3.315921283402048,3.315921283402048,1,3.315921283402048,-24.110341295942156,4.301650491429181e-05,1637.267236500072,1.5191773428764,-169.96341586584688,72.92207213625059,0.9016767811898431,10.477134457853387,1,0.0,0,0,0.6449818210637942,1.0,1637.7603759765625,5.589125156402588,1,1,6,18,1,-25.68641473455037,-174.10818481445312,62.50310134887695,-166.9547882080078,67.51487731933594,1,-166.9547882080078,67.51487731933594,1692.044189453125,0.8716712594032288,0.6321865320205688,0.23708021640777588,4.0,4.0,1,1688.046630859375,0.5507000684738159,9.675766728365325,20.64250373840332,8.221420288085938,0.6449818210637942,1688.046630859375,0.5507000684738159,1641.2909365079975,0.5507000684738159,46.755694351377635,0.0,0.0,1,3.3302733712210073,3.3302034517131247,-0.02158001996576786,3.0873031616210938,-0.022682493552565575,0.753978431224823,0.03965087980031967,-1.1253582960722854,0.0,-25.69337405698438,-25.69337405698438,1.5830327610422223,3.4635679721832275,-0.0708950087428093,0.019316021607590866,1.0,1637.2644827220047,1.403646471889853,5,5,6,29.84478299971218,0.8750908918344097,0.1669987136447162,0.2286181217809542,-170.0139549756403,72.81814541290264,3.330273371220971,3.315921283402048,0.014352087818922943,0,1.0159419101814688,nan
GT+smooth-jitter_controlled_forward3x6_SoftMS_local_prior_3frame_causal_heading_continuous_waypoint_RNN_polynomial_Kalman,1,controlled_gt_jitter,8.0,-163.3434799180928,74.42538645540533,1.5255386365947015,2.814104106772517,0,0,6,-165.732059600983,70.18356113122337,-164.8690185546875,71.61128234863281,-1,-165.7320556640625,70.18356323242188,-165.732059600983,70.18356113122337,0.0,0,0.0,0.0,637,/yh/study/uav-sat/v36_GvsK/v36_training_data/routes/route_C/vi/vi_000637.jpg,-164.8690185546875,71.61128234863281,1642.4454208239758,2.44516921052296,5,5.014094192669256,5.014094192669256,1,5.014094192669256,-24.117786130148517,-0.00744483420635935,1642.291924427418,1.3814600920101399,-165.450880374971,70.7076922564672,1.074727050261368,6.956539342532822,1,0.0,0,0,0.5745632873809711,1.0,1642.662841796875,5.6387858390808105,1,1,6,18,1,-25.688850444041424,-164.64549255371094,62.44316864013672,-161.69894409179688,68.26455688476562,1,-161.69894409179688,68.26455688476562,1646.719970703125,0.7194602489471436,0.7602202296257019,0.23846060037612915,4.0,4.0,1,1642.72216796875,0.39069560170173645,2.073029375451198,20.732196807861328,8.241507530212402,0.5745632873809711,1642.72216796875,0.39069560170173645,1642.72216796875,0.39069560170173645,0.0,0.0,0.0,1,5.027490660039285,5.027441705413408,-0.02218637987971306,3.1026229858398438,-0.0231626033782959,0.7598581314086914,0.03969097137451172,-1.1205677721431677,0.0,-25.68858353305526,-25.68858353305526,1.5707974029067453,3.481821060180664,-0.07142249494791031,0.00557364154402016,1.0,1642.2541204777197,0.787872646912745,5,5,6,24.855145243997214,0.895973978910021,0.19130034625618464,1.911471206829412,-165.732059600983,70.18356113122337,5.02749066003936,5.014094192669256,0.013396467370104581,0,1.6683008488375055,nan
GT+smooth-jitter_controlled_forward3x6_SoftMS_local_prior_3frame_causal_heading_continuous_waypoint_RNN_polynomial_Kalman,1,controlled_gt_jitter,8.0,-158.86842086308107,72.4303056698221,1.4266230822314345,2.8667528133767908,0,0,6,-161.13793995957423,68.1433354754917,-160.2950439453125,69.56355285644531,-1,-161.137939453125,68.1433334350586,-161.13793995957423,68.1433354754917,0.0,0,0.0,0.0,638,/yh/study/uav-sat/v36_GvsK/v36_training_data/routes/route_C/vi/vi_000638.jpg,-160.2950439453125,69.56355285644531,1647.456696925938,2.484559949052112,5,5.011430913459913,5.011430913459913,1,5.011430913459913,-24.117656103374998,0.00013002677352005147,1647.2808430339603,0.7651493446676049,-161.16986228163455,68.07291866381843,1.7283799980888712,7.334811927828549,1,0.0,0,0,0.5896818803584949,1.0,1647.562255859375,5.684932708740234,1,1,6,18,1,-25.688757062548863,-155.2133331298828,57.62506866455078,-157.04278564453125,62.45018768310547,1,-157.04278564453125,62.45018768310547,1680.9632568359375,1.925604224205017,0.7327318787574768,0.1264757513999939,4.0,4.0,1,1676.9654541015625,1.6017206907272339,10.019628444240158,20.788333892822266,8.251434326171875,0.5896818803584949,1676.9654541015625,1.6017206907272339,1651.1524682049462,1.6017206907272339,25.81298589661633,0.0,0.0,1,5.026773916328734,5.026722556240596,-0.022723302245140076,3.1224303245544434,-0.02344413846731186,0.7652719020843506,0.039946600794792175,-1.1562376880316187,0.0,-25.724253448943713,-25.724253448943713,1.6065973455687164,3.5042827129364014,-0.07419811189174652,0.025684340455351482,1.0,1647.2805979548568,0.8424636508999267,5,5,6,19.828667766860036,0.9170112509481418,0.1760989710812737,1.8890005889054695,-161.13793995957423,68.1433354754917,5.026773916328811,5.011430913459913,0.015343002868898559,0,1.6515117619990032,nan
GT+smooth-jitter_controlled_forward3x6_SoftMS_local_prior_3frame_causal_heading_continuous_waypoint_RNN_polynomial_Kalman,1,controlled_gt_jitter,8.0,-156.14914638870133,71.23811542608296,1.3260580790721166,2.916292305965769,0,0,6,-158.35190528574097,66.76708734931002,-157.47520446777344,68.32182312011719,-1,-158.35189819335938,66.76708984375,-158.35190528574097,66.76708734931002,0.0,0,0.0,0.0,639,/yh/study/uav-sat/v36_GvsK/v36_training_data/routes/route_C/vi/vi_000639.jpg,-157.47520446777344,68.32182312011719,1650.5375295786223,2.5276596395900177,5,3.0811341121686486,3.0811341121686486,1,3.0811341121686486,-23.7665216304717,0.35113447290329475,1650.387930184471,0.8193438883600631,-158.32153222712842,66.83036342962066,1.714853546117222,7.549080573771526,1,0.0,0,0,0.609410716775693,1.0,1650.531005859375,5.731274604797363,1,1,6,18,1,-25.701180749762294,-155.2133331298828,57.62506866455078,-152.46807861328125,62.112640380859375,1,-152.46807861328125,62.112640380859375,1676.5863037109375,0.5529189109802246,0.6968612670898438,0.19356359541416168,4.0,4.0,1,1672.5885009765625,0.23038145899772644,11.39719362661789,20.793624877929688,8.251440048217773,0.609410716775693,1672.5885009765625,0.23038145899772644,1654.3138096556042,0.23038145899772644,18.274691320958254,0.0,0.0,1,3.107418238444805,3.107332229614258,-0.023119762539863586,3.1266748905181885,-0.023219585418701172,0.7653378844261169,0.040227606892585754,-1.1604536222968092,0.0,-25.728469383208907,-25.728469383208907,1.9619477527372042,3.508561134338379,-0.07417760789394379,0.035202004610402196,1.0,1650.3866153451688,0.7491679934489748,5,5,6,16.722650376548046,0.9300108382520411,0.1509142334534772,0.045540778349539845,-158.35190528574097,66.76708734931002,3.107418238444861,3.0811341121686486,0.02628412627621257,0,1.7848830889591352,nan
GT+smooth-jitter_controlled_forward3x6_SoftMS_local_prior_3frame_causal_heading_continuous_waypoint_RNN_polynomial_Kalman,1,controlled_gt_jitter,8.0,-153.16601158549707,69.9258950760951,1.2239267689951276,2.9626763871302577,0,0,6,-155.33101167211487,65.24367676978346,-154.3899383544922,66.96321868896484,-1,-155.3310089111328,65.2436752319336,-155.33101167211487,65.24367676978346,0.0,0,0.0,0.0,640,/yh/study/uav-sat/v36_GvsK/v36_training_data/routes/route_C/vi/vi_000640.jpg,-154.3899383544922,66.96321868896484,1653.9083527168996,2.5748227667449815,5,3.3711530653633,3.3711530653633,1,3.3711530653633,-23.766409829657327,0.00011180081437335333,1653.7698151550414,0.7259933275806925,-155.2846275481662,65.33936703382851,1.8540126620835393,7.669865149508252,1,0.0,0,0,0.6003904329574481,1.0,1653.7896728515625,5.778159141540527,1,1,6,18,1,-25.710731808821205,-155.2133331298828,57.62506866455078,-152.28939819335938,62.32061767578125,1,-152.28939819335938,62.32061767578125,1676.4969482421875,0.29371941089630127,0.7132617831230164,0.15684323012828827,4.0,4.0,1,1672.4991455078125,-0.02849993109703064,8.331242434234028,20.835786819458008,8.261126518249512,0.6003904329574481,1672.4991455078125,-0.02849993109703064,1657.6708888456744,-0.02849993109703064,14.828256662138076,0.0,0.0,1,3.3832791813063188,3.3831998098726963,-0.023174665868282318,3.1374104022979736,-0.023475520312786102,0.7696373462677002,0.04032555967569351,-1.1631202775591702,0.0,-25.731136038471263,-25.731136038471263,1.964726208813936,3.5214362144470215,-0.07480937987565994,0.03903844514040757,1.0,1653.767415706339,0.6196807872412785,5,5,6,13.341850015377787,0.9441604723104879,0.14093701056049213,0.23374266306532654,-155.33101167211487,65.24367676978346,3.3832791813062655,3.3711530653633,0.01212611594296531,0,1.9602151414993578,nan
GT+smooth-jitter_controlled_forward3x6_SoftMS_local_prior_3frame_causal_heading_continuous_waypoint_RNN_polynomial_Kalman,1,controlled_gt_jitter,8.0,-150.4532798015652,68.72889037058555,1.1203133380832384,3.0058602802535086,0,0,6,-152.5274603182934,63.85472963371622,-151.57359313964844,65.72303009033203,-1,-152.5274658203125,63.85472869873047,-152.5274603182934,63.85472963371622,0.0,0,0.0,0.0,641,/yh/study/uav-sat/v36_GvsK/v36_training_data/routes/route_C/vi/vi_000641.jpg,-151.57359313964844,65.72303009033203,1656.985366684567,2.6178712525788117,5,3.0773150845098893,3.0773150845098893,1,3.0773150845098893,-23.766480351819332,-7.052216200211111e-05,1656.8960782925512,0.5963406514285191,-152.49529628078665,63.9216357115377,2.023501516761445,7.2038950459671565,1,0.0,0,0,0.6136550741231814,1.0,1656.7545166015625,5.817402362823486,1,1,6,18,1,-25.71787330520698,-155.2133331298828,57.62506866455078,-147.45513916015625,60.1225700378418,1,-147.45513916015625,60.1225700378418,1671.19287109375,0.5548137426376343,0.6891442537307739,0.15138475596904755,4.0,4.0,1,1667.19482421875,0.22378459572792053,10.321007483217647,20.95138168334961,8.286506652832031,0.6136550741231814,1667.19482421875,0.22378459572792053,1660.83362974639,0.22378459572792053,6.361194472360014,0.0,0.0,1,3.1287496448746914,3.128662586212158,-0.0233401358127594,3.152691602706909,-0.02408137172460556,0.7747586965560913,0.04024139791727066,-1.1670643916397354,0.0,-25.735080152551834,-25.735080152551834,1.968599800732502,3.5392560958862305,-0.07606298476457596,0.06316497231686036,1.0,1656.8946438701844,0.5221187477162953,5,5,6,10.214621851532485,0.9572488328785644,0.09072281438261598,0.07537651819701985,-152.5274603182934,63.85472963371622,3.128749644874698,3.0773150845098893,0.05143456036480876,0,2.0977152310756986,nan
GT+smooth-jitter_controlled_forward3x6_SoftMS_local_prior_3frame_causal_heading_continuous_waypoint_RNN_polynomial_Kalman,1,controlled_gt_jitter,8.0,-148.5186630165114,67.76184983344532,1.0153030479417366,3.045800639109393,0,0,6,-150.3819699995436,62.86111288748851,-149.53396606445312,64.71604919433594,-1,-150.38197326660156,62.861114501953125,-150.3819699995436,62.86111288748851,0.0,0,0.0,0.0,642,/yh/study/uav-sat/v36_GvsK/v36_training_data/routes/route_C/vi/vi_000642.jpg,-149.53396606445312,64.71604919433594,1659.2590185845127,2.550076203760785,5,2.2746624212772497,2.2746624212772497,1,2.2746624212772497,-26.275937537341804,-2.5094571855224728,1659.2590185845127,0.5006281325440365,-150.38607157408595,62.85214104287903,2.0494480712167613,6.596792590814321,1,0.0,0,0,0.62514644134406,1.0,1658.916015625,5.742271423339844,1,1,6,18,1,-25.72389571778593,-155.2133331298828,57.62506866455078,-147.6435546875,59.88861846923828,1,-147.6435546875,59.88861846923828,1671.28173828125,0.8417469263076782,0.6682508587837219,0.18068620562553406,4.0,4.0,1,1667.2838134765625,0.519593358039856,7.9422406166450426,20.925010681152344,8.278475761413574,0.62514644134406,1667.2838134765625,0.519593358039856,1663.2281712982087,0.519593358039856,4.055642178353675,0.0,0.0,1,2.843328026596562,2.843246809597967,-0.021490615172258833,3.1612792015075684,-0.02391260303556919,0.7761702537536621,0.040556684136390686,-1.203782421400666,0.0,-25.77179818231276,-25.77179818231276,0.5041393550290434,3.548504590988159,-0.07819999754428864,0.08082581650074731,1.0,1659.2590185845127,0.5104930658647993,5,5,6,7.850247137204207,0.9671444296044266,0.0,0.8866167802303186,-150.3819699995436,62.86111288748851,2.3644032960206447,2.2746624212772497,0.08974087474339498,0,2.0395831378960025,nan
GT+smooth-jitter_controlled_forward3x6_SoftMS_local_prior_3frame_causal_heading_continuous_waypoint_RNN_polynomial_Kalman,1,controlled_gt_jitter,8.0,-146.77032376234948,66.88283245495944,0.908982267923973,3.082455562869594,0,0,6,-148.43624209130206,62.144643795268635,-147.67930603027344,63.800376892089844,-1,-148.43624877929688,62.14464569091797,-148.43624209130206,62.144643795268635,0.0,0,0.0,0.0,643,/yh/study/uav-sat/v36_GvsK/v36_training_data/routes/route_C/vi/vi_000643.jpg,-147.67930603027344,63.800376892089844,1661.326485152297,2.488419098916789,5,2.068385749197683,2.068385749197683,1,2.068385749197683,-26.276215154156915,-0.00027761681511013266,1661.326485152297,0.49094313085773683,-148.50980293412127,61.983735723429234,1.9974759680590448,6.609304064631753,1,0.0,0,0,0.3482233436739818,1.0,1660.87158203125,5.669745445251465,1,1,6,18,1,-25.740661591042493,-145.7506561279297,57.56512451171875,-141.97679138183594,60.28377151489258,1,-141.97679138183594,60.28377151489258,1667.1092529296875,1.661130428314209,0.8040286898612976,0.03910188376903534,4.0,4.0,1,1663.1112060546875,1.328898310661316,2.128313218919182,21.00402069091797,8.296649932861328,0.3482233436739818,1663.1112060546875,1.328898310661316,1663.1112060546875,1.328898310661316,0.0,0.0,0.0,0,2.585482186497104,2.5854082727366414,-0.01954993500706244,3.1654856204986572,-0.02432084083557129,0.7787909507751465,0.04038696363568306,-1.189237960449947,0.0,-25.75725372136204,-25.75725372136204,0.5189614327948725,3.554029703140259,-0.07790669798851013,0.014862825149827093,1.0,1661.326485152297,0.6678685535062265,5,5,6,5.782780569419884,0.9757973792722665,0.0,1.097099871300974,-148.43624209130206,62.144643795268635,2.073447624854883,2.068385749197683,0.005061875657200066,0,1.820550545410558,nan
GT+smooth-jitter_controlled_forward3x6_SoftMS_local_prior_3frame_causal_heading_continuous_waypoint_RNN_polynomial_Kalman,1,controlled_gt_jitter,8.0,-145.02252084273812,66.00016495718447,0.8014385078478174,3.1157846166082894,0,0,6,-146.62251574189278,61.2790400462137,-145.82395935058594,62.88438034057617,-1,-146.6225128173828,61.2790412902832,-146.62251574189278,61.2790400462137,0.0,0,0.0,0.0,644,/yh/study/uav-sat/v36_GvsK/v36_training_data/routes/route_C/vi/vi_000644.jpg,-145.82395935058594,62.88438034057617,1663.3947110165811,2.426752588402612,5,2.069144988687929,2.069144988687929,1,2.069144988687929,-26.275848736158053,0.00036641799885849793,1663.3947110165811,0.6481383188122554,-146.5634594335178,61.266786959242594,1.7786142695903566,6.664387580133712,1,0.0,0,0,0.34169147628907115,1.0,1662.828125,5.593676567077637,1,1,6,18,1,-25.74646885266259,-150.48199462890625,57.595096588134766,-142.0148468017578,59.47932815551758,1,-142.0148468017578,59.47932815551758,1667.1092529296875,0.9136921763420105,0.7740622162818909,0.029896512627601624,4.0,4.0,1,1663.1112060546875,0.5832350850105286,1.865189494054481,20.983173370361328,8.292786598205566,0.34169147628907115,1663.1112060546875,0.5832350850105286,1663.1112060546875,0.5832350850105286,0.0,0.0,0.0,0,2.5864312358599113,2.5863559800752003,-0.019730234693971175,3.1621928215026855,-0.024753587320446968,0.7808399200439453,0.04002794623374939,-1.1898128702789916,0.0,-25.757828631191085,-25.757828631191085,0.5180201049669694,3.551748514175415,-0.07850738614797592,0.00031311211149439314,1.0,1663.3359066686273,0.634728085371883,5,5,6,3.7733590530895356,0.9842073934960587,0.058804347953810066,1.0930478328147566,-146.62251574189278,61.2790400462137,2.0096947830253895,2.069144988687929,0.0,0,1.7929890604241834,nan
GT+smooth-jitter_controlled_forward3x6_SoftMS_local_prior_3frame_causal_heading_continuous_waypoint_RNN_polynomial_Kalman,1,controlled_gt_jitter,8.0,-145.11418535000038,65.46613383661435,0.6927604507808752,3.145748857366293,0,0,6,-146.30081646927226,61.44481356373152,-145.80694580078125,62.32038497924805,-1,-146.30081176757812,61.4448127746582,-146.30081646927226,61.44481356373152,0.0,0,0.0,0.0,645,/yh/study/uav-sat/v36_GvsK/v36_training_data/routes/route_C/vi/vi_000645.jpg,-145.80694580078125,62.32038497924805,1663.6446784376424,1.9208904363448334,5,0.564251919337984,0.564251919337984,1,0.564251919337984,-88.27213282673073,-12.000000000000002,1663.6446784376424,0.6292703158065519,-146.3439667853676,61.14569736209477,1.2916201205382833,6.934154816446262,1,0.0,0,0,0.2882611023223773,1.0,1662.966796875,5.069880485534668,1,1,6,18,1,-25.750444769811477,-136.2879638671875,57.50517272949219,-141.0471954345703,61.10205078125,1,-141.0471954345703,61.10205078125,1667.1092529296875,2.791830539703369,0.8715850114822388,0.02997937798500061,4.0,4.0,1,1663.112060546875,2.4515650272369385,0.7518625798535306,20.182199478149414,8.127795219421387,0.2882611023223773,1663.112060546875,2.4515650272369385,1663.112060546875,2.4515650272369385,0.0,0.0,0.0,0,0.70531489917248,0.7052937825800377,-0.0054577695653310635,2.9878368377685547,-0.02292913943529129,0.7380520105361938,0.03729782998561859,-1.1758263504060982,0.0,-25.74384211131819,-25.74384211131819,62.52829071541253,3.3560681343078613,-0.07316416501998901,0.010073304649984429,1.0,1663.5595577946863,0.9192477770056457,5,5,6,3.549707927030596,0.9851434385896525,0.08512064295609889,2.4235849184305707,-146.30081646927226,61.44481356373152,0.3618995456128718,0.564251919337984,0.0,0,1.0052529735670377,nan
GT+smooth-jitter_controlled_forward3x6_SoftMS_local_prior_3frame_causal_heading_continuous_waypoint_RNN_polynomial_Kalman,1,controlled_gt_jitter,8.0,-145.20686374793115,64.92823890536081,0.5830379854672945,3.172310865810027,0,0,6,-146.00509659478038,61.56361650512725,-145.78990173339844,61.75592803955078,-1,-146.00509643554688,61.56361770629883,-146.00509659478038,61.56361650512725,0.0,0,0.0,0.0,646,/yh/study/uav-sat/v36_GvsK/v36_training_data/routes/route_C/vi/vi_000646.jpg,-145.78990173339844,61.75592803955078,1663.8948655253741,1.4146211817602645,5,0.5647142082552488,0.5647142082552488,1,0.5647142082552488,-88.27045001416765,0.0016828125630816571,1663.8948655253741,0.9138097990973746,-145.99812566668442,61.30045593874586,0.5008113826629038,7.2660513266052105,1,0.0,0,0,0.26536093074444683,1.0,1663.106201171875,4.542149066925049,1,1,6,18,1,-25.74813381799449,-136.2879638671875,57.50517272949219,-141.11679077148438,61.158512115478516,1,-141.11679077148438,61.158512115478516,1667.1092529296875,2.814244508743286,0.8836451172828674,0.023472532629966736,4.0,4.0,1,1663.116455078125,2.511040449142456,1.3446404851385532,18.840396881103516,7.8285908699035645,0.26536093074444683,1663.116455078125,2.511040449142456,1663.116455078125,2.511040449142456,0.0,0.0,0.0,0,0.705892760319061,0.7058718137644628,-0.005437977908271173,2.776444435119629,-0.015559383668005466,0.6551138162612915,0.03746187314391136,-0.9516824870130226,0.0,-25.519698247925117,-25.519698247925117,62.75075176624252,3.103625774383545,-0.04838395118713379,0.007574885904154705,1.0,1663.7791105855126,1.1502476798067596,5,5,6,3.3301551362042403,0.9860623309567925,0.11575493986151741,2.21173022686438,-146.00509659478038,61.56361650512725,0.31869167396367604,0.5647142082552488,0.0,0,0.2886044951790042,nan
GT+smooth-jitter_controlled_forward3x6_SoftMS_local_prior_3frame_causal_heading_continuous_waypoint_RNN_polynomial_Kalman,1,controlled_gt_jitter,8.0,-145.30054120441483,64.38776037553427,0.4723622379679771,3.195434783493256,0,0,6,-146.20866560991655,61.23232369540443,-145.7729034423828,61.192325592041016,-1,-146.2086639404297,61.232322692871094,-146.20866560991655,61.23232369540443,0.0,0,0.0,0.0,647,/yh/study/uav-sat/v36_GvsK/v36_training_data/routes/route_C/vi/vi_000647.jpg,-145.7729034423828,61.192325592041016,1664.1446557060283,0.9091100281887362,5,0.5638587240935888,0.5638587240935888,1,0.5638587240935888,-88.27247877634437,-0.002028762176728479,1664.1446557060283,1.1455954292091872,-145.67457915889048,61.40740157901196,0.23648540102045698,6.378798111801242,1,0.0,0,0,0.49648355114821346,1.0,1663.2457275390625,4.01165246963501,1,1,6,18,1,-25.668181331117612,-145.7506561279297,57.56512451171875,-141.190673828125,58.6467399597168,1,-141.190673828125,58.6467399597168,1667.1092529296875,0.49914857745170593,0.8555656671524048,0.1097441017627716,4.0,4.0,1,1663.1153564453125,0.19211521744728088,1.2544076397807908,18.981121063232422,7.854925155639648,0.49648355114821346,1663.1153564453125,0.19211521744728088,1663.1153564453125,0.19211521744728088,0.0,0.0,0.0,0,0.704823405116986,0.7048080511494462,-0.004652250597572251,2.782365560531616,-0.015531102195382118,0.6541663408279419,0.037715375423431396,-0.8751457884122398,0.0,-25.443161549324333,-25.443161549324333,62.829317227020034,3.1091368198394775,-0.04416622221469879,0.011634521621786298,1.0,1663.7317136694385,0.7643088218976264,5,5,6,3.3775520522783893,0.9858639610602288,0.4129420365898113,2.2185068364380274,-146.20866560991655,61.23232369540443,0.3888383593442764,0.5638587240935888,0.0,0,0.4375940069589304,nan
GT+smooth-jitter_controlled_forward3x6_SoftMS_local_prior_3frame_causal_heading_continuous_waypoint_RNN_polynomial_Kalman,1,controlled_gt_jitter,8.0,-146.1813344320959,64.42596282054637,0.36082560208379266,3.215086355702617,0,0,6,-145.87471397645962,61.32264348958605,-146.5421600341797,61.21087646484375,-1,-145.8747100830078,61.3226432800293,-145.87471397645962,61.32264348958605,0.0,0,0.0,0.0,648,/yh/study/uav-sat/v36_GvsK/v36_training_data/routes/route_C/vi/vi_000648.jpg,-146.5421600341797,61.21087646484375,1664.1446557060283,0.6061452125009509,5,0.7694802394504274,0.7694802394504274,1,0.7694802394504274,178.61856139957186,-12.000000000000002,1664.1446557060283,0.7584883311179352,-145.83552790198584,61.05533992604666,0.7235472238560512,6.707858732610774,1,0.0,0,0,0.2816273959315196,1.0,1662.4287109375,3.6801860332489014,1,1,6,18,1,-25.589424447510602,-136.2879638671875,57.50517272949219,-140.57559204101562,60.7736701965332,1,-140.57559204101562,60.7736701965332,1667.1092529296875,2.6892588138580322,0.8146634697914124,0.01480315625667572,4.0,4.0,1,1663.116455078125,2.3537380695343018,1.77680622834557,18.456287384033203,7.759292125701904,0.2816273959315196,1663.116455078125,2.3537380695343018,1663.116455078125,2.3537380695343018,0.0,0.0,0.0,0,0.9618502993130342,0.9618326882445081,-0.0058204907796911304,2.6351892948150635,-0.01733783818781376,0.618764340877533,0.03300391882658005,-0.8838955809041434,0.0,-25.45191134181624,-25.45191134181624,155.92952725861193,2.9442083835601807,-0.046259552240371704,0.009800930559918932,1.0,1663.9978795631748,0.9852999432601958,5,5,6,3.1113861585420466,0.9869779428375808,0.14677614285346863,1.865709055364636,-145.87471397645962,61.32264348958605,0.34594993670987145,0.7694802394504274,0.0,0,0.6767393204076511,nan
GT+smooth-jitter_controlled_forward3x6_SoftMS_local_prior_3frame_causal_heading_continuous_waypoint_RNN_polynomial_Kalman,1,controlled_gt_jitter,8.0,-147.0628338226883,64.46065650278994,0.24852176813200877,3.231232979840729,0,0,6,-146.35864269983773,60.684881828514,-147.3113555908203,61.22942352294922,-1,-146.358642578125,60.68488311767578,-146.35864269983773,60.684881828514,0.0,0,0.0,0.0,649,/yh/study/uav-sat/v36_GvsK/v36_training_data/routes/route_C/vi/vi_000649.jpg,-147.3113555908203,61.22942352294922,1664.1446557060283,0.30320230424678685,5,0.7694191300715421,0.7694191300715421,1,0.7694191300715421,178.61873580955285,0.00017440998098010204,1664.1446557060283,0.9792100482937454,-145.74375773520651,61.256079341514415,1.5678244702734925,6.322664655295555,1,0.0,0,0,0.6906669663226978,1.0,1661.6126708984375,3.3452351093292236,1,1,6,18,1,-25.54129487919387,-150.54306030273438,48.07878112792969,-143.7919464111328,54.040279388427734,1,-143.7919464111328,54.040279388427734,1667.1092529296875,-4.771821022033691,0.5491226315498352,0.4271135926246643,4.0,4.0,1,1663.114990234375,-5.098390579223633,5.415291185221753,19.0228271484375,7.876721382141113,0.6906669663226978,1663.114990234375,-5.098390579223633,1663.114990234375,-1.5103904461387059,0.0,-3.5880001330849267,0.0,0,0.9617739125894276,0.9617546319705841,-0.006089894966450417,2.788564682006836,-0.017323290929198265,0.6770949959754944,0.03677147999405861,-0.9972398487770077,0.0,-25.565255609689103,-25.565255609689103,155.81600858075808,3.126657247543335,-0.05336271971464157,0.039059525540906234,1.0,1663.8229258905094,0.20407132239138515,5,5,6,3.2863398312074708,0.9862457107679711,0.3217298155188928,2.019145551935294,-146.35864269983773,60.684881828514,0.8005791314066015,0.7694191300715421,0.031160001335059473,0,1.0973547783751465,nan
GT+smooth-jitter_controlled_forward3x6_SoftMS_local_prior_3frame_causal_heading_continuous_waypoint_RNN_polynomial_Kalman,1,controlled_gt_jitter,8.0,-147.94537160874881,64.49182578441965,0.13554574964962823,3.243843759273155,0,0,6,-146.66597624248237,60.0052673249271,-148.08091735839844,61.247982025146484,-1,-146.6659698486328,60.00526809692383,-146.66597624248237,60.0052673249271,0.0,0,0.0,0.0,650,/yh/study/uav-sat/v36_GvsK/v36_training_data/routes/route_C/vi/vi_000650.jpg,-148.08091735839844,61.247982025146484,1664.1446557060283,0.00011754335160364265,5,0.7697855104649437,0.7697855104649437,1,0.7697855104649437,178.6185413104746,-0.00019449907824280722,1664.1446557060283,0.19804256939485596,-146.0685462097545,60.54563224503921,2.1314156923301733,5.980507338373169,1,0.0,0,0,0.6362997220790759,1.0,1660.7969970703125,3.0066471099853516,1,1,6,18,1,-25.549681177555883,-150.54306030273438,48.07878112792969,-143.43911743164062,54.774085998535156,1,-143.43911743164062,54.774085998535156,1667.1092529296875,-3.957750082015991,0.6479721665382385,0.373024046421051,4.0,4.0,1,1663.114501953125,-4.295681953430176,4.432434043037871,18.9852237701416,7.870429992675781,0.6362997220790759,1663.114501953125,-4.295681953430176,1663.114501953125,-2.2018519720356196,0.0,-2.0938299813945562,0.0,0,0.9622318880811797,0.9622130016672913,-0.006028752996529194,2.763415575027466,-0.01974039524793625,0.6686809062957764,0.03445819392800331,-0.9916857310430237,0.0,-25.559701491955117,-25.559701491955117,155.82175719757032,3.0972485542297363,-0.05612476170063019,0.040796676029257316,1.0,1663.8259812338817,-0.5417975969215642,5,5,6,3.283284487835118,0.9862584982697526,0.3186744721465402,1.993630064562522,-146.66597624248237,60.0052673249271,0.7458751771712078,0.7697855104649437,0.0,0,1.8831883038217825,nan
GT+smooth-jitter_controlled_forward3x6_SoftMS_local_prior_3frame_causal_heading_continuous_waypoint_RNN_polynomial_Kalman,1,controlled_gt_jitter,8.0,-148.08616038927542,64.55652420609348,0.021993907599591446,3.2528895625387957,0,0,6,-146.59180824923257,60.0275753381571,-148.108154296875,61.30363464355469,-1,-146.59181213378906,60.0275764465332,-146.59180824923257,60.0275753381571,0.0,0,0.0,0.0,651,/yh/study/uav-sat/v36_GvsK/v36_training_data/routes/route_C/vi/vi_000651.jpg,-148.108154296875,61.30363464355469,1664.1446557060283,0.03940745017601188,5,0.0619601868401405,0.0619601868401405,1,0.0619601868401405,116.07758026220378,-12.000000000000002,1663.9034297038074,-0.5423202661736194,-146.5957566223397,59.97259097837494,2.014701954273858,6.392250447976543,1,0.0,0,0,0.43781524169806396,1.0,1660.64208984375,3.0069520473480225,1,1,6,18,1,-25.553188266251276,-150.54306030273438,48.07878112792969,-147.6637420654297,55.30641174316406,1,-147.6637420654297,55.30641174316406,1669.6112060546875,5.108665943145752,0.7947339415550232,0.07289379835128784,4.0,4.0,1,1665.6153564453125,4.746487140655518,5.950810543835064,19.222713470458984,7.9230732917785645,0.43781524169806396,1665.6153564453125,4.746487140655518,1665.6153564453125,1.5300748826281865,0.0,3.216412258027331,0.0,1,0.07745023355017562,0.07744846992568481,-0.0005226692520551866,2.7735369205474854,-0.02275715582072735,0.6629157662391663,0.03241855651140213,-0.9620237135815393,0.0,-25.530039474493634,-25.530039474493634,141.60761973669742,3.10444712638855,-0.05867886170744896,0.019050466030716657,1.0,1663.8841596029206,-0.4906721037410789,5,5,6,3.225106118796276,0.9865019916867174,0.2604961031076982,2.7115767337073446,-146.59180824923257,60.0275753381571,0.07745023355014877,0.0619601868401405,0.015490046710008268,0,1.9818255945195054,nan
GT+smooth-jitter_controlled_forward3x6_SoftMS_local_prior_3frame_causal_heading_continuous_waypoint_RNN_polynomial_Kalman,1,controlled_gt_jitter,8.0,-148.22741200490043,64.61763797915359,-0.09203602833792797,3.258343087796158,0,0,6,-146.51481204404263,60.03595099463668,-148.1353759765625,61.35929489135742,-1,-146.5148162841797,60.03594970703125,-146.51481204404263,60.03595099463668,0.0,0,0.0,0.0,652,/yh/study/uav-sat/v36_GvsK/v36_training_data/routes/route_C/vi/vi_000652.jpg,-148.1353759765625,61.35929489135742,1664.1446557060283,0.07871063988826757,5,0.06196033433149507,0.06196033433149507,1,0.06196033433149507,116.06180530307334,-0.01577495913044221,1663.9616078128186,-0.4912569273854047,-146.52161470770525,59.994842572265036,2.1132807584276017,7.102899043204958,1,0.0,0,0,0.2668635146654025,1.0,1660.4881591796875,3.0038044452667236,1,1,6,18,1,-25.54508616779176,-150.54306030273438,48.07878112792969,-147.3853759765625,55.66343307495117,1,-147.3853759765625,55.66343307495117,1669.484130859375,4.67417049407959,0.8201461434364319,0.010103791952133179,4.0,4.0,1,1665.4879150390625,4.30950927734375,5.53012969596707,19.336315155029297,7.947645664215088,0.2668635146654025,1665.4879150390625,4.30950927734375,1665.4879150390625,1.2990678718125093,0.0,3.0104414055312407,0.0,1,0.07745041791436882,0.07744820989806944,-0.0005848236443258285,2.789824962615967,-0.02377389930188656,0.66304612159729,0.03206393122673035,-0.936900997153763,0.0,-25.504916758065857,-25.504916758065857,141.56672206113922,3.1208040714263916,-0.05877893045544624,0.005565731304000632,1.0,1663.9507028412525,-0.45104175340921937,5,5,6,3.158562880464416,0.9867804945176665,0.19395286477583795,2.727864628284472,-146.51481204404263,60.03595099463668,0.07745041791440295,0.06196033433149507,0.015490083582907876,0,2.0922395963111664,nan
GT+smooth-jitter_controlled_forward3x6_SoftMS_local_prior_3frame_causal_heading_continuous_waypoint_RNN_polynomial_Kalman,1,controlled_gt_jitter,8.0,-148.36905785683902,64.67514170090617,-0.2064449417999543,3.2601789323514745,0,0,6,-146.43830891347955,60.04813556596516,-148.16261291503906,61.41496276855469,-1,-146.4383087158203,60.048133850097656,-146.43830891347955,60.04813556596516,0.0,0,0.0,0.0,653,/yh/study/uav-sat/v36_GvsK/v36_training_data/routes/route_C/vi/vi_000653.jpg,-148.16261291503906,61.41496276855469,1664.1446557060283,0.11801442409835766,5,0.06197389264219166,0.06197389264219166,1,0.06197389264219166,116.07137900851644,0.009573705443100256,1664.0281676741545,-0.45166819405020353,-146.44462068764966,60.00317346800442,2.2236560710952165,7.840391283306632,1,0.0,0,0,0.256562571409978,1.0,1660.33544921875,2.9972097873687744,1,1,6,18,1,-25.531026863715528,-145.7506561279297,57.56512451171875,-147.26788330078125,55.7615852355957,1,-147.26788330078125,55.7615852355957,1669.4111328125,4.539618015289307,0.8227906823158264,0.006565213203430176,4.0,4.0,1,1665.414794921875,4.1789984703063965,5.384736657520783,19.459190368652344,7.972063064575195,0.256562571409978,1665.414794921875,4.1789984703063965,1665.414794921875,1.32166004877626,0.0,2.857338421530136,0.0,1,0.07746736580273955,0.07746483290202584,-0.0006264406409841807,2.819662570953369,-0.023359106853604317,0.6726809740066528,0.03304063156247139,-0.9541727312957269,0.0,-25.52218849220782,-25.52218849220782,141.59356750072428,3.155451536178589,-0.05939377099275589,0.004793973164692835,1.0,1664.0152139992388,-0.4081523227802386,5,5,6,3.094051722478099,0.987050492500593,0.12944170678952105,2.7576886783111774,-146.43830891347955,60.04813556596516,0.07746736580271059,0.06197389264219166,0.015493473160518932,0,2.2003274509792567,nan
GT+smooth-jitter_controlled_forward3x6_SoftMS_local_prior_3frame_causal_heading_continuous_waypoint_RNN_polynomial_Kalman,1,controlled_gt_jitter,8.0,-148.4442249668713,64.73438685068226,-0.3211323155041294,3.258373667088506,0,0,6,-146.34748263553547,60.04430716726689,-148.1230926513672,61.47601318359375,-1,-146.3474884033203,60.044307708740234,-146.34748263553547,60.04430716726689,0.0,0,0.0,0.0,654,/yh/study/uav-sat/v36_GvsK/v36_training_data/routes/route_C/vi/vi_000654.jpg,-148.1230926513672,61.47601318359375,1664.1446557060283,0.18996930928386715,5,0.07272554171084814,0.07272554171084814,1,0.07272554171084814,57.083476861103584,-12.000000000000002,1664.106117873119,-0.4088973833946389,-146.35594449369225,60.009662565629,2.2963006654137286,6.048268690013516,1,0.0,0,0,0.6063779370820895,1.0,1660.242431640625,3.019838809967041,1,1,6,18,1,-25.52793342835174,-155.2133331298828,57.62506866455078,-147.72764587402344,59.451236724853516,1,-147.72764587402344,59.451236724853516,1671.1986083984375,1.2793234586715698,0.7023754119873047,0.2388625144958496,4.0,4.0,1,1667.2020263671875,0.9257591962814331,5.179197927871982,19.644790649414062,8.010557174682617,0.6063779370820895,1667.2020263671875,0.9257591962814331,1667.2020263671875,0.925759196281433,0.0,0.0,0.0,1,0.09090692713856016,0.09090387388035978,-0.00074506061440027,2.863635778427124,-0.023128513246774673,0.6868826746940613,0.03422733396291733,-0.9907883082191075,0.0,-25.558804069131202,-25.558804069131202,82.64228093023479,3.206493616104126,-0.06146962195634842,0.07726761271499054,1.0,1664.0994093696283,-0.373871001237347,5,5,6,3.0098563520885193,0.9874028746448068,0.045246336399941356,2.7909102367162757,-146.34748263553547,60.04430716726689,0.09090692713851466,0.07272554171084814,0.01818138542766652,0,2.2809149579737573,nan
GT+smooth-jitter_controlled_forward3x6_SoftMS_local_prior_3frame_causal_heading_continuous_waypoint_RNN_polynomial_Kalman,1,controlled_gt_jitter,8.0,-148.51952283246086,64.79000003180501,-0.43599622113275077,3.252905915594071,0,0,6,-146.2876089780131,60.06645111685485,-148.08352661132812,61.53709411621094,-1,-146.28761291503906,60.06645202636719,-146.2876089780131,60.06645111685485,0.0,0,0.0,0.0,655,/yh/study/uav-sat/v36_GvsK/v36_training_data/routes/route_C/vi/vi_000655.jpg,-148.08352661132812,61.53709411621094,1664.1446557060283,0.2619709818257836,5,0.0727760390084408,0.0727760390084408,1,0.0727760390084408,57.06627946202089,-0.017197399082697087,1664.1446557060283,-0.37461054165777485,-146.30664000578156,60.02482236620464,2.3333006353313985,5.264275448487625,1,0.0,0,0,0.6103770153558628,1.0,1660.15087890625,3.0391104221343994,1,1,6,18,1,-25.538738147288466,-155.2133331298828,57.62506866455078,-147.9095001220703,58.98049545288086,1,-147.9095001220703,58.98049545288086,1671.194091796875,1.7839502096176147,0.6951043605804443,0.24115318059921265,4.0,4.0,1,1667.197509765625,1.4338536262512207,5.2526309410907706,19.685104370117188,8.018457412719727,0.6103770153558628,1667.197509765625,1.4338536262512207,1667.197509765625,1.4338536262512207,0.0,0.0,0.0,1,0.09097004876055101,0.09096704266636121,-0.0007395404204278285,2.8754169940948486,-0.022749003022909164,0.6891996264457703,0.03478756546974182,-0.9816178187630134,0.0,-25.549633579675103,-25.549633579675103,82.615913041696,3.219452381134033,-0.060518551617860794,0.11019544803890749,1.0,1664.1446557060283,-0.32883791994325917,5,5,6,2.964610015688578,0.9875922437391483,0.0,2.802640955086408,-146.2876089780131,60.06645111685485,0.06383736655328745,0.0727760390084408,0.0,0,2.3212304877385335,nan
GT+smooth-jitter_controlled_forward3x6_SoftMS_local_prior_3frame_causal_heading_continuous_waypoint_RNN_polynomial_Kalman,1,controlled_gt_jitter,8.0,-148.59100289379734,64.84796252295341,-0.5509333137192197,3.243756437748334,0,0,6,-146.2705205932212,60.103830501624515,-148.04006958007812,61.60420608520508,-1,-146.27052307128906,60.10383224487305,-146.2705205932212,60.103830501624515,0.0,0,0.0,0.0,656,/yh/study/uav-sat/v36_GvsK/v36_training_data/routes/route_C/vi/vi_000656.jpg,-148.04006958007812,61.60420608520508,1664.1446557060283,0.3410754607856517,5,0.07995329853942218,0.07995329853942218,1,0.07995329853942218,57.07572117252241,0.009441710501517714,1664.1446557060283,-0.32963832644463037,-146.28794176555692,60.06572317247639,2.331712150154259,4.912959906942085,1,0.0,0,0,0.5881402807271854,1.0,1660.061767578125,3.062105894088745,1,1,6,18,1,-25.54255152727945,-155.2133331298828,57.62506866455078,-147.63278198242188,59.332557678222656,1,-147.63278198242188,59.332557678222656,1671.066650390625,1.3546724319458008,0.7355347871780396,0.18254253268241882,4.0,4.0,1,1667.0694580078125,0.9969334602355957,5.199497406732335,19.967334747314453,8.078492164611816,0.5881402807271854,1667.0694580078125,0.9969334602355957,1667.0694580078125,0.9969334602355957,0.0,0.0,0.0,1,0.09994162317427772,0.09993841799899521,-0.0008004065013712155,2.931401491165161,-0.023643098771572113,0.7089620232582092,0.03547840565443039,-1.0165684303544975,0.0,-25.584584191266593,-25.584584191266593,82.660305363789,3.2852604389190674,-0.06419956684112549,0.09507862345502743,1.0,1664.1446557060283,-0.2877376608132281,5,5,6,2.964610015688578,0.9875922437391483,0.0,2.851448192625739,-146.2705205932212,60.103830501624515,0.04110025913002628,0.07995329853942218,0.0,0,2.3200065751396295,nan
GT+smooth-jitter_controlled_forward3x6_SoftMS_local_prior_3frame_causal_heading_continuous_waypoint_RNN_polynomial_Kalman,1,controlled_gt_jitter,8.0,-148.8828493289513,64.86107713231922,-0.6658388309044126,3.2309082175243,0,0,6,-146.23520495409218,60.18108045119337,-148.21701049804688,61.63016891479492,-1,-146.23519897460938,60.18107986450195,-146.23520495409218,60.18108045119337,0.0,0,0.0,0.0,657,/yh/study/uav-sat/v36_GvsK/v36_training_data/routes/route_C/vi/vi_000657.jpg,-148.21701049804688,61.63016891479492,1664.1446557060283,0.29112054716225455,5,0.17883555846624904,0.17883555846624904,1,0.17883555846624904,171.65246461653487,12.000000000000002,1664.1446557060283,-0.28953499111040504,-146.27126787492614,60.10219588660849,2.4739878597709355,4.7073388543806285,1,0.0,0,0,0.591446335796155,1.0,1659.7908935546875,2.9526913166046143,1,1,6,18,1,-25.557263007699717,-155.2133331298828,57.62506866455078,-147.67140197753906,59.4086799621582,1,-147.67140197753906,59.4086799621582,1671.130615234375,1.29814875125885,0.729523777961731,0.20108772814273834,4.0,4.0,1,1667.1334228515625,0.9493910074234009,5.385594951931725,20.03662872314453,8.091869354248047,0.591446335796155,1667.1334228515625,0.9493910074234009,1667.1334228515625,0.9493910074234009,0.0,0.0,0.0,1,0.2235444480828113,0.22353722256584374,-0.0017973302971769332,2.952199697494507,-0.023471415042877197,0.7136511206626892,0.036050405353307724,-1.0410325671358964,0.0,-25.60904832804799,-25.60904832804799,162.73848705541718,3.308380126953125,-0.06556516140699387,0.1010831632548133,1.0,1664.1446557060283,-0.20279798177285635,5,5,6,2.964610015688578,0.9875922437391483,0.0,2.7733641390282577,-146.23520495409218,60.18108045119337,0.08493967904036753,0.17883555846624904,0.0,0,2.4550785301885294,nan
GT+smooth-jitter_controlled_forward3x6_SoftMS_local_prior_3frame_causal_heading_continuous_waypoint_RNN_polynomial_Kalman,1,controlled_gt_jitter,8.0,-149.1747563776908,64.87050881668009,-0.7806065974173866,3.2143465547171886,0,0,6,-146.1998212211723,60.25847935012405,-148.39414978027344,61.65616226196289,-1,-146.19981384277344,60.258480072021484,-146.1998212211723,60.25847935012405,0.0,0,0.0,0.0,658,/yh/study/uav-sat/v36_GvsK/v36_training_data/routes/route_C/vi/vi_000658.jpg,-148.39414978027344,61.65616226196289,1664.1446557060283,0.24111091377505783,5,0.17903625164959278,0.17903625164959278,1,0.17903625164959278,171.65201776297715,-0.00044685355770713025,1664.1446557060283,-0.20458616971262567,-146.23594843465025,60.17945415086203,2.615052560397362,4.605374524336362,1,0.0,0,0,0.5872497098482028,1.0,1659.521484375,2.83990216255188,1,1,6,18,1,-25.5753878751577,-155.2133331298828,57.62506866455078,-147.65478515625,59.33220672607422,1,-147.65478515625,59.33220672607422,1671.0870361328125,1.363110065460205,0.7371540069580078,0.177326962351799,4.0,4.0,1,1667.08984375,1.0187947750091553,5.576472841170892,20.107742309570312,8.106367111206055,0.5872497098482028,1667.08984375,1.0187947750091553,1667.08984375,1.0187947750091553,0.0,0.0,0.0,1,0.22379531456199095,0.22378817038394264,-0.001788187939769315,2.9709112644195557,-0.02347605489194393,0.7197913527488708,0.03650319203734398,-1.0519390985799375,0.0,-25.619954859492033,-25.619954859492033,162.72802737753085,3.3301496505737305,-0.06637309491634369,0.0992837168730934,1.0,1664.1446557060283,-0.11769452643156057,5,5,6,2.964610015688578,0.9875922437391483,0.0,2.791875012769963,-146.1998212211723,60.25847935012405,0.08510345534129288,0.17903625164959278,0.0,0,2.6016524263116274,nan
GT+smooth-jitter_controlled_forward3x6_SoftMS_local_prior_3frame_causal_heading_continuous_waypoint_RNN_polynomial_Kalman,1,controlled_gt_jitter,8.0,-149.4662502509377,64.87618806655156,-0.8951290351173739,3.1940591603015696,0,0,6,-146.18019930644743,60.301400615612195,-148.5711212158203,61.68212890625,-1,-146.18020629882812,60.30139923095703,-146.18019930644743,60.301400615612195,0.0,0,0.0,0.0,659,/yh/study/uav-sat/v36_GvsK/v36_training_data/routes/route_C/vi/vi_000659.jpg,-148.5711212158203,61.68212890625,1664.1446557060283,0.19114678110806324,5,0.17886630653942348,0.17886630653942348,1,0.17886630653942348,171.65267480597487,0.0006570429977176308,1664.1446557060283,-0.1194700553253174,-146.20055943843875,60.25686456279438,2.7660335480807974,4.560800508601145,1,0.0,0,0,0.5850381987131015,1.0,1659.2540283203125,2.723871946334839,1,1,6,18,1,-25.590986319674716,-155.2133331298828,57.62506866455078,-147.55783081054688,59.79658508300781,1,-147.55783081054688,59.79658508300781,1671.1680908203125,0.8956963419914246,0.7411749362945557,0.19266052544116974,4.0,4.0,1,1667.1705322265625,0.5439803600311279,5.66276980925872,20.29203987121582,8.146306991577148,0.5850381987131015,1667.1705322265625,0.5439803600311279,1667.1705322265625,0.5439803600311279,0.0,0.0,0.0,1,0.22358288317427932,0.22357583309846096,-0.0017755288937568285,3.0062692165374756,-0.023900970816612244,0.7316919565200806,0.03703746199607849,-1.067718222944842,0.0,-25.635733983856934,-25.635733983856934,162.71159121016822,3.371429204940796,-0.06821770966053009,0.093973960826771,1.0,1664.1446557060283,-0.07050072844312263,5,5,6,2.964610015688578,0.9875922437391483,0.0,2.827402909998052,-146.18019930644743,60.301400615612195,0.047193797988442025,0.17886630653942348,0.0,0,2.760963271991651,nan
GT+smooth-jitter_controlled_forward3x6_SoftMS_local_prior_3frame_causal_heading_continuous_waypoint_RNN_polynomial_Kalman,1,controlled_gt_jitter,8.0,-149.73360137813722,64.80764001485743,-1.0092971789184764,3.1700362550918,0,0,6,-146.15342175272121,60.359974231323044,-148.72430419921875,61.637603759765625,-1,-146.15342712402344,60.3599739074707,-146.15342175272121,60.359974231323044,0.0,0,0.0,0.0,660,/yh/study/uav-sat/v36_GvsK/v36_training_data/routes/route_C/vi/vi_000660.jpg,-148.72430419921875,61.637603759765625,1664.1446557060283,0.08696319597038583,5,0.15952277289559955,0.15952277289559955,1,0.15952277289559955,-163.79262729844166,12.000000000000002,1664.1446557060283,-0.07208522300445197,-146.180858096765,60.299959567961224,2.873744953880769,4.507150270709354,1,0.0,0,0,0.601802639845647,1.0,1659.0394287109375,2.5503721237182617,1,1,6,18,1,-25.60664805016326,-155.2133331298828,57.62506866455078,-147.7562255859375,59.41518783569336,1,-147.7562255859375,59.41518783569336,1671.2119140625,1.3233692646026611,0.7106941342353821,0.20631685853004456,4.0,4.0,1,1667.214599609375,0.9872637987136841,5.798234189356138,20.280813217163086,8.140573501586914,0.601802639845647,1667.214599609375,0.9872637987136841,1667.214599609375,0.9872637987136841,0.0,0.0,0.0,1,0.1994034661194994,0.1993971706856832,-0.0015844945613293397,3.0227622985839844,-0.022775836288928986,0.7350560426712036,0.03823265805840492,-1.093536551450902,0.0,-25.661552312362996,-25.661552312362996,138.13107498607866,3.3896028995513916,-0.06836135685443878,0.10785232916791523,1.0,1664.1446557060283,-0.006096490686572989,5,5,6,2.964610015688578,0.9875922437391483,0.0,2.863239525688385,-146.15342175272121,60.359974231323044,0.064404237756554,0.15952277289559955,0.0,0,2.8708489625296494,nan
GT+smooth-jitter_controlled_forward3x6_SoftMS_local_prior_3frame_causal_heading_continuous_waypoint_RNN_polynomial_Kalman,1,controlled_gt_jitter,8.0,-150.0005031403054,64.73534546994443,-1.1230006988991548,3.142270671360454,0,0,6,-146.12731126440593,60.41708869832182,-148.87750244140625,61.593074798583984,-1,-146.12730407714844,60.41708755493164,-146.12731126440593,60.41708869832182,0.0,0,0.0,0.0,661,/yh/study/uav-sat/v36_GvsK/v36_training_data/routes/route_C/vi/vi_000661.jpg,-148.87750244140625,61.593074798583984,1664.1446557060283,-0.01723020270872338,5,0.15953849000556564,0.15953849000556564,1,0.15953849000556564,-163.79284129204768,-0.0002139936060483586,1664.1446557060283,-0.007635716689298241,-146.15406172158694,60.35857435399328,2.9901706810923936,4.479485970220107,1,0.0,0,0,0.6015657531059161,1.0,1658.82666015625,2.3736519813537598,1,1,6,18,1,-25.62586457394968,-155.2133331298828,57.62506866455078,-147.73922729492188,59.380775451660156,1,-147.73922729492188,59.380775451660156,1671.1834716796875,1.3490915298461914,0.711124837398529,0.23729974031448364,4.0,4.0,1,1667.18603515625,1.0129278898239136,5.9670075389176445,20.39720344543457,8.165887832641602,0.6015657531059161,1667.18603515625,1.0129278898239136,1667.18603515625,1.0129278898239136,0.0,0.0,0.0,1,0.19942311250695705,0.19941717224270075,-0.0015392260027252518,3.0427160263061523,-0.023059580475091934,0.739333987236023,0.03849583864212036,-1.1042122438453374,0.0,-25.672228004757432,-25.672228004757432,138.12061328729027,3.4116759300231934,-0.06957080215215683,0.1057289033170008,1.0,1664.1446557060283,0.056703349604764614,5,5,6,2.964610015688578,0.9875922437391483,0.0,2.883177536300587,-146.12731126440593,60.41708869832182,0.06279984029133175,0.15953849000556564,0.0,0,2.991069176408364,nan
GT+smooth-jitter_controlled_forward3x6_SoftMS_local_prior_3frame_causal_heading_continuous_waypoint_RNN_polynomial_Kalman,1,controlled_gt_jitter,8.0,-150.26681335368357,64.65930379445155,-1.2361279288788773,3.1107579570492,0,0,6,-146.0558802312167,60.57333799318412,-149.0306854248047,61.548545837402344,-1,-146.05587768554688,60.57333755493164,-146.0558802312167,60.57333799318412,0.0,0,0.0,0.0,662,/yh/study/uav-sat/v36_GvsK/v36_training_data/routes/route_C/vi/vi_000662.jpg,-149.0306854248047,61.548545837402344,1664.1446557060283,-0.12141725719280352,5,0.15952383767563402,0.15952383767563402,1,0.15952383767563402,-163.7913116345519,0.0015296574957799774,1664.1446557060283,0.055179706210494,-146.12794475444122,60.41570299288123,3.115964747837315,4.943066676823259,1,0.0,0,0,0.5614977152979747,1.0,1658.6160888671875,2.193769931793213,1,1,6,18,1,-25.64209182275716,-150.54306030273438,48.07878112792969,-147.80804443359375,54.55005645751953,1,-147.80804443359375,54.55005645751953,1669.466552734375,5.8649468421936035,0.7621928453445435,0.1152077466249466,4.0,4.0,1,1665.4688720703125,5.521213054656982,7.177049144824282,20.56916046142578,8.203577041625977,0.5614977152979747,1665.4688720703125,5.521213054656982,1665.4688720703125,2.331650936452152,0.0,3.18956211820483,0.0,1,0.19940479709454254,0.19939897596307454,-0.0015236433942706154,3.0719122886657715,-0.023858144879341125,0.7508731484413147,0.038592658936977386,-1.1265896511135918,0.0,-25.694605412025687,-25.694605412025687,138.09670622252622,3.4465928077697754,-0.07234074920415878,0.03178006480017687,1.0,1664.1446557060283,0.22850624436340253,5,5,6,2.964610015688578,0.9875922437391483,0.0,2.9123884509901377,-146.0558802312167,60.57333799318412,0.17180289475863966,0.15952383767563402,0.01227905708300564,0,3.1305744327875162,nan
GT+smooth-jitter_controlled_forward3x6_SoftMS_local_prior_3frame_causal_heading_continuous_waypoint_RNN_polynomial_Kalman,1,controlled_gt_jitter,8.0,-150.41550620934157,64.58810787134767,-1.3485659017243936,3.0754964821875186,0,0,6,-146.03322625992945,60.62289162388807,-149.0669403076172,61.512611389160156,-1,-146.03323364257812,60.62289047241211,-146.03322625992945,60.62289162388807,0.0,0,0.0,0.0,663,/yh/study/uav-sat/v36_GvsK/v36_training_data/routes/route_C/vi/vi_000663.jpg,-149.0669403076172,61.512611389160156,1664.1446557060283,-0.16917230781686785,5,0.051046068391390934,0.051046068391390934,1,0.051046068391390934,-135.25432328631808,12.000000000000002,1664.1446557060283,0.22801426399437358,-146.0560847834515,60.572890552610694,3.1540967388531826,5.483558323892586,1,0.0,0,0,0.46223175394896426,1.0,1658.510498046875,2.067196846008301,1,1,6,18,1,-25.660471541648544,-150.54306030273438,48.07878112792969,-147.55274963378906,55.059303283691406,1,-147.55274963378906,55.059303283691406,1669.4169921875,5.297452926635742,0.8157951235771179,0.08729386329650879,4.0,4.0,1,1665.419189453125,4.958117485046387,6.7587061517593305,20.587867736816406,8.207198143005371,0.46223175394896426,1665.419189453125,4.958117485046387,1665.419189453125,2.3406966580101645,0.0,2.617420827036222,0.0,1,0.06380758548923866,0.06380568878464514,-0.0004919803690289596,3.077531576156616,-0.02374093607068062,0.7502981424331665,0.03881906718015671,-1.1224308129609946,0.0,-25.69044657387309,-25.69044657387309,109.563876712445,3.4519331455230713,-0.07196464389562607,0.02058697130207929,1.0,1664.1446557060283,0.2829926163386695,5,5,6,2.964610015688578,0.9875922437391483,0.0,3.026485507765225,-146.03322625992945,60.62289162388807,0.05448637197526573,0.051046068391390934,0.0034403035838747945,0,3.161490500357977,nan
GT+smooth-jitter_controlled_forward3x6_SoftMS_local_prior_3frame_causal_heading_continuous_waypoint_RNN_polynomial_Kalman,1,controlled_gt_jitter,8.0,-150.5669813974839,64.50961681957803,-1.4602003916245097,3.0364875471170962,0,0,6,-146.00839383246588,60.67721044174167,-149.10678100585938,61.47312927246094,-1,-146.00839233398438,60.67721176147461,-146.00839383246588,60.67721044174167,0.0,0,0.0,0.0,664,/yh/study/uav-sat/v36_GvsK/v36_training_data/routes/route_C/vi/vi_000664.jpg,-149.10678100585938,61.47312927246094,1664.1446557060283,-0.2216447364392636,5,0.05609027344803883,0.05609027344803883,1,0.05609027344803883,-135.259005799171,-0.004682512852905149,1664.1446557060283,0.2824518778237782,-146.03345108449284,60.62239983932429,3.1889022208233104,6.115535682987289,1,0.0,0,0,0.38018668461207306,1.0,1658.4053955078125,1.9328324794769287,1,1,6,18,1,-25.670962818935394,-150.54306030273438,48.07878112792969,-147.42774963378906,55.178348541259766,1,-147.42774963378906,55.178348541259766,1669.3447265625,5.140710830688477,0.8304243087768555,0.05769425630569458,4.0,4.0,1,1665.346923828125,4.797837734222412,6.642819947538208,20.65770149230957,8.222732543945312,0.38018668461207306,1665.346923828125,4.797837734222412,1665.346923828125,2.2597599074336987,0.0,2.5380778267887134,0.0,1,0.07011284181004852,0.07011075658227775,-0.0005407385148913196,3.0893771648406982,-0.024038294330239296,0.7549185156822205,0.03887946158647537,-1.1299577881480543,0.0,-25.69797354906015,-25.69797354906015,109.56103225011084,3.466071605682373,-0.07296440005302429,0.012282280587394277,1.0,1664.1446557060283,0.3427185188161166,5,5,6,2.964610015688578,0.9875922437391483,0.0,3.0332868913926596,-146.00839383246588,60.67721044174167,0.05972590247744796,0.05609027344803883,0.0036356290294091292,0,3.198982629109265,nan
GT+smooth-jitter_controlled_forward3x6_SoftMS_local_prior_3frame_causal_heading_continuous_waypoint_RNN_polynomial_Kalman,1,controlled_gt_jitter,8.0,-150.71393659343335,64.43096083389985,-1.5709159635505223,2.993735492102974,0,0,6,-145.98587586400953,60.726466577848704,-149.1430206298828,61.437225341796875,-1,-145.98587036132812,60.72646713256836,-145.98587586400953,60.726466577848704,0.0,0,0.0,0.0,665,/yh/study/uav-sat/v36_GvsK/v36_training_data/routes/route_C/vi/vi_000665.jpg,-149.1430206298828,61.437225341796875,1664.1446557060283,-0.2693656880969588,5,0.051013748994657465,0.051013748994657465,1,0.051013748994657465,-135.26660280289016,-0.007597003719176661,1664.1446557060283,0.3422243163962322,-146.0085993085698,60.676760980283326,3.2253531689775827,6.5083341671203865,1,0.0,0,0,0.4525463195479289,1.0,1658.304443359375,1.8001972436904907,1,1,6,18,1,-25.680416547798632,-150.54306030273438,48.07878112792969,-147.5122528076172,55.20787048339844,1,-147.5122528076172,55.20787048339844,1669.43408203125,5.144420146942139,0.8167774081230164,0.08363579213619232,4.0,4.0,1,1665.436279296875,4.806286811828613,6.7557475513652685,20.701343536376953,8.23069953918457,0.4525463195479289,1665.436279296875,4.806286811828613,1665.436279296875,2.438925743650315,0.0,2.367361068178299,0.0,1,0.06376718624332184,0.06376527115412177,-0.0004942024198843897,3.1023366451263428,-0.024058975279331207,0.7572360038757324,0.03914207965135574,-1.1521814094382776,0.0,-25.72019717035037,-25.72019717035037,109.5464056325398,3.4801604747772217,-0.07448207587003708,0.01955112937960151,1.0,1664.1446557060283,0.3968777825444545,5,5,6,2.964610015688578,0.9875922437391483,0.0,3.051322896131685,-145.98587586400953,60.726466577848704,0.054159263728340915,0.051013748994657465,0.0031455147336834494,0,3.2361614751446197,nan
GT+smooth-jitter_controlled_forward3x6_SoftMS_local_prior_3frame_causal_heading_continuous_waypoint_RNN_polynomial_Kalman,1,controlled_gt_jitter,8.0,-150.80999056134536,64.41044742337549,-1.680596030095356,2.947247807896975,0,0,6,-145.9733981426384,60.753760529492446,-149.12939453125,61.463199615478516,-1,-145.97340393066406,60.753761291503906,-145.9733981426384,60.753760529492446,0.0,0,0.0,0.0,666,/yh/study/uav-sat/v36_GvsK/v36_training_data/routes/route_C/vi/vi_000666.jpg,-149.12939453125,61.463199615478516,1664.1446557060283,-0.2400775421779691,5,0.029331441444973405,0.029331441444973405,1,0.029331441444973405,62.31850572723845,-12.000000000000002,1664.1446557060283,0.39659353367650296,-145.9859940470608,60.726208062500376,3.228641069112815,7.23470665044681,1,0.0,0,0,0.28632966149214656,1.0,1658.2255859375,1.7416043281555176,1,1,6,18,1,-25.69433978169999,-150.54306030273438,48.07878112792969,-147.4430389404297,55.31580352783203,1,-147.4430389404297,55.31580352783203,1669.4095458984375,5.018573760986328,0.8197271227836609,0.01779806613922119,4.0,4.0,1,1665.41162109375,4.674709796905518,6.618128101412211,20.774799346923828,8.24749755859375,0.28632966149214656,1665.41162109375,4.674709796905518,1665.41162109375,2.2190374751385447,0.0,2.4556723217669725,0.0,1,0.03666430180621675,0.03666319993560869,-0.0002842488679515445,3.1128175258636475,-0.024432498961687088,0.762324333190918,0.0391271635890007,-1.1550396301625163,0.0,-25.72305539107461,-25.72305539107461,88.04156111831307,3.493171453475952,-0.07529914379119873,0.0063815337729330604,1.0,1664.1446557060283,0.42688866935152503,5,5,6,2.964610015688578,0.9875922437391483,0.0,3.083486084418674,-145.9733981426384,60.753760529492446,0.030010886807069672,0.029331441444973405,0.0006794453620962669,0,3.2347514621148696,nan
GT+smooth-jitter_controlled_forward3x6_SoftMS_local_prior_3frame_causal_heading_continuous_waypoint_RNN_polynomial_Kalman,1,controlled_gt_jitter,8.0,-150.9049066072645,64.38620913596571,-1.7891229158582496,2.89703524680556,0,0,6,-145.9603483513738,60.78230583525319,-149.11578369140625,61.489173889160156,-1,-145.96034240722656,60.78230667114258,-145.9603483513738,60.78230583525319,0.0,0,0.0,0.0,667,/yh/study/uav-sat/v36_GvsK/v36_training_data/routes/route_C/vi/vi_000667.jpg,-149.11578369140625,61.489173889160156,1664.1446557060283,-0.2107957404539848,5,0.0293243559953323,0.0293243559953323,1,0.0293243559953323,62.344906962068634,0.026401234830177523,1664.1446557060283,0.4266025475240566,-145.97351710441598,60.753500310746716,3.227236421102604,7.309198073772831,1,0.0,0,0,0.4794293316042796,1.0,1658.1492919921875,1.6800968647003174,1,1,6,18,1,-25.70439019162026,-150.54306030273438,48.07878112792969,-147.63021850585938,54.88795471191406,1,-147.63021850585938,54.88795471191406,1669.42578125,5.485291957855225,0.7990273237228394,0.09048397839069366,4.0,4.0,1,1665.4278564453125,5.143343925476074,6.959987746285918,20.780288696289062,8.248388290405273,0.4794293316042796,1665.4278564453125,5.143343925476074,1665.4278564453125,2.567660944671118,0.0,2.575682980804957,0.0,1,0.03665544499416537,0.03665432828493968,-0.0002861218274684575,3.1162803173065186,-0.02432408556342125,0.7625884413719177,0.03929493948817253,-1.1567121727355232,0.0,-25.724727933647618,-25.724727933647618,88.06963489571625,3.496767282485962,-0.07528142631053925,0.020230900938554647,1.0,1664.1446557060283,0.45827547442983513,5,5,6,2.964610015688578,0.9875922437391483,0.0,3.0869559613111863,-145.9603483513738,60.78230583525319,0.031386805078309515,0.0293243559953323,0.0020624490829772163,0,3.2336410794582555,nan
GT+smooth-jitter_controlled_forward3x6_SoftMS_local_prior_3frame_causal_heading_continuous_waypoint_RNN_polynomial_Kalman,1,controlled_gt_jitter,8.0,-150.9985507810801,64.35826391134022,-1.8963779295175847,2.8431119338011563,0,0,6,-145.9470937818304,60.81129907603936,-149.1021728515625,61.51515197753906,-1,-145.9470977783203,60.81129837036133,-145.9470937818304,60.81129907603936,0.0,0,0.0,0.0,668,/yh/study/uav-sat/v36_GvsK/v36_training_data/routes/route_C/vi/vi_000668.jpg,-149.1021728515625,61.51515197753906,1664.1446557060283,-0.18151046938357301,5,0.029327734946198565,0.029327734946198565,1,0.029327734946198565,62.348366042246894,0.0034590801782599773,1664.1446557060283,0.4579893289607187,-145.96046732298095,60.78204559500613,3.2261057943642237,7.156301211424247,1,0.0,0,0,0.5377960639036075,1.0,1658.0758056640625,1.6157467365264893,1,1,6,18,1,-25.711508422674175,-150.54306030273438,48.07878112792969,-147.7537078857422,54.523948669433594,1,-147.7537078857422,54.523948669433594,1669.4063720703125,5.869184970855713,0.7877690196037292,0.11135384440422058,4.0,4.0,1,1665.408447265625,5.531787395477295,7.227045017692746,20.784608840942383,8.24846363067627,0.5377960639036075,1665.408447265625,5.531787395477295,1665.408447265625,2.695352834401671,0.0,2.836434561075624,0.0,1,0.036659668682748205,0.03665855191765454,-0.0002861454691164427,3.119370222091675,-0.024301579222083092,0.7619174718856812,0.0393681600689888,-1.1615149696608058,0.0,-25.7295307305729,-25.7295307305729,88.0778967728198,3.499516248703003,-0.07557127624750137,0.02491566926038756,1.0,1664.1446557060283,0.49015480354864976,5,5,6,2.964610015688578,0.9875922437391483,0.0,3.0900424871454764,-145.9470937818304,60.81129907603936,0.03187932911881172,0.029327734946198565,0.002551594172613157,0,3.2326355877536055,nan
GT+smooth-jitter_controlled_forward3x6_SoftMS_local_prior_3frame_causal_heading_continuous_waypoint_RNN_polynomial_Kalman,1,controlled_gt_jitter,8.0,-151.11121971519123,64.30806704092575,-2.002241443706846,2.785495477205042,0,0,6,-145.9424961586481,60.821355984755385,-149.10897827148438,61.5225715637207,-1,-145.94248962402344,60.82135772705078,-145.9424961586481,60.821355984755385,0.0,0,0.0,0.0,669,/yh/study/uav-sat/v36_GvsK/v36_training_data/routes/route_C/vi/vi_000669.jpg,-149.10897827148438,61.5225715637207,1664.1446557060283,-0.17759210157206642,5,0.010067968981867476,0.010067968981867476,1,0.010067968981867476,132.52778357159872,12.000000000000002,1664.1446557060283,0.49005667719906415,-145.94713458013325,60.811209833230315,3.2408781279374232,6.9965138207842275,1,0.0,0,0,0.5359563739931956,1.0,1657.994140625,1.523249626159668,1,1,6,18,1,-25.717816209094387,-150.54306030273438,48.07878112792969,-147.648681640625,54.6401481628418,1,-147.648681640625,54.6401481628418,1669.3516845703125,5.722451686859131,0.7905278205871582,0.11122490465641022,4.0,4.0,1,1665.3536376953125,5.37360143661499,7.07129140088779,20.863372802734375,8.26712417602539,0.5359563739931956,1665.3536376953125,5.37360143661499,1665.3536376953125,2.7243846942878367,0.0,2.6492167423271535,0.0,1,0.012584961227334344,0.012584578670461153,-9.812634958559478e-05,3.127013683319092,-0.02449117787182331,0.767633855342865,0.03944940119981766,-1.1634488736912714,0.0,-25.731464634603366,-25.731464634603366,158.25924820620207,3.510010004043579,-0.07605157047510147,0.02522375909283378,1.0,1664.1446557060283,0.5012128120424403,5,5,6,2.964610015688578,0.9875922437391483,0.0,3.1169457143372243,-145.9424961586481,60.821355984755385,0.01105800849379238,0.010067968981867476,0.0009900395119249034,0,3.243194761203168,nan
GT+smooth-jitter_controlled_forward3x6_SoftMS_local_prior_3frame_causal_heading_continuous_waypoint_RNN_polynomial_Kalman,1,controlled_gt_jitter,8.0,-151.22237667418784,64.25419822836287,-2.106592982781604,2.7242070784605192,0,0,6,-145.9380433958605,60.83109602370889,-149.11578369140625,61.529991149902344,-1,-145.93804931640625,60.83109664916992,-145.9380433958605,60.83109602370889,0.0,0,0.0,0.0,670,/yh/study/uav-sat/v36_GvsK/v36_training_data/routes/route_C/vi/vi_000670.jpg,-149.11578369140625,61.529991149902344,1664.1446557060283,-0.17367373376057385,5,0.010067968981867476,0.010067968981867476,1,0.010067968981867476,132.52778357159872,0.0,1664.1446557060283,0.5011144445698971,-145.94253705720342,60.82126652265264,3.2514281168049513,7.133661463655146,1,0.0,0,0,0.44069905448321256,1.0,1657.91552734375,1.4280415773391724,1,1,6,18,1,-25.72259317936687,-150.54306030273438,48.07878112792969,-147.51712036132812,55.154964447021484,1,-147.51712036132812,55.154964447021484,1669.419189453125,5.195394515991211,0.81850266456604,0.079276442527771,4.0,4.0,1,1665.421142578125,4.857308387756348,6.721363395364764,20.845718383789062,8.261268615722656,0.44069905448321256,1665.421142578125,4.857308387756348,1665.421142578125,2.578267884467198,0.0,2.27904050328915,0.0,1,0.012584961227334344,0.012584576788031222,-9.83674725431756e-05,3.1327948570251465,-0.024254081770777702,0.7662134170532227,0.03971826285123825,-1.1808827181043173,0.0,-25.74889847901641,-25.74889847901641,158.27668205061514,3.515064239501953,-0.07685264199972153,0.01787969186375859,1.0,1664.1446557060283,0.5119224084521303,5,5,6,2.964610015688578,0.9875922437391483,0.0,3.122726888043279,-145.9380433958605,60.83109602370889,0.010709596409696218,0.010067968981867476,0.0006416274278287417,0,3.2536883353130523,nan
GT+smooth-jitter_controlled_forward3x6_SoftMS_local_prior_3frame_causal_heading_continuous_waypoint_RNN_polynomial_Kalman,1,controlled_gt_jitter,8.0,-151.33190042986627,64.19668619128744,-2.2093113185381337,2.6592716405061894,0,0,6,-145.9335780638948,60.840863556667806,-149.12258911132812,61.53741455078125,-1,-145.93357849121094,60.84086227416992,-145.9335780638948,60.840863556667806,0.0,0,0.0,0.0,671,/yh/study/uav-sat/v36_GvsK/v36_training_data/routes/route_C/vi/vi_000671.jpg,-149.12258911132812,61.53741455078125,1664.1446557060283,-0.1697518966026538,5,0.010070780551774485,0.010070780551774485,1,0.010070780551774485,132.5131134862041,-0.014670085394602777,1664.1446557060283,0.5118245302056995,-145.93808409100873,60.83100700654181,3.2619141378947742,7.086161725296764,1,0.0,0,0,0.47594020980957896,1.0,1657.83984375,1.330199122428894,1,1,6,18,1,-25.731800060924638,-150.54306030273438,48.07878112792969,-147.5135040283203,55.22902297973633,1,-147.5135040283203,55.22902297973633,1669.443115234375,5.125218868255615,0.823076605796814,0.09437917172908783,4.0,4.0,1,1665.445068359375,4.787116527557373,6.68831506790865,20.880903244018555,8.268702507019043,0.47594020980957896,1665.445068359375,4.787116527557373,1665.445068359375,2.647125876391505,0.0,2.139990651165868,0.0,1,0.012588475689718107,0.01258809517121234,-9.787824643078587e-05,3.139456272125244,-0.024344660341739655,0.7679558992385864,0.03981083631515503,-1.1840650526490144,0.0,-25.752080813561108,-25.752080813561108,158.26519429976523,3.522590160369873,-0.07724781334400177,0.021876626581745683,1.0,1664.1446557060283,0.5226622357164467,5,5,6,2.964610015688578,0.9875922437391483,0.0,3.1293854915734696,-145.9335780638948,60.840863556667806,0.010739827264316852,0.010070780551774485,0.0006690467125423667,0,3.2641958807725104,nan
GT+smooth-jitter_controlled_forward3x6_SoftMS_local_prior_3frame_causal_heading_continuous_waypoint_RNN_polynomial_Kalman,1,controlled_gt_jitter,8.0,-151.35382315789903,64.08863886424399,-2.310274573914645,2.5907178742537535,0,0,6,-145.89449880249074,60.92634610907537,-149.04354858398438,61.497920989990234,-1,-145.89450073242188,60.92634582519531,-145.89449880249074,60.92634610907537,0.0,0,0.0,0.0,672,/yh/study/uav-sat/v36_GvsK/v36_training_data/routes/route_C/vi/vi_000672.jpg,-149.04354858398438,61.497920989990234,1664.1446557060283,-0.1728071099269031,5,0.08835805739564298,0.08835805739564298,1,0.08835805739564298,-26.54956373874372,-12.000000000000002,1664.1446557060283,0.5218047610717391,-145.93393457884113,60.840083710619304,3.178435015398797,7.301680834085101,1,0.0,0,0,0.40422024149063984,1.0,1657.86474609375,1.2228186130523682,1,1,6,18,1,-25.738898335019574,-150.54306030273438,48.07878112792969,-147.43453979492188,55.254615783691406,1,-147.43453979492188,55.254615783691406,1669.379150390625,5.0723185539245605,0.8356128334999084,0.06844915449619293,4.0,4.0,1,1665.381103515625,4.7361860275268555,6.551101409431922,20.886659622192383,8.269918441772461,0.40422024149063984,1665.381103515625,4.7361860275268555,1665.381103515625,2.538768159531295,0.0,2.1974178679955605,0.0,1,0.1104475717445537,0.11044424313427126,-0.0008574746447075511,3.1457531452178955,-0.02438216470181942,0.7716978192329407,0.03993890807032585,-1.20352554225485,0.0,-25.771541303166945,-25.771541303166945,0.7780224355767783,3.5307302474975586,-0.0785892903804779,0.014596010135209314,1.0,1664.1446557060283,0.6166540196020571,5,5,6,2.964610015688578,0.9875922437391483,0.0,3.0573950878222527,-145.89449880249074,60.92634610907537,0.09399178388560393,0.08835805739564298,0.005633726489960952,0,3.2005018935813685,nan
GT+smooth-jitter_controlled_forward3x6_SoftMS_local_prior_3frame_causal_heading_continuous_waypoint_RNN_polynomial_Kalman,1,controlled_gt_jitter,8.0,-151.37382261495173,63.976994387776315,-2.4093603346782855,2.518578402668893,0,0,6,-145.85454196275924,61.013748289251495,-148.96446228027344,61.45841598510742,-1,-145.8545379638672,61.01374816894531,-145.85454196275924,61.013748289251495,0.0,0,0.0,0.0,673,/yh/study/uav-sat/v36_GvsK/v36_training_data/routes/route_C/vi/vi_000673.jpg,-148.96446228027344,61.45841598510742,1664.1446557060283,-0.17585369870537756,5,0.08840412233289625,0.08840412233289625,1,0.08840412233289625,-26.542937793570392,0.006625945173329052,1664.1446557060283,0.6157968922841762,-145.8948551730279,60.925566578909624,3.115512202277119,6.975605443019084,1,0.0,0,0,0.5623684735930339,1.0,1657.89306640625,1.1129662990570068,1,1,6,18,1,-25.750323427232004,-150.54306030273438,48.07878112792969,-147.79330444335938,54.48612594604492,1,-147.79330444335938,54.48612594604492,1669.4293212890625,5.918941020965576,0.762704074382782,0.11566852033138275,4.0,4.0,1,1665.4312744140625,5.58268928527832,7.186774735758831,20.918363571166992,8.276233673095703,0.5623684735930339,1665.4312744140625,5.58268928527832,1665.4312744140625,2.8937048737126823,0.0,2.6889844115656385,0.0,1,0.11050515291612031,0.11050182873498554,-0.0008571273178809011,3.1494686603546143,-0.02429729327559471,0.7701848745346069,0.04006919637322426,-1.1984316085161957,0.0,-25.76644736942829,-25.76644736942829,0.7764904241421036,3.533698797225952,-0.07818729430437088,0.028528923594973797,1.0,1664.1446557060283,0.7127565177010635,5,5,6,2.964610015688578,0.9875922437391483,0.0,3.061064538021718,-145.85454196275924,61.013748289251495,0.09610249809900458,0.08840412233289625,0.007698375766108323,0,3.1415495764073835,nan
GT+smooth-jitter_controlled_forward3x6_SoftMS_local_prior_3frame_causal_heading_continuous_waypoint_RNN_polynomial_Kalman,1,controlled_gt_jitter,8.0,-151.38393295168893,63.857852630505036,-2.506445769071747,2.4428898619503494,0,0,6,-145.81328991157085,61.10398363405928,-148.8774871826172,61.41496276855469,-1,-145.81329345703125,61.10398483276367,-145.81328991157085,61.10398363405928,0.0,0,0.0,0.0,674,/yh/study/uav-sat/v36_GvsK/v36_training_data/routes/route_C/vi/vi_000674.jpg,-148.8774871826172,61.41496276855469,1664.1446557060283,-0.17921111220735517,5,0.09722576634356271,0.09722576634356271,1,0.09722576634356271,-26.54695491631853,-0.004017122748135517,1664.1446557060283,0.7118166671296657,-145.85493272740527,61.012893524905046,3.049179416074168,7.512785104611614,1,0.0,0,0,0.2732145311272517,1.0,1657.933349609375,1.0004069805145264,1,1,6,18,1,-25.755966764312024,-150.54306030273438,48.07878112792969,-147.24954223632812,55.7875862121582,1,-147.24954223632812,55.7875862121582,1669.403564453125,4.5086870193481445,0.8454626202583313,0.018213823437690735,4.0,4.0,1,1665.4053955078125,4.168269634246826,6.0288035890244975,20.94479751586914,8.282625198364258,0.2732145311272517,1665.4053955078125,4.168269634246826,1665.4053955078125,2.5126206434896314,0.0,1.6556489907571947,0.0,1,0.12153220792945338,0.12152857378045434,-0.0009398505713977931,3.152876853942871,-0.024600345641374588,0.7729173898696899,0.03995257988572121,-1.1964556561336521,0.0,-25.76447141704575,-25.76447141704575,0.7824834992727795,3.5384671688079834,-0.07852640002965927,0.006859205383102376,1.0,1664.1446557060283,0.8119742035228422,5,5,6,2.964610015688578,0.9875922437391483,0.0,3.0556510875993084,-145.81328991157085,61.10398363405928,0.09921768582178372,0.09722576634356271,0.001991919478221013,0,3.079937164615431,nan
GT+smooth-jitter_controlled_forward3x6_SoftMS_local_prior_3frame_causal_heading_continuous_waypoint_RNN_polynomial_Kalman,1,controlled_gt_jitter,8.0,-151.04437040184732,63.60103583377434,-2.6014077553629398,2.363692999301682,0,0,6,-145.66932841205448,61.418887140034855,-148.44296264648438,61.237342834472656,-1,-145.66932678222656,61.418888092041016,-145.66932841205448,61.418887140034855,0.0,0,0.0,0.0,675,/yh/study/uav-sat/v36_GvsK/v36_training_data/routes/route_C/vi/vi_000675.jpg,-148.44296264648438,61.237342834472656,1664.1446557060283,-0.16008717886005183,5,0.4694256208226613,0.4694256208226613,1,0.4694256208226613,-22.233196494632708,4.313758421685823,1664.1446557060283,0.8074141477898763,-145.8151858603723,61.099836407705446,2.6313720480068454,7.678886467014285,1,0.0,0,0,0.3868414493239299,1.0,1658.3489990234375,0.9080212712287903,1,1,6,18,1,-25.758943339407974,-150.54306030273438,48.07878112792969,-147.50473022460938,55.25304412841797,1,-147.50473022460938,55.25304412841797,1669.4437255859375,5.0996551513671875,0.8081264495849609,0.05545063316822052,4.0,4.0,1,1665.4456787109375,4.767725467681885,6.191235614429819,20.88984489440918,8.269466400146484,0.3868414493239299,1665.4456787109375,4.767725467681885,1665.4456787109375,2.7957025391743606,0.0,1.9720229285075241,0.0,0,0.5867820260283266,0.5867643069935492,-0.0045600557329659105,3.150259256362915,-0.02410953678190708,0.7707301378250122,0.04024915397167206,-1.1990367205879766,0.0,-25.76705248150007,-25.76705248150007,3.5338559868673647,3.534766674041748,-0.07796918600797653,0.013969740568072028,1.0,1664.1446557060283,1.1582243030444226,5,5,6,2.964610015688578,0.9875922437391483,0.0,2.6808336355402536,-145.66932841205448,61.418887140034855,0.3462500995215848,0.4694256208226613,0.0,0,2.779569247434493,nan
GT+smooth-jitter_controlled_forward3x6_SoftMS_local_prior_3frame_causal_heading_continuous_waypoint_RNN_polynomial_Kalman,1,controlled_gt_jitter,8.0,-150.74160836877505,63.356716360538805,-2.694123017212561,2.2810327667888064,0,0,6,-145.58601832530192,61.60112085175394,-148.0474853515625,61.07568359375,-1,-145.5860137939453,61.60111999511719,-145.58601832530192,61.60112085175394,0.0,0,0.0,0.0,676,/yh/study/uav-sat/v36_GvsK/v36_training_data/routes/route_C/vi/vi_000676.jpg,-148.0474853515625,61.07568359375,1664.1446557060283,-0.14268229512704336,5,0.42724232106586707,0.42724232106586707,1,0.42724232106586707,-22.233269495201665,-7.300056895909708e-05,1664.1446557060283,1.154108780503255,-145.67103953588418,61.415144202548554,2.400568311833866,8.135588333285526,1,0.0,0,0,0.27857100832823667,1.0,1658.725830078125,0.8117007613182068,1,1,6,18,1,-25.761781496451526,-150.54306030273438,48.07878112792969,-147.2711944580078,55.514739990234375,1,-147.2711944580078,55.514739990234375,1669.3231201171875,4.770298004150391,0.8238757252693176,0.015607297420501709,4.0,4.0,1,1665.324951171875,4.429293632507324,5.58085140107455,20.972415924072266,8.288433074951172,0.27857100832823667,1665.324951171875,4.429293632507324,1665.324951171875,2.963750944244846,0.0,1.4655426882624787,0.0,0,0.5340529013323339,0.5340370435613027,-0.004115522541167594,3.1595771312713623,-0.024563996121287346,0.7761032581329346,0.040138859301805496,-1.2040522138728815,0.0,-25.772067974784974,-25.772067974784974,3.5387984795833107,3.5467512607574463,-0.07904035598039627,0.007099999755594574,1.0,1664.1446557060283,1.358598194162091,5,5,6,2.964610015688578,0.9875922437391483,0.0,2.7323348102054954,-145.58601832530192,61.60112085175394,0.2003738911176656,0.42724232106586707,0.0,0,2.5169235652809947,nan
GT+smooth-jitter_controlled_forward3x6_SoftMS_local_prior_3frame_causal_heading_continuous_waypoint_RNN_polynomial_Kalman,1,controlled_gt_jitter,8.0,-150.43646106459568,63.10898276380623,-2.784468266744118,2.1949584107788884,0,0,6,-145.52996832721854,61.723725443715516,-147.65199279785156,60.914024353027344,-1,-145.52996826171875,61.723724365234375,-145.52996832721854,61.723725443715516,0.0,0,0.0,0.0,677,/yh/study/uav-sat/v36_GvsK/v36_training_data/routes/route_C/vi/vi_000677.jpg,-147.65199279785156,60.914024353027344,1664.1446557060283,-0.12527106719903172,5,0.4272564454187023,0.4272564454187023,1,0.4272564454187023,-22.23249524674619,0.0007742484554766318,1664.1446557060283,1.3544625300083024,-145.58773782347362,61.59735959610848,2.1744184633324037,7.1704213153945435,1,0.0,0,0,0.4321824507749454,1.0,1659.1064453125,0.7132669687271118,1,1,6,18,1,-25.765381753196063,-145.7506561279297,57.56512451171875,-146.26968383789062,58.04341125488281,1,-146.26968383789062,58.04341125488281,1669.3243408203125,2.050518751144409,0.7937096953392029,0.07041534781455994,4.0,4.0,1,1665.3262939453125,1.7173423767089844,3.3309602555328857,20.883953094482422,8.267618179321289,0.4321824507749454,1665.3262939453125,1.7173423767089844,1665.3262939453125,1.7173423767089844,0.0,0.0,0.0,0,0.5340705567733779,0.5340545439318282,-0.004135664153788626,3.149587869644165,-0.023753663524985313,0.7699059844017029,0.04049757122993469,-1.1820799221997735,0.0,-25.75009568311187,-25.75009568311187,3.5176004363656794,3.5337164402008057,-0.07642073184251785,0.007031769923412231,1.0,1664.1446557060283,1.4934072749215563,5,5,6,2.964610015688578,0.9875922437391483,0.0,2.722331424225463,-145.52996832721854,61.723725443715516,0.13480908075946327,0.4272564454187023,0.0,0,2.2712559763767213,nan
GT+smooth-jitter_controlled_forward3x6_SoftMS_local_prior_3frame_causal_heading_continuous_waypoint_RNN_polynomial_Kalman,1,controlled_gt_jitter,8.0,-149.65601176142096,62.76715609430107,-2.8723203551709653,2.1055235564592727,0,0,6,-145.39819177793711,62.01197540994605,-146.78369140625,60.6616325378418,-1,-145.398193359375,62.0119743347168,-145.39819177793711,62.01197540994605,0.0,0,0.0,0.0,678,/yh/study/uav-sat/v36_GvsK/v36_training_data/routes/route_C/vi/vi_000678.jpg,-146.78369140625,60.6616325378418,1664.1446557060283,0.006202982768114923,5,0.9042394235100929,0.9042394235100929,1,0.9042394235100929,-16.20772406333584,6.024771183410351,1664.1446557060283,1.484780119102403,-145.53355526709237,61.71587931856551,1.635321571157878,7.327946781225098,1,0.0,0,0,0.33141028452280913,1.0,1659.9583740234375,0.7268763184547424,1,1,6,18,1,-25.760031580641826,-145.7506561279297,57.56512451171875,-147.4252166748047,55.997703552246094,1,-147.4252166748047,55.997703552246094,1669.6444091796875,4.3781304359436035,0.791256844997406,0.029566854238510132,4.0,4.0,1,1665.6492919921875,4.082493782043457,4.633631041379054,19.439990997314453,7.960707664489746,0.33141028452280913,1665.6492919921875,4.082493782043457,1665.6492919921875,3.3816070885650378,0.0,0.7008866934784188,0.0,0,1.130299279387616,1.1302663549653402,-0.008627155819153217,2.87004017829895,-0.018693650141358376,0.6851674318313599,0.0372818298637867,-1.0674140660833649,0.0,-25.63542982699546,-25.63542982699546,9.427705763659624,3.2120654582977295,-0.05990009009838104,0.015572507492056062,1.0,1664.1446557060283,1.810350648369277,5,5,6,2.964610015688578,0.9875922437391483,0.0,1.9658007547888574,-145.39819177793711,62.01197540994605,0.316943373447722,0.9042394235100929,0.0,0,1.9346925058773288,nan
GT+smooth-jitter_controlled_forward3x6_SoftMS_local_prior_3frame_causal_heading_continuous_waypoint_RNN_polynomial_Kalman,1,controlled_gt_jitter,8.0,-148.87361783217332,62.422217744459026,-2.9575564308061377,2.0127862869394924,0,0,6,-144.9848998853309,62.44626788263608,-145.9160614013672,60.40943145751953,-1,-144.98489379882812,62.446266174316406,-144.9848998853309,62.44626788263608,0.0,0,0.0,0.0,679,/yh/study/uav-sat/v36_GvsK/v36_training_data/routes/route_C/vi/vi_000679.jpg,-145.9160614013672,60.40943145751953,1664.3399644452006,0.13757135547575935,5,0.9035414823286572,0.9035414823286572,1,0.9035414823286572,-16.207993155852776,-0.00026909251693960415,1664.3399644452006,1.8023960444530953,-145.22387197243063,61.92353681696351,1.6648246889773426,7.015520131665049,1,0.0,0,0,0.45372262466315183,1.0,1660.8133544921875,0.7384641766548157,1,1,6,18,1,-25.716420929513,-150.54306030273438,48.07878112792969,-147.6188507080078,55.17866897583008,1,-147.6188507080078,55.17866897583008,1669.5224609375,5.210862159729004,0.8028647899627686,0.08104553818702698,4.0,4.0,1,1665.5263671875,4.897472858428955,4.905528899594006,19.67866325378418,8.014528274536133,0.45372262466315183,1665.5263671875,4.897472858428955,1665.5263671875,3.901038375147296,0.0,0.996434483281659,0.0,0,1.1294268529108213,1.12939884024758,-0.007954603916181796,2.8943915367126465,-0.020481470972299576,0.695194661617279,0.036588963121175766,-1.0199255750532645,0.0,-25.587941335965358,-25.587941335965358,9.379948180112581,3.24143648147583,-0.05989442765712738,0.023555848359162752,1.0,1664.3399644452006,2.3771615839837605,5,5,6,2.769301276516245,0.9884096676898334,0.0,1.9908500543839893,-144.9848998853309,62.44626788263608,0.5995165888691132,0.9035414823286572,0.0,0,2.2395902285080127,nan
GT+smooth-jitter_controlled_forward3x6_SoftMS_local_prior_3frame_causal_heading_continuous_waypoint_RNN_polynomial_Kalman,1,controlled_gt_jitter,8.0,-148.08787514917188,62.07386030287304,-3.040054104249992,1.9168092164472559,0,0,6,-144.0474636994151,62.34524748884478,-145.04782104492188,60.15705108642578,-1,-144.04747009277344,62.34524917602539,-144.0474636994151,62.34524748884478,0.0,0,0.0,0.0,680,/yh/study/uav-sat/v36_GvsK/v36_training_data/routes/route_C/vi/vi_000680.jpg,-145.04782104492188,60.15705108642578,1665.2345345532617,0.2690304367021246,5,0.904177619869958,0.904177619869958,1,0.904177619869958,-16.20810724284363,-0.0001140869908540438,1665.2345345532617,2.3691811631506874,-144.1746347318851,62.06707169797103,2.1001507264485646,7.085544928298427,1,0.0,0,0,0.3116326348817721,1.0,1661.6727294921875,0.7483348250389099,1,1,6,18,1,-25.671453098451753,-150.48199462890625,57.595096588134766,-147.10745239257812,55.99525833129883,1,-147.10745239257812,55.99525833129883,1669.34814453125,4.2632598876953125,0.8095374703407288,0.025677531957626343,4.0,4.0,1,1665.3515625,3.943357229232788,3.676190000343611,19.933120727539062,8.069612503051758,0.3116326348817721,1665.3515625,3.943357229232788,1665.3515625,3.943357229232788,0.0,0.0,0.0,0,1.1302220248374475,1.1301938498819515,-0.007980420833073354,2.935167074203491,-0.020550597459077835,0.7035714387893677,0.03751591593027115,-1.040446771692862,0.0,-25.608462532604957,-25.608462532604957,9.400355289761325,3.2863781452178955,-0.06147756800055504,0.007798587862903074,1.0,1665.2345345532617,2.675047542682208,5,5,6,1.8747311684551562,0.9921537041062009,0.0,2.0309894543335334,-144.0474636994151,62.34524748884478,0.942863575829564,0.904177619869958,0.038685955959606,0,2.4060171059800917,nan
GT+smooth-jitter_controlled_forward3x6_SoftMS_local_prior_3frame_causal_heading_continuous_waypoint_RNN_polynomial_Kalman,1,controlled_gt_jitter,8.0,-147.6191575629054,61.67399805811276,-3.1196916205225826,1.8176595571361984,0,0,6,-144.22599607827684,61.90592065600522,-144.4994659423828,59.85633850097656,-1,-144.2259979248047,61.905921936035156,-144.22599607827684,61.90592065600522,0.0,0,0.0,0.0,681,/yh/study/uav-sat/v36_GvsK/v36_training_data/routes/route_C/vi/vi_000681.jpg,-144.4994659423828,59.85633850097656,1665.8582743856323,0.22353319455913997,5,0.6253969759506193,0.6253969759506193,1,0.6253969759506193,-28.73993368017552,-12.000000000000002,1665.8582743856323,2.6695532887621516,-143.48247642788118,62.080916355006096,2.446020094203011,7.054210869677282,1,0.0,0,0,0.47808637935284526,1.0,1662.2652587890625,0.579552948474884,1,1,6,18,1,-25.649406421749713,-145.7506561279297,57.56512451171875,-142.10516357421875,56.934776306152344,1,-142.10516357421875,56.934776306152344,1667.1092529296875,-1.4380484819412231,0.8349611759185791,0.09785224497318268,4.0,4.0,1,1663.112548828125,-1.7580114603042603,3.3860785661833797,19.96738624572754,8.074588775634766,0.47808637935284526,1663.112548828125,-1.7580114603042603,1663.112548828125,0.530710762829957,0.0,-2.2887222231342172,0.0,0,0.7817462199382741,0.7817269123943746,-0.005494253920056109,2.947882652282715,-0.01974806934595108,0.7056071758270264,0.03848225995898247,-1.0120076782579273,0.0,-25.58002343917002,-25.58002343917002,3.159910241005498,3.3001625537872314,-0.058803409337997437,0.04175949920332462,1.0,1665.2548253130603,2.2012647217382133,5,5,6,1.8544404086565294,0.9922386268449748,0.6034490725719479,2.3224856763320956,-144.22599607827684,61.90592065600522,0.47421711942407596,0.6253969759506193,0.0,0,2.067745820159254,nan
GT+smooth-jitter_controlled_forward3x6_SoftMS_local_prior_3frame_causal_heading_continuous_waypoint_RNN_polynomial_Kalman,1,controlled_gt_jitter,8.0,-147.14806922928446,61.27135934382929,-3.1963480378782148,1.7154091790343664,0,0,6,-144.39148232933215,61.459372049564465,-143.95172119140625,59.55595016479492,-1,-144.3914794921875,61.459373474121094,-144.39148232933215,61.459372049564465,0.0,0,0.0,0.0,682,/yh/study/uav-sat/v36_GvsK/v36_training_data/routes/route_C/vi/vi_000682.jpg,-143.95172119140625,59.55595016479492,1666.4813243084316,0.17807707906136477,5,0.6247059025944535,0.6247059025944535,1,0.6247059025944535,-28.74077497856157,-0.0008412983860513419,1666.0356893877122,2.1959181743873852,-143.51804786927102,61.576395813214916,2.066463928683755,6.868931722001387,1,0.0,0,0,0.36763129252556714,1.0,1662.861083984375,0.40923169255256653,1,1,6,18,1,-25.625122431207675,-145.7506561279297,57.56512451171875,-141.54159545898438,59.000396728515625,1,-141.54159545898438,59.000396728515625,1667.1092529296875,0.6748844385147095,0.7847148776054382,0.04261602461338043,4.0,4.0,1,1663.1121826171875,0.3481653332710266,3.3734323396059342,20.12605857849121,8.109180450439453,0.36763129252556714,1663.1121826171875,0.3481653332710266,1663.1121826171875,0.3481653332710266,0.0,0.0,0.0,0,0.7808823782430668,0.7808640746519034,-0.005346547350828162,2.986360549926758,-0.02030525729060173,0.7189711928367615,0.03900352120399475,-1.024915988737311,0.0,-25.592931749649402,-25.592931749649402,3.147843228912169,3.345296621322632,-0.060651205480098724,0.04818649754886871,1.0,1665.2899837328237,1.726338156128037,5,5,6,1.8192819888932092,0.992385775070418,1.19134057560791,2.3616546473323043,-144.39148232933215,61.459372049564465,0.47622616182075117,0.6247059025944535,0.0,0,1.9535620619395535,nan
GT+smooth-jitter_controlled_forward3x6_SoftMS_local_prior_3frame_causal_heading_continuous_waypoint_RNN_polynomial_Kalman,1,controlled_gt_jitter,8.0,-146.67351364250385,60.86549812702805,-3.2699034130116744,1.6101346626725799,0,0,6,-145.06061808140046,61.05582780623801,-143.4036102294922,59.25536346435547,-1,-145.0606231689453,61.05582809448242,-145.06061808140046,61.05582780623801,0.0,0,0.0,0.0,683,/yh/study/uav-sat/v36_GvsK/v36_training_data/routes/route_C/vi/vi_000683.jpg,-143.4036102294922,59.25536346435547,1667.1047897630224,0.13259281823004634,5,0.6251223808594893,0.6251223808594893,1,0.6251223808594893,-28.74057654117887,0.00019843738269857862,1666.0713685338999,1.7210086472567778,-143.68305345198291,61.12964619865883,1.894999810739752,5.685467939804962,1,0.0,0,0,0.5984701620376482,1.0,1663.46142578125,0.23742124438285828,1,1,6,18,1,-25.613855714006622,-136.2879638671875,57.50517272949219,-141.09640502929688,58.27633285522461,1,-141.09640502929688,58.27633285522461,1667.1092529296875,0.20146948099136353,0.7167531847953796,0.12266170978546143,4.0,4.0,1,1663.1119384765625,-0.1345764696598053,4.001779707102286,20.24339485168457,8.14046859741211,0.5984701620376482,1663.1119384765625,-0.1345764696598053,1663.1119384765625,-0.1345764696598053,0.0,0.0,0.0,1,0.7814029760743617,0.7813848010763076,-0.005329508871259312,2.9783928394317627,-0.02108689583837986,0.7256767749786377,0.038353074342012405,-1.0258197081418683,0.0,-25.593835469053964,-25.593835469053964,3.14674107212491,3.3406617641448975,-0.06172803044319153,0.0939127934215856,1.0,1664.8492088128444,1.0811187508594071,5,5,6,2.2600569088724853,0.9905410036691014,2.2555809501780004,2.3532704585722732,-145.06061808140046,61.05582780623801,0.7814029760744142,0.6251223808594893,0.15628059521492488,0,2.4469055698322726,nan
GT+smooth-jitter_controlled_forward3x6_SoftMS_local_prior_3frame_causal_heading_continuous_waypoint_RNN_polynomial_Kalman,1,controlled_gt_jitter,8.0,-146.79656833804034,60.667482834669435,-3.340238992337217,1.5019173439467763,0,0,6,-145.16686953077945,60.98064278273623,-143.45632934570312,59.165565490722656,-1,-145.1668701171875,60.98064422607422,-145.16686953077945,60.98064278273623,0.0,0,0.0,0.0,684,/yh/study/uav-sat/v36_GvsK/v36_training_data/routes/route_C/vi/vi_000684.jpg,-143.45632934570312,59.165565490722656,1667.1047897630224,0.029005209738562757,5,0.10412963690814264,0.10412963690814264,1,0.10412963690814264,-120.41659055235395,-12.000000000000002,1664.9793677033024,1.080212390649043,-144.94261953058245,61.00088692656772,2.361665362946455,5.53330291383232,1,0.0,0,0,0.6225957291162387,1.0,1663.431884765625,0.006169759668409824,1,1,6,18,1,-25.606848580248425,-150.54306030273438,48.07878112792969,-142.84092712402344,55.7254524230957,1,-142.84092712402344,55.7254524230957,1667.1092529296875,-2.8438010215759277,0.6728885173797607,0.28610217571258545,4.0,4.0,1,1663.112060546875,-3.1636505126953125,5.103951195148647,20.30126953125,8.14749526977539,0.6225957291162387,1663.112060546875,-3.1636505126953125,1663.112060546875,-1.297070562392751,0.0,-1.8665799503025617,0.0,1,0.1301620461351783,0.1301588904580296,-0.0009063602103640739,3.0257890224456787,-0.020572591572999954,0.7360811233520508,0.03984583541750908,-1.0807336820168303,0.0,-25.648749442928924,-25.648749442928924,94.76784110942502,3.3932137489318848,-0.064661405980587,0.05830962715985829,1.0,1664.7838363978437,0.9685638504281897,5,5,6,2.3254293238731236,0.9902674010747572,2.3209533651786387,2.921659385537536,-145.16686953077945,60.98064278273623,0.13016204613518453,0.10412963690814264,0.02603240922704189,0,2.494083659531951,nan
GT+smooth-jitter_controlled_forward3x6_SoftMS_local_prior_3frame_causal_heading_continuous_waypoint_RNN_polynomial_Kalman,1,controlled_gt_jitter,8.0,-146.92122971856506,60.45818801630881,-3.407237408994742,1.3908433507814688,0,0,6,-145.228880944778,61.108798462024616,-143.5139923095703,59.067344665527344,-1,-145.2288818359375,61.10879898071289,-145.228880944778,61.108798462024616,0.0,0,0.0,0.0,685,/yh/study/uav-sat/v36_GvsK/v36_training_data/routes/route_C/vi/vi_000685.jpg,-143.5139923095703,59.067344665527344,1667.1047897630224,-0.0842982348319917,5,0.11389621549461908,0.11389621549461908,1,0.11389621549461908,-120.41611813220328,0.0004724201506716005,1664.9262033053099,0.967585454528267,-145.03779812540841,60.92056062302511,2.3992485385025017,5.078975603600512,1,0.0,0,0,0.5873293714559451,1.0,1670.8201904296875,0.046008817851543427,1,1,6,18,1,-25.621513850170086,-150.54306030273438,48.07878112792969,-142.7478485107422,56.225040435791016,1,-142.7478485107422,56.225040435791016,1667.1092529296875,2.442500352859497,0.7370091676712036,0.12001164257526398,4.0,4.0,1,1663.114990234375,2.1425724029541016,4.5497992469002115,19.067581176757812,7.871500015258789,0.5873293714559451,1663.114990234375,2.1425724029541016,1663.114990234375,2.1425724029541016,0.0,0.0,0.0,1,0.14237026936827385,0.1423669074660887,-0.0009783958999226748,2.82000994682312,-0.01915803737938404,0.6611000299453735,0.03594015911221504,-0.9863850773602707,0.0,-25.55440083827236,-25.55440083827236,94.86171729393091,3.1500725746154785,-0.05542409047484398,0.04144751675678746,1.0,1664.6741552873025,1.0593347025251534,5,5,6,2.4351104344143835,0.9898083536861247,2.4306344757198985,2.706113731328501,-145.228880944778,61.108798462024616,0.14237026936817945,0.11389621549461908,0.028474053873560376,0,2.666153902984157,nan
GT+smooth-jitter_controlled_forward3x6_SoftMS_local_prior_3frame_causal_heading_continuous_waypoint_RNN_polynomial_Kalman,1,controlled_gt_jitter,8.0,-147.03778422798433,60.25406967121787,-3.4707828852109035,1.277003631178805,0,0,6,-145.25197271428738,61.237608646604635,-143.56700134277344,58.97706604003906,-1,-145.25196838378906,61.23760986328125,-145.25197271428738,61.237608646604635,0.0,0,0.0,0.0,686,/yh/study/uav-sat/v36_GvsK/v36_training_data/routes/route_C/vi/vi_000686.jpg,-143.56700134277344,58.97706604003906,1667.1047897630224,-0.1884435206776279,5,0.1046909156573929,0.1046909156573929,1,0.1046909156573929,-120.42024027507703,-0.004122142873761696,1664.8050158794197,1.0584408897267217,-145.11023900163417,61.0535772451091,2.5871763095134024,4.786144393322849,1,0.0,0,0,0.6015089081561938,1.0,1670.853271484375,0.2787185311317444,1,1,6,18,1,-25.598024296005885,-150.54306030273438,48.07878112792969,-143.1478271484375,55.46575927734375,1,-143.1478271484375,55.46575927734375,1667.1092529296875,3.2957561016082764,0.7112281918525696,0.2406964898109436,4.0,4.0,1,1663.1129150390625,2.940462589263916,5.046148032391625,19.528064727783203,7.978089809417725,0.6015089081561938,1663.1129150390625,2.940462589263916,1663.1129150390625,2.940462589263916,0.0,0.0,0.0,1,0.13086364457174113,0.13086059211726175,-0.0008938127984317585,2.8577048778533936,-0.022175638005137444,0.6748689413070679,0.03477875143289566,-0.9219097991426428,0.0,-25.489925560054736,-25.489925560054736,94.93031471502229,3.1946487426757812,-0.05619436874985695,0.062038438613211795,1.0,1664.5995982358,1.1668825502109887,5,5,6,2.5096674859169354,0.9894963107132966,2.5051915272224505,2.753013962196001,-145.25197271428738,61.237608646604635,0.13086364457179087,0.1046909156573929,0.026172728914397966,0,2.81942926829524,nan
GT+smooth-jitter_controlled_forward3x6_SoftMS_local_prior_3frame_causal_heading_continuous_waypoint_RNN_polynomial_Kalman,1,controlled_gt_jitter,8.0,-147.02909823160928,60.141500594569905,-3.530761439617081,1.1604939722554555,0,0,6,-145.25644409824787,61.32346420323688,-143.4983367919922,58.98100662231445,-1,-145.25643920898438,61.323463439941406,-145.25644409824787,61.32346420323688,0.0,0,0.0,0.0,687,/yh/study/uav-sat/v36_GvsK/v36_training_data/routes/route_C/vi/vi_000687.jpg,-143.4983367919922,58.98100662231445,1667.1092657217168,0.15730633995733045,6,0.06877753065253203,0.06877753065253203,1,0.06877753065253203,3.284538426843795,12.000000000000002,1664.6855678345444,1.1662517008865052,-145.1740483755666,61.20129105700837,2.781667176761006,4.60576991624176,1,0.0,0,0,0.6997110174930469,1.0,1670.8037109375,0.38015714287757874,1,1,6,18,1,-25.560189743759068,-150.54306030273438,48.07878112792969,-144.024658203125,54.176727294921875,1,-144.024658203125,54.176727294921875,1667.1092529296875,4.817242622375488,0.5326789021492004,0.45289093255996704,4.0,4.0,1,1663.11279296875,4.47713041305542,6.13420767312708,19.593475341796875,7.989492416381836,0.6997110174930469,1663.11279296875,4.47713041305542,1663.11279296875,3.6707748797500326,0.0,0.8063555333053873,0.0,1,0.08597191331566503,0.0859695987444749,-0.0006308493244834929,2.8739497661590576,-0.02184854820370674,0.6716286540031433,0.035344198346138,-0.9152808871097339,0.0,-25.483296648021827,-25.483296648021827,28.767835074865626,3.209287643432617,-0.05544864013791084,0.08899105352361578,1.0,1664.559835217163,1.2431063800021755,5,5,6,2.5494305045538397,0.9893298909006294,2.5494305045538113,2.8051722355065256,-145.25644409824787,61.32346420323688,0.08597191331565815,0.06877753065253203,0.017194382663126118,0,2.9288306230867227,nan
GT+smooth-jitter_controlled_forward3x6_SoftMS_local_prior_3frame_causal_heading_continuous_waypoint_RNN_polynomial_Kalman,1,controlled_gt_jitter,8.0,-147.02262323289077,60.02602270642108,-3.587061099101701,1.0414150098878772,0,0,6,-145.2731522055824,61.40026510760576,-143.43556213378906,58.9846076965332,-1,-145.2731475830078,61.400264739990234,-145.2731522055824,61.40026510760576,0.0,0,0.0,0.0,688,/yh/study/uav-sat/v36_GvsK/v36_training_data/routes/route_C/vi/vi_000688.jpg,-143.43556213378906,58.9846076965332,1667.1092657217168,0.13081711026995035,6,0.0628778613507816,0.0628778613507816,1,0.0628778613507816,3.2831795992951442,-0.00135882754865095,1664.638430343234,1.2425182299543467,-145.1852088557928,61.290251555119696,2.8943491935936243,4.479610593323041,1,0.0,0,0,0.6211595909631625,1.0,1670.755126953125,0.48511481285095215,1,1,6,18,1,-25.53327719760363,-150.54306030273438,48.07878112792969,-143.23049926757812,55.507728576660156,1,-143.23049926757812,55.507728576660156,1667.1092529296875,3.287219524383545,0.675499677658081,0.2923021912574768,4.0,4.0,1,1663.1170654296875,2.9452600479125977,5.100330018963202,18.076244354248047,7.689943313598633,0.6211595909631625,1663.1170654296875,2.9452600479125977,1663.1170654296875,2.9452600479125977,0.0,0.0,0.0,1,0.078597326688477,0.07859512607087299,-0.0005881500478288105,2.4241161346435547,-0.015360106714069843,0.5216578841209412,0.028768252581357956,-0.7360748126177292,0.0,-25.304090573529823,-25.304090573529823,28.58727017282497,2.68471097946167,-0.03546825051307678,0.05562034938674526,1.0,1664.5127079673584,1.3060075889606337,5,5,6,2.596557754358429,0.9891326496359352,2.5965577543584004,2.361238273292773,-145.2731522055824,61.40026510760576,0.07859732668850698,0.0628778613507816,0.015719465337725377,0,3.0351504080725866,nan
GT+smooth-jitter_controlled_forward3x6_SoftMS_local_prior_3frame_causal_heading_continuous_waypoint_RNN_polynomial_Kalman,1,controlled_gt_jitter,8.0,-147.01254269580483,59.908069555269115,-3.6395721147501385,0.9198722286089597,0,0,6,-145.29691824163672,61.47494254162956,-143.3729705810547,58.988197326660156,-1,-145.2969207763672,61.47494125366211,-145.29691824163672,61.47494254162956,0.0,0,0.0,0.0,689,/yh/study/uav-sat/v36_GvsK/v36_training_data/routes/route_C/vi/vi_000689.jpg,-143.3729705810547,58.988197326660156,1667.1092657217168,0.10440602020931239,6,0.06269440101116189,0.06269440101116189,1,0.06269440101116189,3.282321743645702,-0.0008578556494420836,1664.5910741024543,1.305466763442416,-145.20210554690172,61.36719070795264,3.0008905730662123,4.427385478756714,1,0.0,0,0,0.6138557361400501,1.0,1670.7022705078125,0.5910441875457764,1,1,6,18,1,-25.453061855165416,-150.54306030273438,48.07878112792969,-143.22869873046875,55.82005310058594,1,-143.22869873046875,55.82005310058594,1667.1092529296875,2.9962286949157715,0.6887794137001038,0.25646767020225525,4.0,4.0,1,1663.116455078125,2.647716999053955,4.956962056913116,18.129758834838867,7.701337814331055,0.6138557361400501,1663.116455078125,2.647716999053955,1663.116455078125,2.647716999053955,0.0,0.0,0.0,1,0.07836800126395234,0.07836613509587978,-0.000540825518217738,2.4306089878082275,-0.017505966126918793,0.5089908242225647,0.02729610912501812,-0.6614405351442065,0.0,-25.229456296056302,-25.229456296056302,28.511778039702005,2.6848809719085693,-0.03485465794801712,0.04227036010076137,1.0,1664.460044636766,1.3640430714953042,5,5,6,2.649221084950824,0.9889122382609424,2.6492210849507956,2.3679145867970655,-145.29691824163672,61.47494254162956,0.07836800126399916,0.06269440101116189,0.015673600252837275,0,3.1441177402941336,nan
GT+smooth-jitter_controlled_forward3x6_SoftMS_local_prior_3frame_causal_heading_continuous_waypoint_RNN_polynomial_Kalman,1,controlled_gt_jitter,8.0,-147.03480583374682,59.79853179858768,-3.6881871814030656,0.7959759514197129,0,0,6,-145.31164901077972,61.50944150220833,-143.34661865234375,59.00255584716797,-1,-145.3116455078125,61.50944137573242,-145.31164901077972,61.50944150220833,0.0,0,0.0,0.0,690,/yh/study/uav-sat/v36_GvsK/v36_training_data/routes/route_C/vi/vi_000690.jpg,-143.34661865234375,59.00255584716797,1667.1092657217168,0.08134418767018797,6,0.030009852681404558,0.030009852681404558,1,0.030009852681404558,28.584884308549945,12.000000000000002,1664.4975560175094,1.3637782030604573,-145.26291295335153,61.459105426702884,3.11557694252414,4.469227436399763,1,0.0,0,0,0.5821903781927005,1.0,1670.6826171875,0.7010743618011475,1,1,6,18,1,-25.374799893468968,-150.54306030273438,48.07878112792969,-142.86392211914062,55.82912063598633,1,-142.86392211914062,55.82912063598633,1667.1092529296875,2.853325366973877,0.7463527917861938,0.14365261793136597,4.0,4.0,1,1663.1156005859375,2.503620147705078,4.881868346125431,18.381553649902344,7.754031181335449,0.5821903781927005,1663.1156005859375,2.503620147705078,1663.1156005859375,2.503620147705078,0.0,0.0,0.0,1,0.03751231585175569,0.037511380743370445,-0.00026486843484700283,2.4939327239990234,-0.017960015684366226,0.5341456532478333,0.028536532074213028,-0.6717019872376515,0.0,-25.239717748149747,-25.239717748149747,53.82460205669969,2.760772466659546,-0.03605915978550911,0.031755000799181095,1.0,1664.4323037264853,1.3892941256783813,5,5,6,2.676961995231551,0.9887961344727896,2.6769619952315225,2.4639228713176187,-145.31164901077972,61.50944150220833,0.03751231585173201,0.030009852681404558,0.007502463170327451,0,3.18525038215556,nan
GT+smooth-jitter_controlled_forward3x6_SoftMS_local_prior_3frame_causal_heading_continuous_waypoint_RNN_polynomial_Kalman,1,controlled_gt_jitter,8.0,-147.05303786639703,59.686782389759685,-3.732801660342356,0.6698413192030432,0,0,6,-145.32577611111782,61.544245420522316,-143.3202362060547,59.01694107055664,-1,-145.32577514648438,61.544246673583984,-145.32577611111782,61.544245420522316,0.0,0,0.0,0.0,691,/yh/study/uav-sat/v36_GvsK/v36_training_data/routes/route_C/vi/vi_000691.jpg,-143.3202362060547,59.01694107055664,1667.1092657217168,0.05824628270501306,6,0.03004942801680691,0.03004942801680691,1,0.03004942801680691,28.601752277198223,0.01686796864828007,1664.469864554657,1.3890260193412856,-145.27760009785635,61.49358088359827,3.156741701259675,4.48550323856769,1,0.0,0,0,0.5914980666673556,1.0,1670.6583251953125,0.8116743564605713,1,1,6,18,1,-25.327521163951584,-150.54306030273438,48.07878112792969,-142.91714477539062,55.794193267822266,1,-142.91714477539062,55.794193267822266,1667.1092529296875,2.9054133892059326,0.7294297218322754,0.1896440088748932,4.0,4.0,1,1663.114990234375,2.5498716831207275,4.909412951958925,18.525615692138672,7.783839702606201,0.5914980666673556,1663.114990234375,2.5498716831207275,1663.114990234375,2.5498716831207275,0.0,0.0,0.0,1,0.03756178502100864,0.03756082817186647,-0.0002681063370957696,2.524920701980591,-0.018772955983877182,0.5401402711868286,0.028718693181872368,-0.6454549576394677,0.0,-25.213470718551562,-25.213470718551562,53.81522299574979,2.7947635650634766,-0.03589911013841629,0.032038315964658386,1.0,1664.4049850406327,1.4150735185582688,5,5,6,2.704280681084157,0.9886817978168273,2.7042806810841284,2.494871273963784,-145.32577611111782,61.544245420522316,0.037561785021071374,0.03004942801680691,0.0075123570042644645,0,3.226369102901287,nan
GT+smooth-jitter_controlled_forward3x6_SoftMS_local_prior_3frame_causal_heading_continuous_waypoint_RNN_polynomial_Kalman,1,controlled_gt_jitter,8.0,-147.06458882900705,59.57431454729462,-3.7733138045929846,0.5415882594528201,0,0,6,-145.36105704763492,61.5655793232137,-143.29127502441406,59.0327262878418,-1,-145.36105346679688,61.56557846069336,-145.36105704763492,61.5655793232137,0.0,0,0.0,0.0,692,/yh/study/uav-sat/v36_GvsK/v36_training_data/routes/route_C/vi/vi_000692.jpg,-143.29127502441406,59.0327262878418,1667.1092657217168,0.03289634008950525,6,0.032983679703163356,0.032983679703163356,1,0.032983679703163356,28.592478713043935,-0.009273564154289857,1664.4462135411625,1.4147724710001817,-145.28840526235004,61.52682992317252,3.1951654309359547,5.132835533500741,1,0.0,0,0,0.25101340878371153,1.0,1670.627685546875,0.9204791784286499,1,1,6,18,1,-25.28760351072962,-150.54306030273438,48.07878112792969,-142.42120361328125,56.72320556640625,1,-142.42120361328125,56.72320556640625,1667.1092529296875,1.8590043783187866,0.8135901093482971,0.0023214221000671387,4.0,4.0,1,1663.1142578125,1.5021922588348389,4.454570912850134,18.78180694580078,7.837993621826172,0.25101340878371153,1663.1142578125,1.5021922588348389,1663.1142578125,1.5021922588348389,0.0,0.0,0.0,1,0.041229599628954186,0.0412285005297504,-0.000301047558087085,2.590416431427002,-0.01942862570285797,0.5642493963241577,0.029910774901509285,-0.6555704678002566,0.0,-25.22358622871235,-25.22358622871235,53.81606494175628,2.8723018169403076,-0.037339452654123306,0.004192393743384385,1.0,1664.364028081357,1.4198071611783853,5,5,6,2.745237640359875,0.9885103810148906,2.7452376403598464,2.5574327517238387,-145.36105704763492,61.5655793232137,0.04122959962901361,0.032983679703163356,0.008245919925850255,0,3.270984885694346,nan
GT+smooth-jitter_controlled_forward3x6_SoftMS_local_prior_3frame_causal_heading_continuous_waypoint_RNN_polynomial_Kalman,1,controlled_gt_jitter,8.0,-147.12067540134967,59.44406773189734,-3.809624986310607,0.41134144405554723,0,0,6,-145.37859628404658,61.582998161501656,-143.31105041503906,59.0327262878418,-1,-145.37860107421875,61.5829963684082,-145.37859628404658,61.582998161501656,0.0,0,0.0,0.0,693,/yh/study/uav-sat/v36_GvsK/v36_training_data/routes/route_C/vi/vi_000693.jpg,-143.31105041503906,59.0327262878418,1667.1092657217168,0.040186508055150776,6,0.019775390625,0.019775390625,1,0.019775390625,180.0,12.000000000000002,1664.3887466405831,1.4196239373139168,-145.33865247997872,61.55513537332205,3.2363123656811776,5.4216065739074315,1,0.0,0,0,0.40970180350903423,1.0,1670.6318359375,1.062228798866272,1,1,6,18,1,-25.26519744868336,-150.54306030273438,48.07878112792969,-142.47926330566406,56.38056945800781,1,-142.47926330566406,56.38056945800781,1667.1092529296875,2.1989119052886963,0.7888567447662354,0.06035543978214264,4.0,4.0,1,1663.1141357421875,1.8474518060684204,4.571359914869795,18.930492401123047,7.867341995239258,0.40970180350903423,1663.1141357421875,1.8474518060684204,1663.1141357421875,1.8474518060684204,0.0,0.0,0.0,1,0.02471923828125,0.024718559226231302,-0.00018322386446856912,2.6361091136932373,-0.018919095396995544,0.5836700201034546,0.031394630670547485,-0.6812011795475525,0.0,-25.249216940459647,-25.249216940459647,154.75078305954037,2.927698850631714,-0.03803165629506111,0.009743589262943969,1.0,1664.3408344154807,1.4283566994364123,5,5,6,2.768431306236181,0.9884133087688057,2.7684313062361525,2.6163337230682373,-145.37859628404658,61.582998161501656,0.024719238281272683,0.019775390625,0.004943847656272683,0,3.28308278147698,nan
GT+smooth-jitter_controlled_forward3x6_SoftMS_local_prior_3frame_causal_heading_continuous_waypoint_RNN_polynomial_Kalman,1,controlled_gt_jitter,8.0,-147.17245047258137,59.31195652373177,-3.8416399257063802,0.27923023588997714,0,0,6,-145.39860232014638,61.568511731283316,-143.330810546875,59.0327262878418,-1,-145.3986053466797,61.568511962890625,-145.39860232014638,61.568511731283316,0.0,0,0.0,0.0,694,/yh/study/uav-sat/v36_GvsK/v36_training_data/routes/route_C/vi/vi_000694.jpg,-143.330810546875,59.0327262878418,1667.1092657217168,0.047471050891193176,6,0.0197601318359375,0.0197601318359375,1,0.0197601318359375,180.0,0.0,1664.3655339255688,1.428176859778677,-145.35620763391614,61.572565209559315,3.2485404581851753,5.779201821484092,1,0.0,0,0,0.3760142909324542,1.0,1670.6312255859375,1.2041220664978027,1,1,6,18,1,-25.25960427080506,-136.2879638671875,57.50517272949219,-141.1564483642578,58.630859375,1,-141.1564483642578,58.630859375,1667.1092529296875,-0.3805413246154785,0.7406905889511108,0.03628388047218323,4.0,4.0,1,1663.1136474609375,-0.7327640056610107,4.207406122379294,19.076087951660156,7.897899150848389,0.3760142909324542,1663.1136474609375,-0.7327640056610107,1663.1136474609375,-0.5422467202598724,0.0,-0.19051728540113855,0.0,1,0.024700164794921875,0.024699510088133404,-0.0001798396577353551,2.6705713272094727,-0.01914867013692856,0.5933854579925537,0.03209874406456947,-0.675141947980105,0.0,-25.2431577088922,-25.2431577088922,154.75684229110783,2.9670217037200928,-0.03806288167834282,0.02328804921491985,1.0,1664.328662627812,1.406863776744358,5,5,6,2.78060309390483,0.9883623662927794,2.7806030939048014,2.650811195373535,-145.39860232014638,61.568511731283316,0.02470016479494402,0.0197601318359375,0.0049400329590065205,0,3.271997957331071,nan
GT+smooth-jitter_controlled_forward3x6_SoftMS_local_prior_3frame_causal_heading_continuous_waypoint_RNN_polynomial_Kalman,1,controlled_gt_jitter,8.0,-147.2218059834441,59.1781149118799,-3.869266920944115,0.1453886240381017,0,0,6,-145.42570541174638,61.566744519615604,-143.3525390625,59.0327262878418,-1,-145.4257049560547,61.56674575805664,-145.42570541174638,61.566744519615604,0.0,0,0.0,0.0,695,/yh/study/uav-sat/v36_GvsK/v36_training_data/routes/route_C/vi/vi_000695.jpg,-143.3525390625,59.0327262878418,1667.1092657217168,0.05548123544603826,6,0.021728515625,0.021728515625,1,0.021728515625,180.0,0.0,1664.355822564567,1.4066676981246944,-145.37398274156465,61.55704103113829,3.233944877522567,5.70100502417066,1,0.0,0,0,0.46569708902005114,1.0,1670.627685546875,1.3467319011688232,1,1,6,18,1,-25.25384796879947,-145.7506561279297,57.56512451171875,-141.91915893554688,57.300819396972656,1,-141.91915893554688,57.300819396972656,1667.1092529296875,1.1369946002960205,0.7896524667739868,0.0829286128282547,4.0,4.0,1,1663.1129150390625,0.7864280939102173,4.214452067634179,19.50566864013672,7.987590789794922,0.46569708902005114,1663.1129150390625,0.7864280939102173,1663.1129150390625,0.7864280939102173,0.0,0.0,0.0,1,0.02716064453125,0.02715993675485699,-0.00019607861966347217,2.7834675312042236,-0.01917671598494053,0.647327184677124,0.03502490743994713,-0.763589055750362,0.0,-25.331604816662455,-25.331604816662455,154.66839518333757,3.106832981109619,-0.04307206720113754,0.01202453958839458,1.0,1664.3047479830584,1.3939878155117538,5,5,6,2.804517738658461,0.9882622765401314,2.804517738658433,2.7617390155792236,-145.42570541174638,61.566744519615604,0.02716064453131291,0.021728515625,0.0054321289063129115,0,3.2740291859740047,nan
GT+smooth-jitter_controlled_forward3x6_SoftMS_local_prior_3frame_causal_heading_continuous_waypoint_RNN_polynomial_Kalman,1,controlled_gt_jitter,8.0,-147.29601304913334,59.09276841036841,-3.892418078430211,0.009955147428954363,0,0,6,-145.43056879787167,61.65601476610362,-143.40359497070312,59.08281326293945,-1,-145.43057250976562,61.65601348876953,-145.43056879787167,61.65601476610362,0.0,0,0.0,0.0,696,/yh/study/uav-sat/v36_GvsK/v36_training_data/routes/route_C/vi/vi_000696.jpg,-143.40359497070312,59.08281326293945,1667.1092657217168,0.027743626145950932,6,0.07152210033884047,0.07152210033884047,1,0.07152210033884047,135.54886787448316,-12.000000000000002,1664.3941483971073,1.3933590066984316,-145.3446600067089,61.5290023448644,3.1227511105646726,5.180970865815333,1,0.0,0,0,0.5986654477155582,1.0,1670.665283203125,1.4534237384796143,1,1,6,18,1,-25.281062857547386,-150.54306030273438,48.07878112792969,-142.9436798095703,54.894920349121094,1,-142.9436798095703,54.894920349121094,1667.1092529296875,3.751131534576416,0.7163981199264526,0.22195886075496674,4.0,4.0,1,1663.1126708984375,3.403186798095703,5.316290600917186,19.68557357788086,8.023809432983398,0.5986654477155582,1663.1126708984375,3.403186798095703,1663.1126708984375,3.403186798095703,0.0,0.0,0.0,1,0.0894026254235506,0.08940041404881738,-0.0006288088133222261,2.838867425918579,-0.01907680369913578,0.6693145036697388,0.0364823155105114,-0.8215365407513089,0.0,-25.389552301663404,-25.389552301663404,160.93842017614656,3.1731863021850586,-0.046337638050317764,0.05020411275730424,1.0,1664.2632087144539,1.4731542136642088,5,5,6,2.846057007262999,0.9880884226040753,2.8460570072629707,2.7673453255797384,-145.43056879787167,61.65601476610362,0.08940262542360997,0.07152210033884047,0.01788052508476949,0,3.2756661722331564,nan
GT+smooth-jitter_controlled_forward3x6_SoftMS_local_prior_3frame_causal_heading_continuous_waypoint_RNN_polynomial_Kalman,1,controlled_gt_jitter,8.0,-147.3656756805983,59.00598448889735,-3.9110095429029603,-0.1269271932315561,0,0,6,-145.44848408287606,61.7436281118308,-143.4546661376953,59.132911682128906,-1,-145.448486328125,61.743629455566406,-145.44848408287606,61.7436281118308,0.0,0,0.0,0.0,697,/yh/study/uav-sat/v36_GvsK/v36_training_data/routes/route_C/vi/vi_000697.jpg,-143.4546661376953,59.132911682128906,1667.1092657217168,1.0039039620508487e-06,6,0.07154100714433692,0.07154100714433692,1,0.07154100714433692,135.55088320813044,0.0020153336472882913,1664.3526328706882,1.472540969791231,-145.34949532858352,61.61827687580941,3.1252868362120867,4.941273855720402,1,0.0,0,0,0.5737235294616595,1.0,1670.697998046875,1.5597763061523438,1,1,6,18,1,-25.319034173660164,-150.54306030273438,48.07878112792969,-142.76589965820312,55.46159744262695,1,-142.76589965820312,55.46159744262695,1667.1092529296875,3.158827781677246,0.7617470622062683,0.18784333765506744,4.0,4.0,1,1663.1121826171875,2.798579692840576,4.879420696549783,19.894649505615234,8.068695068359375,0.5737235294616595,1663.1121826171875,2.798579692840576,1663.1121826171875,2.798579692840576,0.0,0.0,0.0,1,0.08942625893042115,0.0894241562344481,-0.0006132438729777526,2.873636245727539,-0.020593568682670593,0.6778561472892761,0.03622046485543251,-0.8178457306394161,0.0,-25.385861491551513,-25.385861491551513,160.93674469968198,3.2122013568878174,-0.04833799600601196,0.029487409282101706,1.0,1664.210488051811,1.545387083722014,5,5,6,2.898777669905968,0.9878677712777548,2.8987776699059395,2.802095238583202,-145.44848408287606,61.7436281118308,0.08942625893047192,0.07154100714433692,0.017885251786134995,0,3.2849886262877996,nan
GT+smooth-jitter_controlled_forward3x6_SoftMS_local_prior_3frame_causal_heading_continuous_waypoint_RNN_polynomial_Kalman,1,controlled_gt_jitter,8.0,-147.38292376284898,58.82469075296785,-3.9249617267161527,-0.26511103536223485,0,0,6,-145.45814281442034,61.796802641521715,-143.4579620361328,59.08980178833008,-1,-145.45814514160156,61.79680252075195,-145.45814281442034,61.796802641521715,0.0,0,0.0,0.0,698,/yh/study/uav-sat/v36_GvsK/v36_training_data/routes/route_C/vi/vi_000698.jpg,-143.4579620361328,59.08980178833008,1667.1092657217168,0.041289647256350856,6,0.043235701565448835,0.043235701565448835,1,0.043235701565448835,-94.37195282585296,12.000000000000002,1664.264531343399,1.5450071663448752,-145.39949137920982,61.720812838648804,3.2698249703811797,5.514178098642837,1,0.0,0,0,0.2479354815519229,1.0,1670.647216796875,1.7346597909927368,1,1,6,18,1,-25.342423729586052,-150.54306030273438,48.07878112792969,-142.3855743408203,55.99685287475586,1,-142.3855743408203,55.99685287475586,1667.1092529296875,2.521064519882202,0.8210464119911194,0.002730637788772583,4.0,4.0,1,1663.1121826171875,2.170509099960327,4.580954902114449,19.95693588256836,8.079998016357422,0.2479354815519229,1663.1121826171875,2.170509099960327,1663.1121826171875,2.170509099960327,0.0,0.0,0.0,1,0.054044626956811045,0.05404329158820191,-0.0003799173771387792,2.897751569747925,-0.020338788628578186,0.6839156746864319,0.03696426376700401,-0.847313141070408,0.0,-25.4153289019825,-25.4153289019825,68.95662392387045,3.2393276691436768,-0.04976483806967735,0.003911608561387989,1.0,1664.1795951987208,1.5897317940136404,5,5,6,2.9296705229960764,0.987738475691045,2.929670522996048,2.854515868182476,-145.45814281442034,61.796802641521715,0.05404462695675008,0.043235701565448835,0.010808925391301245,0,3.3657951163151862,nan
GT+smooth-jitter_controlled_forward3x6_SoftMS_local_prior_3frame_causal_heading_continuous_waypoint_RNN_polynomial_Kalman,1,controlled_gt_jitter,8.0,-147.39545747227186,58.64225094290298,-3.934199537701543,-0.4044447663255324,0,0,6,-145.4612569623287,61.85075271008948,-143.4612579345703,59.046695709228516,-1,-145.4612579345703,61.85075378417969,-145.4612569623287,61.85075271008948,0.0,0,0.0,0.0,699,/yh/study/uav-sat/v36_GvsK/v36_training_data/routes/route_C/vi/vi_000699.jpg,-143.4612579345703,59.046695709228516,1667.1092657217168,0.08257474458490477,6,0.04323189796921341,0.04323189796921341,1,0.04323189796921341,-94.37233822408508,-0.00038539823212023694,1664.2336337382626,1.5893522418576433,-145.4091542807407,61.773989676270155,3.3514821434830355,5.110279271656137,1,0.0,0,0,0.5877307938373462,1.0,1670.5916748046875,1.9088706970214844,1,1,6,18,1,-25.367940515912426,-150.54306030273438,48.07878112792969,-143.0069122314453,54.88444519042969,1,-143.0069122314453,54.88444519042969,1667.1092529296875,3.784179449081421,0.736279308795929,0.21667475998401642,4.0,4.0,1,1663.112060546875,3.4372806549072266,5.347576429729597,20.119836807250977,8.113557815551758,0.5877307938373462,1663.112060546875,3.4372806549072266,1663.112060546875,3.4372806549072266,0.0,0.0,0.0,1,0.05403987246151676,0.05403853954186656,-0.00037955215599698135,2.944544792175293,-0.020602012053132057,0.7017738223075867,0.03788122162222862,-0.9037975248459441,0.0,-25.47181328575804,-25.47181328575804,68.90052493832704,3.2949955463409424,-0.05364197865128517,0.04135237171739082,1.0,1664.154331989045,1.6375028946136478,5,5,6,2.95493373267189,0.9876327418014725,2.9549337326718614,2.9013128942060797,-145.4612569623287,61.85075271008948,0.054039872461559696,0.04323189796921341,0.010807974492346287,0,3.4442316668760604,nan
GT+smooth-jitter_controlled_forward3x6_SoftMS_local_prior_3frame_causal_heading_continuous_waypoint_RNN_polynomial_Kalman,1,controlled_gt_jitter,8.0,-147.40352687256433,58.4545559660653,-3.9386526049861983,-0.5447726472159485,0,0,6,-145.46628563880162,61.90992058021304,-143.46487426757812,58.99932861328125,-1,-145.46627807617188,61.90991973876953,-145.46628563880162,61.90992058021304,0.0,0,0.0,0.0,700,/yh/study/uav-sat/v36_GvsK/v36_training_data/routes/route_C/vi/vi_000700.jpg,-143.46487426757812,58.99932861328125,1667.1092657217168,0.1279388782586986,6,0.047504943352254005,0.047504943352254005,1,0.047504943352254005,-94.36588808746284,0.006450136622248282,1664.2137117098423,1.637086721500518,-145.40742601936793,61.82568571940484,3.4295483375682214,4.8979346334881795,1,0.0,0,0,0.5745928244626894,1.0,1670.5299072265625,2.0863208770751953,1,1,6,18,1,-25.404296012038817,-150.54306030273438,48.07878112792969,-142.80604553222656,54.9804573059082,1,-142.80604553222656,54.9804573059082,1667.1092529296875,3.620880365371704,0.7601665258407593,0.13713285326957703,4.0,4.0,1,1663.1119384765625,3.267369031906128,5.278611637628019,20.172048568725586,8.124972343444824,0.5745928244626894,1663.1119384765625,3.267369031906128,1663.1119384765625,3.267369031906128,0.0,0.0,0.0,1,0.0593811791903175,0.05937972079736064,-0.00041617311312988587,2.9494497776031494,-0.020902197808027267,0.7008895874023438,0.037833213806152344,-0.8808025190663326,0.0,-25.448818279978425,-25.448818279978425,68.9170698074844,3.2994742393493652,-0.052712321281433105,0.03498638380366746,1.0,1664.125158154375,1.689223410974903,5,5,6,2.9841075673419084,0.9875106408074583,2.98410756734188,2.9019448342508953,-145.46628563880162,61.90992058021304,0.05938117919027723,0.047504943352254005,0.011876235838023226,0,3.532307047077106,nan
GT+smooth-jitter_controlled_forward3x6_SoftMS_local_prior_3frame_causal_heading_continuous_waypoint_RNN_polynomial_Kalman,1,controlled_gt_jitter,8.0,-147.36910267010248,58.26886851815776,-3.938255502133726,-0.6859349486391131,0,0,6,-145.47343733590006,61.9796028753504,-143.43084716796875,58.954803466796875,-1,-145.4734344482422,61.9796028137207,-145.47343733590006,61.9796028753504,0.0,0,0.0,0.0,701,/yh/study/uav-sat/v36_GvsK/v36_training_data/routes/route_C/vi/vi_000701.jpg,-143.43084716796875,58.954803466796875,1667.1092657217168,0.15678402944459705,6,0.05603866680499617,0.05603866680499617,1,0.05603866680499617,-52.6121391529262,12.000000000000002,1664.1952047462157,1.6887294489339042,-145.40278585680431,61.88034784423381,3.5280805116776164,5.240772752922327,1,0.0,0,0,0.37266972679261123,1.0,1670.429443359375,2.24623966217041,1,1,6,18,1,-25.419878821825936,-150.54306030273438,48.07878112792969,-142.6219940185547,55.456703186035156,1,-142.6219940185547,55.456703186035156,1667.1092529296875,3.1103267669677734,0.8067827224731445,0.049486324191093445,4.0,4.0,1,1663.11181640625,2.761561632156372,5.02427424574115,20.29241180419922,8.149958610534668,0.37266972679261123,1663.11181640625,2.761561632156372,1663.11181640625,2.761561632156372,0.0,0.0,0.0,1,0.0700483335062452,0.07004659184074702,-0.0004939620409986454,2.979984760284424,-0.021341955289244652,0.7114572525024414,0.038209062069654465,-0.9221954931490197,0.0,-25.490211254061116,-25.490211254061116,27.12192789886508,3.335245370864868,-0.05592428147792816,0.010950003220586832,1.0,1664.0896818838853,1.7496237690793466,5,5,6,3.0195838378315614,0.9873621622841617,3.019583837831533,2.9239460934794277,-145.47343733590006,61.9796028753504,0.07004833350621692,0.05603866680499617,0.014009666701220752,0,3.6498748000603274,nan
GT+smooth-jitter_controlled_forward3x6_SoftMS_local_prior_3frame_causal_heading_continuous_waypoint_RNN_polynomial_Kalman,1,controlled_gt_jitter,8.0,-147.3297527765434,58.08251022184418,-3.932947966973084,-0.8277680984683154,0,0,6,-145.4813424283354,62.04921538459222,-143.3968048095703,58.9102783203125,-1,-145.48133850097656,62.049217224121094,-145.4813424283354,62.04921538459222,0.0,0,0.0,0.0,702,/yh/study/uav-sat/v36_GvsK/v36_training_data/routes/route_C/vi/vi_000702.jpg,-143.3968048095703,58.9102783203125,1667.1092657217168,0.18562355550089235,6,0.05604793336763381,0.05604793336763381,1,0.05604793336763381,-52.59974546193358,0.012393690992618271,1664.1597400284431,1.7491254614775933,-145.4099288538398,61.950021383911476,3.6459163882779917,4.959741157763572,1,0.0,0,0,0.5856104182041064,1.0,1670.32421875,2.404966354370117,1,1,6,18,1,-25.44449519712063,-150.54306030273438,48.07878112792969,-142.87757873535156,55.135860443115234,1,-142.87757873535156,55.135860443115234,1667.1092529296875,3.502793073654175,0.7401345372200012,0.21761707961559296,4.0,4.0,1,1663.1116943359375,3.1542553901672363,5.316879961096251,20.33003044128418,8.156967163085938,0.5856104182041064,1663.1116943359375,3.1542553901672363,1663.1116943359375,3.1542553901672363,0.0,0.0,0.0,1,0.07005991670954226,0.07005814455780308,-0.0004983076017533655,2.992918014526367,-0.021128281950950623,0.7154318690299988,0.038666121661663055,-0.9451609370161298,0.0,-25.513176697928223,-25.513176697928223,27.086568764005357,3.3501484394073486,-0.05706509202718735,0.02797669408840835,1.0,1664.053549439286,1.8096474175574677,5,5,6,3.05571628243095,0.9872109374811268,3.0557162824309216,2.9368700811587334,-145.4813424283354,62.04921538459222,0.07005991670958588,0.05604793336763381,0.014011983341952063,0,3.7680529425096814,nan
GT+smooth-jitter_controlled_forward3x6_SoftMS_local_prior_3frame_causal_heading_continuous_waypoint_RNN_polynomial_Kalman,1,controlled_gt_jitter,8.0,-147.28543756864747,57.895640702902014,-3.9226751174755887,-0.9701048415315778,0,0,6,-145.4861819971205,62.11911554307909,-143.36276245117188,58.865745544433594,-1,-145.48617553710938,62.11911392211914,-145.4861819971205,62.11911554307909,0.0,0,0.0,0.0,703,/yh/study/uav-sat/v36_GvsK/v36_training_data/routes/route_C/vi/vi_000703.jpg,-143.36276245117188,58.865745544433594,1667.1092657217168,0.21447017360485743,6,0.05605399444115078,0.05605399444115078,1,0.05605399444115078,-52.60448205610789,-0.004736594174310454,1664.1236151746614,1.809151122485106,-145.41782620591104,62.019632567426804,3.764344616244322,4.811794265772968,1,0.0,0,0,0.5739117996728793,1.0,1670.214111328125,2.562337636947632,1,1,6,18,1,-25.468533727739374,-150.54306030273438,48.07878112792969,-142.91461181640625,55.03466796875,1,-142.91461181640625,55.03466796875,1667.1092529296875,3.6105105876922607,0.7614047527313232,0.17860956490039825,4.0,4.0,1,1663.111572265625,3.257638692855835,5.437292379356673,20.40765380859375,8.173709869384766,0.5739117996728793,1663.111572265625,3.257638692855835,1663.111572265625,3.257638692855835,0.0,0.0,0.0,1,0.07006749305143847,0.07006573537553522,-0.0004962950723616796,3.004856586456299,-0.021693555638194084,0.7199137806892395,0.038569770753383636,-0.9463099029005728,0.0,-25.514325663812663,-25.514325663812663,27.090156392295224,3.3643147945404053,-0.057979829609394073,0.02863285720980517,1.0,1664.0200853945794,1.8712072363875576,5,5,6,3.089180327137484,0.9870708807087272,3.0891803271374556,2.948802592015148,-145.4861819971205,62.11911554307909,0.07006749305144781,0.05605399444115078,0.014013498610297034,0,3.885013116606332,nan
GT+smooth-jitter_controlled_forward3x6_SoftMS_local_prior_3frame_causal_heading_continuous_waypoint_RNN_polynomial_Kalman,1,controlled_gt_jitter,8.0,-147.284203458937,57.74531503587203,-3.9073876630385587,-1.1127744111494546,0,0,6,-145.49099707785203,62.138531786440765,-143.37681579589844,58.858089447021484,-1,-145.49099731445312,62.13853073120117,-145.49099707785203,62.138531786440765,0.0,0,0.0,0.0,704,/yh/study/uav-sat/v36_GvsK/v36_training_data/routes/route_C/vi/vi_000704.jpg,-143.37681579589844,58.858089447021484,1667.1092657217168,0.22676778780596063,6,0.016003509789646455,0.016003509789646455,1,0.016003509789646455,-151.41896973537422,-12.000000000000002,1664.0400892692812,1.87106403847252,-145.46804864409387,62.11066823482488,3.866849311292098,4.727775001805545,1,0.0,0,0,0.5698750542438403,1.0,1670.1575927734375,2.7016208171844482,1,1,6,18,1,-25.484560873348514,-150.54306030273438,48.07878112792969,-142.82220458984375,55.3155517578125,1,-142.82220458984375,55.3155517578125,1667.1092529296875,3.3153438568115234,0.7687442898750305,0.1715312898159027,4.0,4.0,1,1663.1114501953125,2.9585254192352295,5.252059884060027,20.48164176940918,8.190040588378906,0.5698750542438403,1663.1114501953125,2.9585254192352295,1663.1114501953125,2.9585254192352295,0.0,0.0,0.0,1,0.02000438723705807,0.020003874701849656,-0.0001431979150376211,3.019775152206421,-0.0221470445394516,0.7257707118988037,0.03858356550335884,-0.9606835024003358,0.0,-25.52869926331243,-25.52869926331243,125.89027047206177,3.3821370601654053,-0.059569574892520905,0.018875709784633935,1.0,1664.0076334781202,1.8868637138082116,5,5,6,3.101632243596697,0.9870187658121341,3.1016322435966686,3.0037716424167744,-145.49099707785203,62.138531786440765,0.020004387237078185,0.016003509789646455,0.0040008774474317305,0,3.902699634255444,nan
GT+smooth-jitter_controlled_forward3x6_SoftMS_local_prior_3frame_causal_heading_continuous_waypoint_RNN_polynomial_Kalman,1,controlled_gt_jitter,8.0,-147.2778807335815,57.59484208129363,-3.887042110534633,-1.2556027124075437,0,0,6,-145.49702160096749,62.15756513231095,-143.39083862304688,58.85044479370117,-1,-145.4970245361328,62.15756607055664,-145.49702160096749,62.15756513231095,0.0,0,0.0,0.0,705,/yh/study/uav-sat/v36_GvsK/v36_training_data/routes/route_C/vi/vi_000705.jpg,-143.39083862304688,58.85044479370117,1667.1092657217168,0.23904351367635293,6,0.015971236821947156,0.015971236821947156,1,0.015971236821947156,-151.40264649762923,0.016323237744975322,1664.0275969987026,1.8867188699738184,-145.47290110994882,62.13009975943491,3.8847291918004148,4.685941420940514,1,0.0,0,0,0.5659677999055759,1.0,1670.09619140625,2.839164972305298,1,1,6,18,1,-25.500009267147203,-150.54306030273438,48.07878112792969,-142.833251953125,55.46500015258789,1,-142.833251953125,55.46500015258789,1667.1092529296875,3.1804940700531006,0.775848388671875,0.1532379537820816,4.0,4.0,1,1663.1114501953125,2.8269758224487305,5.173374049868546,20.52358627319336,8.198495864868164,0.5659677999055759,1663.1114501953125,2.8269758224487305,1663.1114501953125,2.8269758224487305,0.0,0.0,0.0,1,0.01996404602743394,0.019963520582531008,-0.00014484383439315862,3.0322012901306152,-0.022351106628775597,0.7289596796035767,0.03872902691364288,-0.9730262945607835,0.0,-25.54104205547288,-25.54104205547288,125.86160444215635,3.3961405754089355,-0.06066757068037987,0.015887417047755925,1.0,1663.9942408105958,1.9016691043928824,5,5,6,3.1150249111210826,0.9869627135983705,3.115024911121054,3.016230053308668,-145.49702160096749,62.15756513231095,0.019964046027364703,0.015971236821947156,0.0039928092054175475,0,3.9208483355683352,nan
GT+smooth-jitter_controlled_forward3x6_SoftMS_local_prior_3frame_causal_heading_continuous_waypoint_RNN_polynomial_Kalman,1,controlled_gt_jitter,8.0,-147.2652111939796,57.44507045417602,-3.8616009644874216,-1.3984125170153876,0,0,6,-145.50951463993837,62.17077570154696,-143.4036102294922,58.843482971191406,-1,-145.509521484375,62.1707763671875,-145.50951463993837,62.17077570154696,0.0,0,0.0,0.0,706,/yh/study/uav-sat/v36_GvsK/v36_training_data/routes/route_C/vi/vi_000706.jpg,-143.4036102294922,58.843482971191406,1667.1092657217168,0.25022324065284357,6,0.014545820838007978,0.014545820838007978,1,0.014545820838007978,-151.40513004300732,-0.0024835453780786875,1664.0124225996228,1.9015360252950322,-145.48054117005665,62.14988460112733,3.9046041886876255,5.221936043595711,1,0.0,0,0,0.2955713393128291,1.0,1670.0291748046875,2.973717451095581,1,1,6,18,1,-25.514370700372506,-150.54306030273438,48.07878112792969,-142.3756561279297,55.97117614746094,1,-142.3756561279297,55.97117614746094,1667.1092529296875,2.541276454925537,0.8285438418388367,0.023434415459632874,4.0,4.0,1,1663.1114501953125,2.192470073699951,4.823944300779282,20.562578201293945,8.205716133117676,0.2955713393128291,1663.1114501953125,2.192470073699951,1663.1114501953125,2.192470073699951,0.0,0.0,0.0,1,0.018182276047509972,0.0181817890269789,-0.0001330790978501146,3.048285484313965,-0.022405635565519333,0.734245240688324,0.039049722254276276,-0.9997976478994717,0.0,-25.567813408811567,-25.567813408811567,125.83731663419574,3.4148378372192383,-0.06247536838054657,0.0028341640977843246,1.0,1663.9773861869091,1.9084894286262857,5,5,6,3.131879534807723,0.9868921720898869,3.1318795348076947,3.033739663475957,-145.50951463993837,62.17077570154696,0.01818227604750018,0.014545820838007978,0.0036364552094922033,0,3.9377290789760537,nan
GT+smooth-jitter_controlled_forward3x6_SoftMS_local_prior_3frame_causal_heading_continuous_waypoint_RNN_polynomial_Kalman,1,controlled_gt_jitter,8.0,-147.23464315023045,57.316825451526235,-3.8310329207382705,-1.541023669567513,0,0,6,-145.51533763082148,62.18776308843073,-143.4036102294922,58.85784912109375,-1,-145.5153350830078,62.18776321411133,-145.51533763082148,62.18776308843073,0.0,0,0.0,0.0,707,/yh/study/uav-sat/v36_GvsK/v36_training_data/routes/route_C/vi/vi_000707.jpg,-143.4036102294922,58.85784912109375,1667.1092657217168,0.23686891489064027,6,0.01436614990234375,0.01436614990234375,1,0.01436614990234375,90.0,-12.000000000000002,1663.9953433910384,1.9083576871308752,-145.49323790574425,62.163189763244,3.910475749318594,5.23096242346276,1,0.0,0,0,0.4932944329417125,1.0,1669.9534912109375,3.0816609859466553,1,1,6,18,1,-25.53307560030141,-150.54306030273438,48.07878112792969,-142.6569061279297,55.46365737915039,1,-142.6569061279297,55.46365737915039,1667.1092529296875,3.116732597351074,0.7906426787376404,0.09418539702892303,4.0,4.0,1,1663.111572265625,2.7751660346984863,5.130076301636018,20.585084915161133,8.208344459533691,0.4932944329417125,1663.111572265625,2.7751660346984863,1663.111572265625,2.7751660346984863,0.0,0.0,0.0,1,0.017957687377929688,0.017957204129313734,-0.0001317414954105647,3.06644344329834,-0.02202942781150341,0.7400416135787964,0.039736710488796234,-1.0440770172367237,0.0,-25.612092778148817,-25.612092778148817,115.61209277814882,3.435854434967041,-0.06477849930524826,0.010956009484008851,1.0,1663.965027461413,1.9215178759656355,5,5,6,3.144238260303865,0.9868404472246131,3.144238260303837,3.052077293395996,-145.51533763082148,62.18776308843073,0.017957687377933247,0.01436614990234375,0.003591537475589497,0,3.943059680931909,nan
GT+smooth-jitter_controlled_forward3x6_SoftMS_local_prior_3frame_causal_heading_continuous_waypoint_RNN_polynomial_Kalman,1,controlled_gt_jitter,8.0,-147.1989232824662,57.19026659247133,-3.7953130529740102,-1.683253304989605,0,0,6,-145.51438118248538,62.207328194653364,-143.4036102294922,58.87351989746094,-1,-145.51437377929688,62.20732879638672,-145.51438118248538,62.207328194653364,0.0,0,0.0,0.0,708,/yh/study/uav-sat/v36_GvsK/v36_training_data/routes/route_C/vi/vi_000708.jpg,-143.4036102294922,58.87351989746094,1667.1092657217168,0.22230184897690392,6,0.0156707763671875,0.0156707763671875,1,0.0156707763671875,90.0,0.0,1663.9846154167662,1.921375819632046,-145.49758206863876,62.179489746512374,3.913330385487031,4.7966733694922565,1,0.0,0,0,0.6442267404830828,1.0,1669.8736572265625,3.186138153076172,1,1,6,18,1,-25.56073156985932,-150.54306030273438,48.07878112792969,-143.43251037597656,54.45597839355469,1,-143.43251037597656,54.45597839355469,1667.1092529296875,4.339365005493164,0.6335594058036804,0.37918588519096375,4.0,4.0,1,1663.111328125,3.990628242492676,5.909786782020156,20.696353912353516,8.233428001403809,0.6442267404830828,1663.111328125,3.990628242492676,1663.111328125,3.990628242492676,0.0,0.0,0.0,1,0.019588470458984375,0.019587955353241714,-0.00014205633358939417,3.0785350799560547,-0.022767530754208565,0.7445640563964844,0.03949138894677162,-1.0448671847463298,0.0,-25.612882945658423,-25.612882945658423,115.61288294565843,3.450188159942627,-0.0659482330083847,0.05189483988617935,1.0,1663.957762674777,1.9397093863498183,5,5,6,3.15150304693978,0.9868100419769115,3.1515030469397516,3.062864303588867,-145.51438118248538,62.207328194653364,0.01958847045898828,0.0156707763671875,0.003917694091800782,0,3.945837272167829,nan
GT+smooth-jitter_controlled_forward3x6_SoftMS_local_prior_3frame_causal_heading_continuous_waypoint_RNN_polynomial_Kalman,1,controlled_gt_jitter,8.0,-147.1580332209858,57.063095855456375,-3.754422991493602,-1.8249160769166697,0,0,6,-145.52099054119586,62.22419446820511,-143.4036102294922,58.88801193237305,-1,-145.52099609375,62.22419357299805,-145.52099054119586,62.22419446820511,0.0,0,0.0,0.0,709,/yh/study/uav-sat/v36_GvsK/v36_training_data/routes/route_C/vi/vi_000709.jpg,-143.4036102294922,58.88801193237305,1667.1092657217168,0.20883050442814918,6,0.014492034912109375,0.014492034912109375,1,0.014492034912109375,90.0,0.0,1663.9758772316047,1.9395765819023147,-145.49796178293957,62.199675866599826,3.918344860101756,5.0989655257710575,1,0.0,0,0,0.4047713922298327,1.0,1669.788818359375,3.289278030395508,1,1,6,18,1,-25.57898450336424,-150.54306030273438,48.07878112792969,-142.56710815429688,55.533409118652344,1,-142.56710815429688,55.533409118652344,1667.1092529296875,3.018789529800415,0.7966005206108093,0.06008690595626831,4.0,4.0,1,1663.1114501953125,2.6778693199157715,5.047842257248562,20.649513244628906,8.222902297973633,0.4047713922298327,1663.1114501953125,2.6778693199157715,1663.1114501953125,2.6778693199157715,0.0,0.0,0.0,1,0.01811504364013672,0.01811455682766711,-0.00013280444750357322,3.07745099067688,-0.02223009057343006,0.7407885193824768,0.03989548236131668,-1.0351205048007215,0.0,-25.603136265712816,-25.603136265712816,115.60313626571282,3.4472413063049316,-0.06456825882196426,0.007029956422373365,1.0,1663.9447391283054,1.9523007343072922,5,5,6,3.164526593411466,0.9867555346422477,3.1645265934114377,3.0629589557647705,-145.52099054119586,62.22419446820511,0.01811504364019527,0.014492034912109375,0.003623008728085894,0,3.9513811884936136,nan
GT+smooth-jitter_controlled_forward3x6_SoftMS_local_prior_3frame_causal_heading_continuous_waypoint_RNN_polynomial_Kalman,1,controlled_gt_jitter,8.0,-147.1218337596161,56.94014331568414,-3.7083510936004718,-1.9658243967182079,0,0,6,-145.53152726600743,62.247540392458816,-143.41348266601562,58.905967712402344,-1,-145.53152465820312,62.24753952026367,-145.53152726600743,62.247540392458816,0.0,0,0.0,0.0,710,/yh/study/uav-sat/v36_GvsK/v36_training_data/routes/route_C/vi/vi_000710.jpg,-143.41348266601562,58.905967712402344,1667.1092657217168,0.19577882909053215,6,0.020490852577913863,0.020490852577913863,1,0.020490852577913863,118.80284949589718,12.000000000000002,1663.970352016812,1.9521144781418496,-145.4977738701158,62.21337592241684,3.9093757674545184,4.944002003202648,1,0.0,0,0,0.5623791919982806,1.0,1669.7098388671875,3.390226125717163,1,1,6,18,1,-25.58743760951407,-150.54306030273438,48.07878112792969,-142.67642211914062,55.60289764404297,1,-142.67642211914062,55.60289764404297,1667.1092529296875,2.9944937229156494,0.7823731303215027,0.13895021378993988,4.0,4.0,1,1663.1112060546875,2.634706497192383,5.0030731831965864,20.763656616210938,8.249334335327148,0.5623791919982806,1663.1112060546875,2.634706497192383,1663.1112060546875,2.634706497192383,0.0,0.0,0.0,1,0.02561356572239232,0.025612888506690253,-0.00018625616544260557,3.084726572036743,-0.023098193109035492,0.7479298710823059,0.039464451372623444,-1.0310406407104025,0.0,-25.599056401622498,-25.599056401622498,144.4019058975197,3.458071231842041,-0.0656014084815979,0.010532256887950515,1.0,1663.9254497017982,1.969152226052495,5,5,6,3.1838160199186234,0.986674802774904,3.183816019918595,3.0642357194588294,-145.53152726600743,62.247540392458816,0.025613565722376164,0.020490852577913863,0.005122713144462301,0,3.956288779102739,nan
GT+smooth-jitter_controlled_forward3x6_SoftMS_local_prior_3frame_causal_heading_continuous_waypoint_RNN_polynomial_Kalman,1,controlled_gt_jitter,8.0,-147.0814395288466,56.819916273203944,-3.6570926050184815,-2.1057886828507435,0,0,6,-145.5304394490745,62.27568159733411,-143.42434692382812,58.92570495605469,-1,-145.5304412841797,62.27568054199219,-145.5304394490745,62.27568159733411,0.0,0,0.0,0.0,711,/yh/study/uav-sat/v36_GvsK/v36_training_data/routes/route_C/vi/vi_000711.jpg,-143.42434692382812,58.92570495605469,1667.1092657217168,0.18143679404622348,6,0.02252977773544273,0.02252977773544273,1,0.02252977773544273,118.83034455416607,0.027495058268898007,1663.9536111548018,1.9689440860900405,-145.50600185488034,62.23564231932451,3.910111584180635,4.713697835058325,1,0.0,0,0,0.6111675994432345,1.0,1669.6279296875,3.4870941638946533,1,1,6,18,1,-25.591504240112872,-150.54306030273438,48.07878112792969,-143.20762634277344,54.54988479614258,1,-143.20762634277344,54.54988479614258,1667.1092529296875,4.1691694259643555,0.693666934967041,0.2876046299934387,4.0,4.0,1,1663.1112060546875,3.821268320083618,5.734430638135516,20.753929138183594,8.245119094848633,0.6111675994432345,1663.1112060546875,3.821268320083618,1663.1112060546875,3.821268320083618,0.0,0.0,0.0,1,0.02816222216930341,0.028161453003515885,-0.00020813996245450616,3.092358112335205,-0.02292713150382042,0.7480236291885376,0.03972303867340088,-1.0582159357054735,0.0,-25.626231696617566,-25.626231696617566,144.45657625078366,3.4657223224639893,-0.06708305329084396,0.04141625161616743,1.0,1663.914738679069,1.9951980462470114,5,5,6,3.194527042647934,0.9866299740255488,3.1945270426479055,3.0698283345997623,-145.5304394490745,62.27568159733411,0.028162222169300144,0.02252977773544273,0.005632444433857416,0,3.957015191026742,nan
GT+smooth-jitter_controlled_forward3x6_SoftMS_local_prior_3frame_causal_heading_continuous_waypoint_RNN_polynomial_Kalman,1,controlled_gt_jitter,8.0,-147.0348996896722,56.69905455999075,-3.6006498117425014,-2.244617620185033,0,0,6,-145.54188182598983,62.29863180598284,-143.4342498779297,58.94367218017578,-1,-145.54188537597656,62.29863357543945,-145.54188182598983,62.29863180598284,0.0,0,0.0,0.0,712,/yh/study/uav-sat/v36_GvsK/v36_training_data/routes/route_C/vi/vi_000712.jpg,-143.4342498779297,58.94367218017578,1667.1092657217168,0.168385730896308,6,0.020515595106047172,0.020515595106047172,1,0.020515595106047172,118.86213570637626,0.031791152210183145,1663.9403824701276,1.9950081867347074,-145.5071961712764,62.26484692596407,3.9150106037100096,4.775571225964829,1,0.0,0,0,0.5217566745317355,1.0,1669.5400390625,3.5822865962982178,1,1,6,18,1,-25.60365888190603,-150.54306030273438,48.07878112792969,-142.6295166015625,55.650550842285156,1,-142.6295166015625,55.650550842285156,1667.1092529296875,2.9329051971435547,0.7935367226600647,0.1062069833278656,4.0,4.0,1,1663.1112060546875,2.58559250831604,4.9325184371297075,20.77944564819336,8.250676155090332,0.5217566745317355,1663.1112060546875,2.58559250831604,1663.1112060546875,2.58559250831604,0.0,0.0,0.0,1,0.025644493882558964,0.02564379105862064,-0.00018985951230408063,3.104586362838745,-0.02289791777729988,0.7523530125617981,0.04005875065922737,-1.06691834376001,0.0,-25.63493410467211,-25.63493410467211,144.49706981104836,3.4801061153411865,-0.06768041849136353,0.008487717804579254,1.0,1663.8947901185684,2.0113131013337884,5,5,6,3.214475603148486,0.9865464834904916,3.2144756031484576,3.084070767732698,-145.54188182598983,62.29863180598284,0.025644493882565934,0.020515595106047172,0.005128898776518762,0,3.9620533211050133,nan
GT+smooth-jitter_controlled_forward3x6_SoftMS_local_prior_3frame_causal_heading_continuous_waypoint_RNN_polynomial_Kalman,1,controlled_gt_jitter,8.0,-147.0160982217879,56.54718760134945,-3.5390321817488437,-2.382118428923987,0,0,6,-145.55859561324974,62.352553415210245,-143.47706604003906,58.92930603027344,-1,-145.55859375,62.35255432128906,-145.55859561324974,62.352553415210245,0.0,0,0.0,0.0,713,/yh/study/uav-sat/v36_GvsK/v36_training_data/routes/route_C/vi/vi_000713.jpg,-143.47706604003906,58.92930603027344,1667.1092657217168,0.19752417032487038,6,0.0451620415923914,0.0451620415923914,1,0.0451620415923914,-161.4518004114842,12.000000000000002,1663.9512411298906,2.01089603185966,-145.49071482427976,62.27478167889202,3.9047392668107777,4.729757183180733,1,0.0,0,0,0.5630186812913791,1.0,1669.4666748046875,3.7165262699127197,1,1,6,18,1,-25.61460522054632,-150.54306030273438,48.07878112792969,-142.7987823486328,55.55503845214844,1,-142.7987823486328,55.55503845214844,1667.1092529296875,3.084089994430542,0.7812104225158691,0.1546768695116043,4.0,4.0,1,1663.1112060546875,2.7337753772735596,5.007729910657393,20.837078094482422,8.262861251831055,0.5630186812913791,1663.1112060546875,2.7337753772735596,1663.1112060546875,2.7337753772735596,0.0,0.0,0.0,1,0.05645255199048924,0.05645101132214233,-0.00041706947412839995,3.1113200187683105,-0.02344418130815029,0.7559747099876404,0.039803244173526764,-1.080415971498719,0.0,-25.648431732410813,-25.648431732410813,135.80336867907337,3.4886202812194824,-0.06933525949716568,0.011166833925621145,1.0,1663.8571702999893,2.053403953978039,5,5,6,3.252095421727546,0.9863890335942029,3.2520954217275175,3.0661579771759193,-145.55859561324974,62.352553415210245,0.05645255199051595,0.0451620415923914,0.01129051039812455,0,4.006418353420833,nan
GT+smooth-jitter_controlled_forward3x6_SoftMS_local_prior_3frame_causal_heading_continuous_waypoint_RNN_polynomial_Kalman,1,controlled_gt_jitter,8.0,-146.99213869815623,56.39684655237485,-3.4722564960077835,-2.5180971426935046,0,0,6,-145.5873940286093,62.40110617686078,-143.51988220214844,58.91494369506836,-1,-145.58738708496094,62.40110778808594,-145.5873940286093,62.40110617686078,0.0,0,0.0,0.0,714,/yh/study/uav-sat/v36_GvsK/v36_training_data/routes/route_C/vi/vi_000714.jpg,-143.51988220214844,58.91494369506836,1667.1092657217168,0.22665906372959782,6,0.04516082827317615,0.04516082827317615,1,0.04516082827317615,-161.45638874504024,-0.004588333556065859,1663.9136197607384,2.0529823235038753,-145.5074319180783,62.328699784720975,3.950200566165373,4.843586372770097,1,0.0,0,0,0.5012019323146716,1.0,1669.388916015625,3.8474459648132324,1,1,6,18,1,-25.626444499698895,-150.54306030273438,48.07878112792969,-142.5247039794922,55.76460266113281,1,-142.5247039794922,55.76460266113281,1667.1092529296875,2.7882471084594727,0.7896673083305359,0.0971338152885437,4.0,4.0,1,1663.111328125,2.44781756401062,4.835360647327352,20.755157470703125,8.24271297454834,0.5012019323146716,1663.111328125,2.44781756401062,1663.111328125,2.44781756401062,0.0,0.0,0.0,1,0.056451035341470175,0.05644946074912648,-0.0004216304741636479,3.1066715717315674,-0.022393889725208282,0.7502610683441162,0.04044712707400322,-1.084835103891717,0.0,-25.65285086480381,-25.65285086480381,135.80353788023643,3.4811370372772217,-0.06809024512767792,0.006142561293225816,1.0,1663.810792117403,2.0855875456220363,5,5,6,3.298473604313841,0.9861949273939584,3.2984736043138128,3.061510743458391,-145.5873940286093,62.40110617686078,0.056451035341401,0.04516082827317615,0.011290207068224853,0,4.053138783956535,nan
GT+smooth-jitter_controlled_forward3x6_SoftMS_local_prior_3frame_causal_heading_continuous_waypoint_RNN_polynomial_Kalman,1,controlled_gt_jitter,8.0,-146.96734831103169,56.246784323635026,-3.4003469682582543,-2.6523588953591153,0,0,6,-145.60209312579204,62.461464324667965,-143.56700134277344,58.89914321899414,-1,-145.6020965576172,62.461463928222656,-145.60209312579204,62.461464324667965,0.0,0,0.0,0.0,715,/yh/study/uav-sat/v36_GvsK/v36_training_data/routes/route_C/vi/vi_000715.jpg,-143.56700134277344,58.89914321899414,1667.1275082142456,0.25871709466815745,6,0.049697771151335196,0.049697771151335196,1,0.049697771151335196,-161.46213639664708,-0.005747651606829476,1663.872912664506,2.085132471619495,-145.53108656482232,62.37486424502265,3.9922759686984906,4.989091846211624,1,0.0,0,0,0.47731239217881116,1.0,1669.310546875,3.977800130844116,1,1,6,18,1,-25.635686706141275,-150.54306030273438,48.07878112792969,-142.6140899658203,55.513648986816406,1,-142.6140899658203,55.513648986816406,1667.1092529296875,3.0544776916503906,0.7927007079124451,0.08824534714221954,4.0,4.0,1,1663.1112060546875,2.709934949874878,4.9760633229677005,20.865760803222656,8.267736434936523,0.47731239217881116,1663.1112060546875,2.709934949874878,1663.1112060546875,2.709934949874878,0.0,0.0,0.0,1,0.062122213939168995,0.062120547102839443,-0.00045507400254119547,3.1258151531219482,-0.02335660345852375,0.76002037525177,0.04020526260137558,-1.1045374248828537,0.0,-25.672553185794946,-25.672553185794946,135.78958321085213,3.5051112174987793,-0.07083383202552795,0.006843861365800474,1.0,1663.7723284556675,2.134369880443157,5,5,6,3.3369372660493184,0.9860339457683186,3.3551797585780605,3.076117381970613,-145.60209312579204,62.461464324667965,0.0621222139391489,0.049697771151335196,0.012424442787813704,0,4.102649171601077,nan
GT+smooth-jitter_controlled_forward3x6_SoftMS_local_prior_3frame_causal_heading_continuous_waypoint_RNN_polynomial_Kalman,1,controlled_gt_jitter,8.0,-146.913423243649,56.12162570724912,-3.3233353530239866,-2.7847082160907206,0,0,6,-145.60521668274532,62.4915280770209,-143.590087890625,58.906333923339844,-1,-145.60520935058594,62.49152755737305,-145.60521668274532,62.4915280770209,0.0,0,0.0,0.0,716,/yh/study/uav-sat/v36_GvsK/v36_training_data/routes/route_C/vi/vi_000716.jpg,-143.590087890625,58.906333923339844,1667.15161959282,0.26054366082890756,6,0.024180465683890352,0.024180465683890352,1,0.024180465683890352,162.69989723486015,-12.000000000000002,1663.8025532087822,2.1341460217011554,-145.57469774396836,62.448694090985114,4.060417691236625,4.8138441129442056,1,0.0,0,0,0.5874984310901538,1.0,1669.21435546875,4.0742645263671875,1,1,6,18,1,-25.648590000700487,-150.54306030273438,48.07878112792969,-142.93885803222656,55.1650390625,1,-142.93885803222656,55.1650390625,1667.1092529296875,3.498260021209717,0.7367017865180969,0.23556078970432281,4.0,4.0,1,1663.1112060546875,3.1540069580078125,5.236929880233704,20.87852668762207,8.27005672454834,0.5874984310901538,1663.1112060546875,3.1540069580078125,1663.1112060546875,3.1540069580078125,0.0,0.0,0.0,1,0.030225582104862935,0.030224753114648267,-0.00022385874200152057,3.1300740242004395,-0.023339953273534775,0.7602933049201965,0.04030395299196243,-1.1100286835321322,0.0,-25.678044444444225,-25.678044444444225,171.62205832069563,3.50950026512146,-0.07118893414735794,0.014279813794576848,1.0,1663.7569879780392,2.1604132204692235,5,5,6,3.3522777436776607,0.9859697414020342,3.394631614780792,3.105893558516549,-145.60521668274532,62.4915280770209,0.03022558210488527,0.024180465683890352,0.006045116420994919,0,4.112707279690733,nan
GT+smooth-jitter_controlled_forward3x6_SoftMS_local_prior_3frame_causal_heading_continuous_waypoint_RNN_polynomial_Kalman,1,controlled_gt_jitter,8.0,-146.85667852184204,55.99927338511784,-3.241261041373286,-2.9149493321673146,0,0,6,-145.62208630404382,62.49656495019233,-143.61541748046875,58.914222717285156,-1,-145.62208557128906,62.49656677246094,-145.62208630404382,62.49656495019233,0.0,0,0.0,0.0,717,/yh/study/uav-sat/v36_GvsK/v36_training_data/routes/route_C/vi/vi_000717.jpg,-143.61541748046875,58.914222717285156,1667.1780733830885,0.2625481986795415,6,0.02652962856061506,0.02652962856061506,1,0.02652962856061506,162.701020185588,0.0011229507278522214,1663.790149097405,2.1601666961679715,-145.57516019248968,62.47751636744156,4.0666513416525,5.417545352949452,1,0.0,0,0,0.25195105243090543,1.0,1669.116455078125,4.167080402374268,1,1,6,18,1,-25.658899104035566,-150.54306030273438,48.07878112792969,-142.40969848632812,56.06268310546875,1,-142.40969848632812,56.06268310546875,1667.1092529296875,2.468764066696167,0.8205780982971191,0.004233837127685547,4.0,4.0,1,1663.1112060546875,2.1306087970733643,4.613893435355689,20.9150390625,8.277106285095215,0.25195105243090543,1663.1112060546875,2.1306087970733643,1663.1112060546875,2.1306087970733643,0.0,0.0,0.0,0,0.033162035700768824,0.03316111936572646,-0.00024652430125179236,3.145594596862793,-0.023467473685741425,0.7651727199554443,0.04056578129529953,-1.1393126927117387,0.0,-25.707328453623834,-25.707328453623834,171.59165136078818,3.5274200439453125,-0.07333635538816452,0.001085292789749611,1.0,1663.7395513947304,2.1579801613633114,5,5,6,3.3697143269864966,0.9858967642230552,3.4385219883581613,3.119064968302178,-145.62208630404382,62.49656495019233,0.017605516581450917,0.02652962856061506,0.0,0,4.106080325709484,nan
GT+smooth-jitter_controlled_forward3x6_SoftMS_local_prior_3frame_causal_heading_continuous_waypoint_RNN_polynomial_Kalman,1,controlled_gt_jitter,8.0,-146.79265991347748,55.878519313249534,-3.154171143946233,-3.042886478986793,0,0,6,-145.62993192069976,62.525732745369176,-143.63848876953125,58.92140579223633,-1,-145.6299285888672,62.525733947753906,-145.62993192069976,62.525732745369176,0.0,0,0.0,0.0,718,/yh/study/uav-sat/v36_GvsK/v36_training_data/routes/route_C/vi/vi_000718.jpg,-143.63848876953125,58.92140579223633,1667.2021677650025,0.2643762317583566,6,0.0241636285511838,0.0241636285511838,1,0.0241636285511838,162.70640994296173,0.0053897573737166525,1663.7697550925466,2.1577551848759264,-145.59471053607618,62.483802454183504,4.064169481819937,5.141587413966899,1,0.0,0,0,0.5653254257476703,1.0,1669.012451171875,4.2557291984558105,1,1,6,18,1,-25.675849392399712,-150.54306030273438,48.07878112792969,-142.68292236328125,55.387481689453125,1,-142.68292236328125,55.387481689453125,1667.1092529296875,3.197134017944336,0.7770163416862488,0.1408177614212036,4.0,4.0,1,1663.111083984375,2.8500254154205322,5.008502549030967,20.9473819732666,8.285533905029297,0.5653254257476703,1663.111083984375,2.8500254154205322,1663.111083984375,2.8500254154205322,0.0,0.0,0.0,1,0.03020453568897975,0.03020369781611145,-0.0002249764873849703,3.143930673599243,-0.02374875359237194,0.7672954201698303,0.040367841720581055,-1.12349269393352,0.0,-25.691508454845614,-25.691508454845614,171.6020816021927,3.5268304347991943,-0.07273074984550476,0.007739862393274723,1.0,1663.7202888682157,2.1812453509920573,5,5,6,3.388976853501191,0.9858161449400137,3.4818788967868386,3.1197670450480595,-145.62993192069976,62.525732745369176,0.03020453568903937,0.0241636285511838,0.006040907137855569,0,4.1178900676700785,nan
GT+smooth-jitter_controlled_forward3x6_SoftMS_local_prior_3frame_causal_heading_continuous_waypoint_RNN_polynomial_Kalman,1,controlled_gt_jitter,8.0,-146.6869984904859,55.7642128621397,-3.062120560798407,-3.168324216717724,0,0,6,-145.64296473913896,62.50803503564126,-143.6248779296875,58.93253707885742,-1,-145.64295959472656,62.508033752441406,-145.64296473913896,62.50803503564126,0.0,0,0.0,0.0,719,/yh/study/uav-sat/v36_GvsK/v36_training_data/routes/route_C/vi/vi_000719.jpg,-143.6248779296875,58.93253707885742,1667.2021677650025,0.249011318602156,6,0.01758296058953535,0.01758296058953535,1,0.01758296058953535,39.27716230592928,-12.000000000000002,1663.7422669497446,2.1810803710300615,-145.61001214544228,62.51644480481323,4.0969686894978965,5.722526282260771,1,0.0,0,0,0.27738988566759976,1.0,1668.8720703125,4.323032855987549,1,1,6,18,1,-25.68133008560012,-136.31851196289062,52.747013092041016,-137.40383911132812,56.304222106933594,1,-137.40383911132812,56.304222106933594,1667.1092529296875,0.3988345265388489,0.8120489120483398,0.012532949447631836,4.0,4.0,1,1663.111083984375,0.060905903577804565,3.9392198151626467,20.949697494506836,8.284425735473633,0.27738988566759976,1663.111083984375,0.060905903577804565,1663.111083984375,0.3733870596785218,0.0,-0.31248115610071725,0.0,1,0.021978700736919186,0.021978081528995923,-0.00016497996199579067,3.149345636367798,-0.023657044395804405,0.7649382948875427,0.04051521047949791,-1.139023476889071,0.0,-25.707039237801165,-25.707039237801165,64.98420154373044,3.5310494899749756,-0.07360559701919556,0.008799028673235088,1.0,1663.7157941651355,2.15973114800184,5,5,6,3.393471556581318,0.9857973332986888,3.4863735998669654,3.1317626757782624,-145.64296473913896,62.50803503564126,0.021978700736914228,0.01758296058953535,0.004395740147378879,0,4.105710658271884,nan
GT+smooth-jitter_controlled_forward3x6_SoftMS_local_prior_3frame_causal_heading_continuous_waypoint_RNN_polynomial_Kalman,1,controlled_gt_jitter,8.0,-146.57643912748037,55.652600612474316,-2.9651720376366333,-3.2910677530042025,0,0,6,-145.6566268224279,62.49081845159305,-143.61126708984375,58.943668365478516,-1,-145.65663146972656,62.49081802368164,-145.6566268224279,62.49081845159305,0.0,0,0.0,0.0,720,/yh/study/uav-sat/v36_GvsK/v36_training_data/routes/route_C/vi/vi_000720.jpg,-143.61126708984375,58.943668365478516,1667.2021677650025,0.23364640544595539,6,0.01758296058953535,0.01758296058953535,1,0.01758296058953535,39.27716230592928,0.0,1663.7377722461952,2.1595661055323445,-145.62304499029725,62.49874703843185,4.084829824073547,6.2137101572906905,1,0.0,0,0,0.29254077095154674,1.0,1668.7281494140625,4.386026859283447,1,1,6,18,1,-25.69032832622308,-136.31851196289062,52.747013092041016,-137.40444946289062,56.13875198364258,1,-137.40444946289062,56.13875198364258,1667.1092529296875,0.5528753995895386,0.7988035082817078,0.015679314732551575,4.0,4.0,1,1663.111083984375,0.20644545555114746,3.9593789717042696,20.983322143554688,8.293289184570312,0.29254077095154674,1663.111083984375,0.20644545555114746,1663.111083984375,0.3268738334622925,0.0,-0.12042837791114502,0.0,1,0.021978700736919186,0.02197808105969024,-0.00016504246949559627,3.151193380355835,-0.023941027000546455,0.7695432901382446,0.04040177911520004,-1.1346454323527986,0.0,-25.70266119326489,-25.70266119326489,64.97982349919417,3.5351974964141846,-0.07375859469175339,0.010565358129604354,1.0,1663.7105271264459,2.1383928821509235,5,5,6,3.3987385952709985,0.9857752892079207,3.491640638556646,3.1336104197662995,-145.6566268224279,62.49081845159305,0.021978700736921295,0.01758296058953535,0.004395740147385946,0,4.094602565463356,nan
GT+smooth-jitter_controlled_forward3x6_SoftMS_local_prior_3frame_causal_heading_continuous_waypoint_RNN_polynomial_Kalman,1,controlled_gt_jitter,8.0,-146.46103719925947,55.5438801956862,-2.8633962080485174,-3.4109232711106774,0,0,6,-145.67045724758893,62.47371392812177,-143.59764099121094,58.954803466796875,-1,-145.6704559326172,62.47371292114258,-145.67045724758893,62.47371392812177,0.0,0,0.0,0.0,721,/yh/study/uav-sat/v36_GvsK/v36_training_data/routes/route_C/vi/vi_000721.jpg,-143.59764099121094,58.954803466796875,1667.2021677650025,0.21827232113631437,6,0.017597188562985377,0.017597188562985377,1,0.017597188562985377,39.25532460364321,-0.021837702286070123,1663.732522983941,2.1382266402595675,-145.6366914051682,62.4815219725826,4.073753798367145,6.643387485774642,1,0.0,0,0,0.2905160637534038,1.0,1668.580810546875,4.444547176361084,1,1,6,18,1,-25.69464479233512,-136.31851196289062,52.747013092041016,-137.4473876953125,56.14996337890625,1,-137.4473876953125,56.14996337890625,1667.1092529296875,0.558282732963562,0.806648313999176,0.01659528911113739,4.0,4.0,1,1663.1112060546875,0.21926626563072205,3.966640458275201,20.9324951171875,8.279508590698242,0.2905160637534038,1663.1112060546875,0.21926626563072205,1663.1112060546875,0.30887513506645137,0.0,-0.08960886943572932,0.0,1,0.021996485703731722,0.021995857495174683,-0.00016624189135615246,3.1507368087768555,-0.023208510130643845,0.7647509574890137,0.040887441486120224,-1.1502750396079036,0.0,-25.71829080052,-25.71829080052,64.97361540416321,3.5323448181152344,-0.07369053363800049,0.01031682959799101,1.0,1663.7050603943712,2.117086539814928,5,5,6,3.404205327345636,0.9857524093421823,3.4971073706312836,3.13313962021387,-145.67045724758893,62.47371392812177,0.02199648570372456,0.017597188562985377,0.004399297140739184,0,4.084029635975557,nan
GT+smooth-jitter_controlled_forward3x6_SoftMS_local_prior_3frame_causal_heading_continuous_waypoint_RNN_polynomial_Kalman,1,controlled_gt_jitter,8.0,-146.3340963528037,55.427105203927745,-2.7568716213583824,-3.527698262869128,0,0,6,-145.68629661788913,62.4537038975959,-143.5772247314453,58.954803466796875,-1,-145.68629455566406,62.453704833984375,-145.68629661788913,62.4537038975959,0.0,0,0.0,0.0,722,/yh/study/uav-sat/v36_GvsK/v36_training_data/routes/route_C/vi/vi_000722.jpg,-143.5772247314453,58.954803466796875,1667.2021677650025,0.21074589772734006,6,0.020416259765625,0.020416259765625,1,0.020416259765625,0.0,-12.000000000000002,1663.7305800104416,2.1168963589129346,-145.64732703663753,62.462930593085794,4.073362184751843,7.0296562658937995,1,0.0,0,0,0.29805399048689757,1.0,1668.4197998046875,4.506300926208496,1,1,6,18,1,-25.702920847175058,-136.31851196289062,52.747013092041016,-137.2605743408203,56.343475341796875,1,-137.2605743408203,56.343475341796875,1667.1092529296875,0.3095315992832184,0.7933140993118286,0.01667693257331848,4.0,4.0,1,1663.1112060546875,-0.033655405044555664,3.964707362345655,20.879602432250977,8.27150821685791,0.29805399048689757,1663.1112060546875,-0.033655405044555664,1663.1112060546875,0.27510727460955353,0.0,-0.3087626796541092,0.0,1,0.02552032470703125,0.02551961607032572,-0.0001901809019934132,3.1326606273651123,-0.023579580709338188,0.7661844491958618,0.0402752161026001,-1.1383230623340275,0.0,-25.70633882324612,-25.70633882324612,25.70633882324612,3.5149905681610107,-0.07328587025403976,0.0097726421533725,1.0,1663.6989746221418,2.0923024653007603,5,5,6,3.410291099575062,0.9857269386131211,3.5031931428607095,3.1122443675994873,-145.68629661788913,62.4537038975959,0.025520324707044163,0.020416259765625,0.005104064941419163,0,4.08539942316945,nan
GT+smooth-jitter_controlled_forward3x6_SoftMS_local_prior_3frame_causal_heading_continuous_waypoint_RNN_polynomial_Kalman,1,controlled_gt_jitter,8.0,-146.20246270987235,55.31360160102708,-2.645684755770798,-3.641201865769797,0,0,6,-145.70263241527053,62.434047417786005,-143.55677795410156,58.954803466796875,-1,-145.70263671875,62.43404769897461,-145.70263241527053,62.434047417786005,0.0,0,0.0,0.0,723,/yh/study/uav-sat/v36_GvsK/v36_training_data/routes/route_C/vi/vi_000723.jpg,-143.55677795410156,58.954803466796875,1667.2021677650025,0.2032082240591552,6,0.02044677734375,0.02044677734375,1,0.02044677734375,0.0,0.0,1663.7245323763013,2.0921109530925035,-145.6631322750742,62.44290349498501,4.074747885713438,6.957745655939735,1,0.0,0,0,0.3584156604445353,1.0,1668.2554931640625,4.563283920288086,1,1,6,18,1,-25.704117090775163,-136.31851196289062,52.747013092041016,-137.4219512939453,56.16532897949219,1,-137.4219512939453,56.16532897949219,1667.1092529296875,0.5346222519874573,0.802833080291748,0.04291577637195587,4.0,4.0,1,1663.1112060546875,0.19862031936645508,3.99960831152603,20.884716033935547,8.27070426940918,0.3584156604445353,1663.1112060546875,0.19862031936645508,1663.1112060546875,0.19862031936645508,0.0,0.0,0.0,1,0.0255584716796875,0.0255577541594616,-0.0001915122082567671,3.140934944152832,-0.023258300498127937,0.7641348242759705,0.040637992322444916,-1.1523594212435209,0.0,-25.720375182155614,-25.720375182155614,25.720375182155614,3.522230863571167,-0.07379020005464554,0.01531625957353199,1.0,1663.692290368295,2.06763353291375,5,5,6,3.4169753534218046,0.9856989630642033,3.509877396707452,3.120488166809082,-145.70263241527053,62.434047417786005,0.025558471679720234,0.02044677734375,0.005111694335970234,0,4.087765873801141,nan
GT+smooth-jitter_controlled_forward3x6_SoftMS_local_prior_3frame_causal_heading_continuous_waypoint_RNN_polynomial_Kalman,1,controlled_gt_jitter,8.0,-146.06629171083057,55.20355826328039,-2.5299300164946197,-3.7512452035164805,0,0,6,-145.71882976229816,62.414326035420224,-143.53636169433594,58.954803466796875,-1,-145.7188262939453,62.41432571411133,-145.71882976229816,62.414326035420224,0.0,0,0.0,0.0,724,/yh/study/uav-sat/v36_GvsK/v36_training_data/routes/route_C/vi/vi_000724.jpg,-143.53636169433594,58.954803466796875,1667.2021677650025,0.19568180065018478,6,0.020416259765625,0.020416259765625,1,0.020416259765625,0.0,0.0,1663.7178099858218,2.0674435475397943,-145.67950212169933,62.4232642599711,4.077164598736002,6.858609707917497,1,0.0,0,0,0.3637275444305316,1.0,1668.08837890625,4.615377426147461,1,1,6,18,1,-25.709807385405725,-136.31851196289062,52.747013092041016,-137.3724822998047,56.192535400390625,1,-137.3724822998047,56.192535400390625,1667.1092529296875,0.4910953640937805,0.7964696884155273,0.043640583753585815,4.0,4.0,1,1663.1112060546875,0.15554234385490417,4.013237415941648,20.885833740234375,8.270968437194824,0.3637275444305316,1663.1112060546875,0.15554234385490417,1663.1112060546875,0.15554234385490417,0.0,0.0,0.0,1,0.02552032470703125,0.025519617526718393,-0.00018998537395572505,3.1419637203216553,-0.023171836510300636,0.7637589573860168,0.04075005277991295,-1.1407740330290042,0.0,-25.708789793941097,-25.708789793941097,25.708789793941097,3.5230891704559326,-0.0729522705078125,0.0160127143988464,1.0,1663.6857590154038,2.0429631376481336,5,5,6,3.4235067063130202,0.9856716274503118,3.516408749598668,3.1215474605560303,-145.71882976229816,62.414326035420224,0.025520324707000223,0.020416259765625,0.005104064941375223,0,4.090411137097228,nan
GT+smooth-jitter_controlled_forward3x6_SoftMS_local_prior_3frame_causal_heading_continuous_waypoint_RNN_polynomial_Kalman,1,controlled_gt_jitter,8.0,-145.9300344256055,55.056344476707636,-2.4097097185742533,-3.8576417293470495,0,0,6,-145.75338300629392,62.371768708878854,-143.52032470703125,58.91398620605469,-1,-145.75338745117188,62.371768951416016,-145.75338300629392,62.371768708878854,0.0,0,0.0,0.0,725,/yh/study/uav-sat/v36_GvsK/v36_training_data/routes/route_C/vi/vi_000725.jpg,-143.52032470703125,58.91398620605469,1667.2021677650025,0.22771224447064625,6,0.04385468887481051,0.04385468887481051,1,0.04385468887481051,-68.55027563969506,-12.000000000000002,1663.7405758730663,2.04255714628442,-145.66914436563627,62.391165420758256,4.087566662009798,6.834810012080038,1,0.0,0,0,0.34984446335200226,1.0,1667.907470703125,4.701991558074951,1,1,6,18,1,-25.70945125507353,-136.31851196289062,52.747013092041016,-137.61395263671875,55.88085174560547,1,-137.61395263671875,55.88085174560547,1667.1092529296875,0.8698444366455078,0.8030678629875183,0.039538949728012085,4.0,4.0,1,1663.111083984375,0.5313746333122253,4.10012758451156,20.961565017700195,8.287513732910156,0.34984446335200226,1663.111083984375,0.5313746333122253,1663.111083984375,0.5313746333122253,0.0,0.0,0.0,1,0.05481836109351314,0.05481685766250547,-0.00040599136371350996,3.1552679538726807,-0.023643478751182556,0.7691439390182495,0.04069535806775093,-1.1561876355516074,0.0,-25.7242033964637,-25.7242033964637,42.82607224323135,3.539052724838257,-0.07472170889377594,0.010130221211459935,1.0,1663.6720281279922,1.989892284594235,5,5,6,3.437237593724632,0.9856141596878247,3.5301396370102793,3.11141326499787,-145.75338300629392,62.371768708878854,0.054818361093517835,0.04385468887481051,0.010963672218707324,0,4.116164380189745,nan
GT+smooth-jitter_controlled_forward3x6_SoftMS_local_prior_3frame_causal_heading_continuous_waypoint_RNN_polynomial_Kalman,1,controlled_gt_jitter,8.0,-145.7908713588744,54.91666925965078,-2.2851340541868947,-3.960207571403905,0,0,6,-145.78059283236558,62.33000938630961,-143.5057373046875,58.87687683105469,-1,-145.7805938720703,62.33000946044922,-145.78059283236558,62.33000938630961,0.0,0,0.0,0.0,726,/yh/study/uav-sat/v36_GvsK/v36_training_data/routes/route_C/vi/vi_000726.jpg,-143.5057373046875,58.87687683105469,1667.2021677650025,0.2568303404358915,6,0.03987352530224871,0.03987352530224871,1,0.03987352530224871,-68.5406021904295,0.009673449265566172,1663.7218686499148,1.989520759660833,-145.70820909925925,62.35070846720151,4.113196839707357,7.160004425128891,1,0.0,0,0,0.2678909020460025,1.0,1667.7265625,4.780527114868164,1,1,6,18,1,-25.714614557920942,-136.31851196289062,52.747013092041016,-137.47561645507812,56.214080810546875,1,-137.47561645507812,56.214080810546875,1667.1092529296875,0.5090876817703247,0.8115440607070923,0.008622288703918457,4.0,4.0,1,1663.111083984375,0.17378342151641846,4.080683058002463,20.98455810546875,8.291821479797363,0.2678909020460025,1663.111083984375,0.17378342151641846,1663.111083984375,0.19750077128492882,0.0,-0.023717349768510365,0.0,1,0.049841906627810885,0.04984052192262115,-0.0003715249334018998,3.1617093086242676,-0.023967253044247627,0.7707189321517944,0.04061000794172287,-1.165536990586591,0.0,-25.733552751498685,-25.733552751498685,42.807049438930804,3.5462605953216553,-0.07581261545419693,0.008686020283083852,1.0,1663.6646440581114,1.9406003870015283,5,5,6,3.4446216636054316,0.985583255205006,3.537523706891079,3.1218357833220187,-145.78059283236558,62.33000938630961,0.04984190662778088,0.03987352530224871,0.009968381325532169,0,4.135104849452906,nan
GT+smooth-jitter_controlled_forward3x6_SoftMS_local_prior_3frame_causal_heading_continuous_waypoint_RNN_polynomial_Kalman,1,controlled_gt_jitter,8.0,-145.69465112232533,54.818114951631884,-2.1563210442003364,-4.0587618794228035,0,0,6,-145.80448393330073,62.29700875492696,-143.538330078125,58.87687683105469,-1,-145.8044891357422,62.2970085144043,-145.80448393330073,62.29700875492696,0.0,0,0.0,0.0,727,/yh/study/uav-sat/v36_GvsK/v36_training_data/routes/route_C/vi/vi_000727.jpg,-143.538330078125,58.87687683105469,1667.2021677650025,0.2688456172681591,6,0.0325927734375,0.0325927734375,1,0.0325927734375,180.0,-12.000000000000002,1663.705383871831,1.940293868409745,-145.7436687034928,62.3127920960893,4.082772607069489,7.293683609341913,1,0.0,0,0,0.33191502708557996,1.0,1667.600830078125,4.836668968200684,1,1,6,18,1,-25.72124293634532,-131.55662536621094,57.47519302368164,-137.28302001953125,56.750152587890625,1,-137.28302001953125,56.750152587890625,1667.1092529296875,-0.06022835895419121,0.8243752121925354,0.037054792046546936,4.0,4.0,1,1663.1109619140625,-0.4114154577255249,4.031233654178277,21.034317016601562,8.304924011230469,0.33191502708557996,1663.1109619140625,-0.4114154577255249,1663.1109619140625,0.042634073718538,0.0,-0.4540495314440629,0.0,1,0.040740966796875,0.04073981371946812,-0.00030651859178331125,3.1613664627075195,-0.02429950051009655,0.774229109287262,0.04041319340467453,-1.1395886750428896,0.0,-25.707604435954984,-25.707604435954984,154.29239556404505,3.5476980209350586,-0.07466521859169006,0.011412217048380606,1.0,1663.656636634948,1.9006540786636243,5,5,6,3.4526290867688942,0.9855497418071681,3.545531130054542,3.1287736892700195,-145.80448393330073,62.29700875492696,0.04074096679690812,0.0325927734375,0.00814819335940812,0,4.102774143432478,nan
GT+smooth-jitter_controlled_forward3x6_SoftMS_local_prior_3frame_causal_heading_continuous_waypoint_RNN_polynomial_Kalman,1,controlled_gt_jitter,8.0,-145.59137437909476,54.723749659060495,-2.02339647382132,-4.15312717199419,0,0,6,-145.82864612653756,62.268908648106255,-143.56797790527344,58.87687683105469,-1,-145.82864379882812,62.2689094543457,-145.82864612653756,62.268908648106255,0.0,0,0.0,0.0,728,/yh/study/uav-sat/v36_GvsK/v36_training_data/routes/route_C/vi/vi_000728.jpg,-143.56797790527344,58.87687683105469,1667.2021677650025,0.279775244087025,6,0.0296478271484375,0.0296478271484375,1,0.0296478271484375,180.0,0.0,1663.693695344895,1.9003719396740115,-145.77089751540993,62.28134414134671,4.055028048678688,7.223578812268235,1,0.0,0,0,0.33265998232726013,1.0,1667.4700927734375,4.886314868927002,1,1,6,18,1,-25.716469487889132,-136.31851196289062,52.747013092041016,-137.5729522705078,55.97052001953125,1,-137.5729522705078,55.97052001953125,1667.1092529296875,0.77137690782547,0.8123858571052551,0.034715116024017334,4.0,4.0,1,1663.111083984375,0.43522176146507263,4.064992605965638,21.013748168945312,8.297506332397461,0.33265998232726013,1663.111083984375,0.43522176146507263,1663.111083984375,0.43522176146507263,0.0,0.0,0.0,1,0.037059783935546875,0.03705870994705507,-0.0002821389896127978,3.1717989444732666,-0.02407575212419033,0.7739808559417725,0.040748100727796555,-1.177720980848836,0.0,-25.74573674176093,-25.74573674176093,154.2542632582391,3.5579614639282227,-0.07684706896543503,0.008471807142059393,1.0,1663.646345155313,1.865051929398856,5,5,6,3.4629205664039375,0.9855066689678404,3.555822609689585,3.142151117324829,-145.82864612653756,62.268908648106255,0.03705978393554559,0.0296478271484375,0.007411956787108091,0,4.076334217716165,nan
GT+smooth-jitter_controlled_forward3x6_SoftMS_local_prior_3frame_causal_heading_continuous_waypoint_RNN_polynomial_Kalman,1,controlled_gt_jitter,8.0,-145.48413480341094,54.63374714741457,-1.8864938122000146,-4.243129683640119,0,0,6,-145.85058242272626,62.23901482638281,-143.59764099121094,58.87687683105469,-1,-145.8505859375,62.239013671875,-145.85058242272626,62.23901482638281,0.0,0,0.0,0.0,729,/yh/study/uav-sat/v36_GvsK/v36_training_data/routes/route_C/vi/vi_000729.jpg,-143.59764099121094,58.87687683105469,1667.2021677650025,0.290710496035494,6,0.0296630859375,0.0296630859375,1,0.0296630859375,180.0,0.0,1663.6834229417261,1.8647701095734892,-145.79504222650476,62.25323639331312,4.028445864415303,7.311462200882499,1,0.0,0,0,0.3037404956257716,1.0,1667.337158203125,4.930444717407227,1,1,6,18,1,-25.72671306409686,-131.55662536621094,57.47519302368164,-137.44393920898438,56.39057159423828,1,-137.44393920898438,56.39057159423828,1667.1092529296875,0.3333495557308197,0.8231019973754883,0.02550487220287323,4.0,4.0,1,1663.111083984375,-0.007744014263153076,3.9847788027435067,20.98377799987793,8.292627334594727,0.3037404956257716,1663.111083984375,-0.007744014263153076,1663.111083984375,0.013598291790965833,0.0,-0.02134230605411891,0.0,1,0.037078857421875,0.037077786413131045,-0.00028181982536673307,3.1579480171203613,-0.02406369522213936,0.7721123099327087,0.04047380015254021,-1.1791941672754434,0.0,-25.747209928187537,-25.747209928187537,154.25279007181248,3.543174982070923,-0.07675935328006744,0.011035660131955982,1.0,1663.6388238371098,1.8287439214639807,5,5,6,3.470441884607027,0.9854751900608238,3.5633439278926744,3.1282849311828613,-145.85058242272626,62.23901482638281,0.03707885742187318,0.0296630859375,0.007415771484373182,0,4.0471863057520965,nan
GT+smooth-jitter_controlled_forward3x6_SoftMS_local_prior_3frame_causal_heading_continuous_waypoint_RNN_polynomial_Kalman,1,controlled_gt_jitter,8.0,-145.28182589323882,54.77328703832973,-1.7457541158950647,-4.328599710937854,0,0,6,-145.9769615050786,61.97622224830787,-143.53607177734375,59.10188674926758,-1,-145.97695922851562,61.97622299194336,-145.9769615050786,61.97622224830787,0.0,0,0.0,0.0,730,/yh/study/uav-sat/v36_GvsK/v36_training_data/routes/route_C/vi/vi_000730.jpg,-143.53607177734375,59.10188674926758,1667.2021677650025,0.05885088218579333,6,0.23328144244751917,0.23328144244751917,1,0.23328144244751917,74.69680989817077,-12.000000000000002,1663.9304171938854,1.8265244999689785,-145.5863102701759,62.11575964014776,3.6451210789043813,6.514106252288213,1,0.0,0,0,0.49754799399141225,1.0,1667.2005615234375,4.726151943206787,1,1,6,18,1,-25.733887003881193,-131.55662536621094,57.47519302368164,-137.22750854492188,56.94963836669922,1,-137.22750854492188,56.94963836669922,1667.1092529296875,-0.2661283612251282,0.820311963558197,0.10241406410932541,4.0,4.0,1,1663.1112060546875,-0.604080319404602,3.974061618867515,20.931760787963867,8.280070304870605,0.49754799399141225,1663.1112060546875,-0.604080319404602,1663.1112060546875,-0.34442969011685176,0.0,-0.25965062928775007,0.0,1,0.291601803059399,0.2915933567756989,-0.002219421495002216,3.150722026824951,-0.02337510697543621,0.7665072679519653,0.04081299528479576,-1.163000322361872,0.0,-25.731016083273968,-25.731016083273968,100.42782598144474,3.5331873893737793,-0.0746963620185852,0.0297969135959189,1.0,1663.6331481636125,1.5371973586685246,5,5,6,3.4761175581043346,0.9854514357143843,3.569019601389982,2.917440584377432,-145.9769615050786,61.97622224830787,0.2916018030593982,0.23328144244751917,0.058320360611879035,0,3.77090801054663,nan
GT+smooth-jitter_controlled_forward3x6_SoftMS_local_prior_3frame_causal_heading_continuous_waypoint_RNN_polynomial_Kalman,1,controlled_gt_jitter,8.0,-145.08139793762405,54.89723433581025,-1.6013259161396818,-4.409371956914357,0,0,6,-145.9708682447885,61.71099150464964,-143.48007202148438,59.30660629272461,-1,-145.9708709716797,61.71099090576172,-145.9708682447885,61.71099150464964,0.0,0,0.0,0.0,731,/yh/study/uav-sat/v36_GvsK/v36_training_data/routes/route_C/vi/vi_000731.jpg,-143.48007202148438,59.30660629272461,1667.2021677650025,-0.15209425858097667,6,0.21224058077937147,0.21224058077937147,1,0.21224058077937147,74.70134718507178,0.004537286901020027,1663.898441416958,1.5352061449919172,-145.73651358145804,61.86410948708493,3.4106232718873604,6.768521520152605,1,0.0,0,0,0.3607071535623446,1.0,1667.1092529296875,4.537046909332275,1,1,6,18,1,-25.73288221902126,-131.55662536621094,57.47519302368164,-136.92210388183594,57.78669357299805,1,-136.92210388183594,57.78669357299805,1667.1092529296875,-1.156815767288208,0.815049946308136,0.046520084142684937,4.0,4.0,1,1663.1112060546875,-1.4956530332565308,4.234502559721691,20.924558639526367,8.277778625488281,0.3607071535623446,1663.1112060546875,-1.4956530332565308,1663.1112060546875,-0.4099606583859514,0.0,-1.0856923748705793,0.0,1,0.26530072597421434,0.2652932533453108,-0.0019912136766073543,3.152949810028076,-0.023138251155614853,0.7674115300178528,0.041029077023267746,-1.1689185745559822,0.0,-25.736934335468078,-25.736934335468078,100.43828152053987,3.5358662605285645,-0.07477115839719772,0.01246483411035555,1.0,1663.7489656165417,1.298511806530425,5,5,6,3.3603001051751846,0.9859361654829181,3.453202148460832,2.9407092292487045,-145.9708682447885,61.71099150464964,0.26530072597424253,0.21224058077937147,0.05306014519487107,0,3.4619552384960004,nan
GT+smooth-jitter_controlled_forward3x6_SoftMS_local_prior_3frame_causal_heading_continuous_waypoint_RNN_polynomial_Kalman,1,controlled_gt_jitter,8.0,-144.8773915791469,55.02611244250151,-1.4533650898890746,-4.4852858729281815,0,0,6,-146.12392812825692,61.64948322039258,-143.4240264892578,59.51139831542969,-1,-146.12393188476562,61.64948272705078,-146.12392812825692,61.64948322039258,0.0,0,0.0,0.0,732,/yh/study/uav-sat/v36_GvsK/v36_training_data/routes/route_C/vi/vi_000732.jpg,-143.4240264892578,59.51139831542969,1667.2203101599569,-0.3631236491894232,6,0.21232257121228512,0.21232257121228512,1,0.21232257121228512,74.69459263035161,-0.006754554720174452,1664.0143615369184,1.2965442046555908,-145.730317131599,61.598857531416556,3.1107012883526886,5.830344023045252,1,0.0,0,0,0.5555947767532244,1.0,1667.1092529296875,4.342039108276367,1,1,6,18,1,-25.73430044376939,-145.8117218017578,48.04880905151367,-137.99139404296875,55.514801025390625,1,-137.99139404296875,55.514801025390625,1667.1092529296875,1.349256992340088,0.7947084307670593,0.13676945865154266,4.0,4.0,1,1663.111328125,1.0154907703399658,3.9240923587392142,20.830726623535156,8.25840950012207,0.5555947767532244,1663.111328125,1.0154907703399658,1663.111328125,1.0154907703399658,0.0,0.0,0.0,0,0.2654032140153564,0.26539592037660115,-0.001967601874834216,3.1478850841522217,-0.022538283839821815,0.766994833946228,0.04131537675857544,-1.1892424427615897,0.0,-25.757258203673683,-25.757258203673683,100.4518508340253,3.5305826663970947,-0.07517299801111221,0.0064099522439923385,1.0,1663.6353359911684,1.178933776787731,5,5,6,3.4739297305484627,0.9854605924098385,3.584974168788449,2.9355625129399368,-146.12392812825692,61.64948322039258,0.164956348649005,0.21232257121228512,0.0,0,3.4439622415323115,nan
GT+smooth-jitter_controlled_forward3x6_SoftMS_local_prior_3frame_causal_heading_continuous_waypoint_RNN_polynomial_Kalman,1,controlled_gt_jitter,8.0,-144.31083903595572,55.83889075445767,-1.3020347146666669,-4.556185997251312,0,0,6,-145.6366494952339,61.25068397220213,-143.00880432128906,60.395076751708984,-1,-145.6366424560547,61.25068283081055,-145.6366494952339,61.25068397220213,0.0,0,0.0,0.0,733,/yh/study/uav-sat/v36_GvsK/v36_training_data/routes/route_C/vi/vi_000733.jpg,-143.00880432128906,60.395076751708984,1667.2203101599569,-1.3376346433261308,6,0.9763693089798,0.9763693089798,1,0.9763693089798,64.83214205529747,-9.862450575054151,1664.8557653384812,1.1700560679474492,-145.0176773791117,61.1339874536668,2.140457892114072,5.335933995712357,1,0.0,0,0,0.5547520028388873,1.0,1667.1092529296875,3.3776471614837646,1,1,6,18,1,-25.74233562771938,-145.8117218017578,48.04880905151367,-137.89208984375,55.78044128417969,1,-137.89208984375,55.78044128417969,1667.1092529296875,1.0657178163528442,0.7962407469749451,0.13130804896354675,4.0,4.0,1,1663.1112060546875,0.7371958494186401,3.9243195752985836,20.893447875976562,8.272200584411621,0.5547520028388873,1663.1112060546875,0.7371958494186401,1663.1112060546875,0.7371958494186401,0.0,0.0,0.0,0,1.22046163622475,1.220429347312716,-0.008877708840281917,3.152444362640381,-0.022708356380462646,0.7656031847000122,0.04129514470696449,-1.172167396723381,0.0,-25.74018315763547,-25.74018315763547,90.57232521293294,3.534463882446289,-0.07438001036643982,0.025834716157898552,1.0,1664.2443105098553,1.01883586253468,5,5,6,2.8649552118615986,0.9880093281143494,2.975999650101585,2.176075053660581,-145.6366494952339,61.25068397220213,0.629667615935615,0.9763693089798,0.0,0,2.7636269599903027,nan
GT+smooth-jitter_controlled_forward3x6_SoftMS_local_prior_3frame_causal_heading_continuous_waypoint_RNN_polynomial_Kalman,1,controlled_gt_jitter,8.0,-143.69994936527587,56.74435731249051,-1.147504907268049,-4.621922289560275,0,0,6,-145.02185809663467,60.79133056315922,-142.5524444580078,61.36627960205078,-1,-145.0218505859375,60.79133224487305,-145.02185809663467,60.79133056315922,0.0,0,0.0,0.0,734,/yh/study/uav-sat/v36_GvsK/v36_training_data/routes/route_C/vi/vi_000734.jpg,-142.5524444580078,61.36627960205078,1667.2203101599569,-2.408670957740622,6,1.0730793546267265,1.0730793546267265,1,1.0730793546267265,64.83157237368,-0.0005696816174582815,1665.5856245951852,1.0091310792926302,-144.4208017784578,60.68417537744594,1.9889759299958303,5.324409064494687,1,0.0,0,0,0.4590038062966243,1.0,1667.1092529296875,2.3107500076293945,1,1,6,18,1,-25.741582279198266,-145.8117218017578,48.04880905151367,-137.74234008789062,56.100006103515625,1,-137.74234008789062,56.100006103515625,1667.1092529296875,0.7134552001953125,0.8072768449783325,0.08412866294384003,4.0,4.0,1,1663.111083984375,0.368252694606781,4.391685577091984,21.000886917114258,8.297582626342773,0.4590038062966243,1663.111083984375,0.368252694606781,1663.111083984375,0.368252694606781,0.0,0.0,0.0,0,1.341349193283408,1.3413140853298584,-0.00970478324204982,3.157743215560913,-0.02378002181649208,0.7720511555671692,0.04066764935851097,-1.1533149006753822,0.0,-25.72133066158748,-25.72133066158748,90.55290303526749,3.5429816246032715,-0.07477370649576187,0.041913082314372865,1.0,1664.9944306478571,0.8566822416839753,5,5,6,2.114835073859723,0.9911487993397146,2.2258795120997092,2.0846638609341865,-145.02185809663467,60.79133056315922,0.7674464269191374,1.0730793546267265,0.0,0,2.535462505334812,nan
GT+smooth-jitter_controlled_forward3x6_SoftMS_local_prior_3frame_causal_heading_continuous_waypoint_RNN_polynomial_Kalman,1,controlled_gt_jitter,8.0,-143.1272054540359,57.567508395655715,-0.9899526464187063,-4.682350460545455,0,0,6,-144.7226470586228,60.12988733786718,-142.1372528076172,62.24985885620117,-1,-144.72264099121094,60.129886627197266,-144.7226470586228,60.12988733786718,0.0,0,0.0,0.0,735,/yh/study/uav-sat/v36_GvsK/v36_training_data/routes/route_C/vi/vi_000735.jpg,-142.1372528076172,62.24985885620117,1667.2203101599569,-3.3830785049984198,6,0.9762665644787041,0.9762665644787041,1,0.9762665644787041,64.83128761113241,-0.0002847625475935377,1666.214730461036,0.8476545818805374,-143.91578750027068,60.27575227759547,2.6571191988065492,5.423065413514402,1,0.0,0,0,0.4966639460957423,1.0,1667.1092529296875,1.3344333171844482,1,1,6,18,1,-25.73449425038709,-136.2879638671875,57.50517272949219,-136.71046447753906,58.296165466308594,1,-136.71046447753906,58.296165466308594,1667.1092529296875,-1.708425521850586,0.7895452976226807,0.09529177844524384,4.0,4.0,1,1663.111083984375,-2.0549204349517822,6.69168569876977,21.000730514526367,8.29737663269043,0.4966639460957423,1663.111083984375,-2.0549204349517822,1663.111083984375,-1.3218409291774376,0.0,-0.7330795057743447,0.0,0,1.2203332055983802,1.220299813178914,-0.009027659803437862,3.158123254776001,-0.023915667086839676,0.7720286250114441,0.040575217455625534,-1.1449028823822769,0.0,-25.712918643294373,-25.712918643294373,90.54420625442678,3.5433576107025146,-0.07444272935390472,0.08285382868944302,1.0,1665.541563959057,0.3795244844082277,5,5,6,1.5677017626599365,0.9934387115816736,1.6787462008999228,2.181856690297297,-144.7226470586228,60.12988733786718,0.7259713393467208,0.9762665644787041,0.0,0,3.3434327676327302,nan
GT+smooth-jitter_controlled_forward3x6_SoftMS_local_prior_3frame_causal_heading_continuous_waypoint_RNN_polynomial_Kalman,1,controlled_gt_jitter,8.0,-143.12333904534285,58.72904114775459,-0.8295615795225401,-4.737332295848922,0,0,6,-143.87246175985786,60.446112203870676,-142.2937774658203,63.466373443603516,-1,-143.87246704101562,60.44611358642578,-143.87246175985786,60.446112203870676,0.0,0,0.0,0.0,736,/yh/study/uav-sat/v36_GvsK/v36_training_data/routes/route_C/vi/vi_000736.jpg,-142.2937774658203,63.466373443603516,1667.6276614734686,-4.456210018524329,6,1.2265429914961399,1.2265429914961399,1,1.2265429914961399,97.33176446691338,12.000000000000002,1667.0746996472908,0.3680349970192492,-143.33308569765074,59.482001336359005,4.117691427212408,5.515377504378982,1,0.0,0,0,0.95,1.0,1667.1092529296875,0.2532832622528076,1,1,6,18,1,-25.726942835929407,-145.84225463867188,43.2906494140625,-144.90576171875,43.638240814208984,1,-144.90576171875,43.638240814208984,1667.1092529296875,14.938308715820312,0.00932867918163538,0.9920368790626526,4.0,4.0,1,1663.111328125,14.613027572631836,10.69558723581861,20.90542221069336,8.272480964660645,0.95,1663.111328125,14.613027572631836,1663.111328125,3.2855349970192487,0.0,11.327492575612588,0.0,0,1.5331787393701746,1.533135688233842,-0.01148948738897853,3.1709861755371094,-0.02335083857178688,0.7740169167518616,0.04121290147304535,-1.2168434506410228,0.0,-25.784859211553115,-25.784859211553115,123.1166236784665,3.557133913040161,-0.07830251008272171,0.13887624079685235,1.0,1666.1833027649743,1.020605222767098,5,5,6,0.925962956742552,0.9961245753697656,1.444358708494292,1.9444431840409695,-143.87246175985786,60.446112203870676,0.907090518148539,1.2265429914961399,0.0,0,3.4079645034057156,nan
GT+smooth-jitter_controlled_forward3x6_SoftMS_local_prior_3frame_causal_heading_continuous_waypoint_RNN_polynomial_Kalman,1,controlled_gt_jitter,8.0,-143.11682393770116,59.8962626836827,-0.6665218136777171,-4.786735973543865,0,0,6,-143.07875454307106,60.66567518903963,-142.45030212402344,64.68299865722656,-1,-143.07875061035156,60.66567611694336,-143.07875454307106,60.66567518903963,0.0,0,0.0,0.0,737,/yh/study/uav-sat/v36_GvsK/v36_training_data/routes/route_C/vi/vi_000737.jpg,-142.45030212402344,64.68299865722656,1668.2216689758252,-5.5294443667414495,6,1.2266527133010914,1.2266527133010914,1,1.2266527133010914,97.33110505153167,-0.0006594153817239766,1667.7165764221604,1.0092247266080034,-143.59950747380304,60.274614884851346,4.555712943163036,5.721462147128055,1,0.0,0,0,0.8641832085287944,1.0,1667.1092529296875,-0.8341313600540161,1,1,6,18,1,-25.75277643392884,-150.57359313964844,43.32062530517578,-147.26271057128906,44.300865173339844,1,-147.26271057128906,44.300865173339844,1667.1092529296875,15.191239356994629,0.23363855481147766,0.37483471632003784,4.0,4.0,1,1663.112060546875,14.855257987976074,9.744170864239518,20.047636032104492,8.098401069641113,0.8641832085287944,1663.112060546875,14.855257987976074,1663.112060546875,3.7851270206805143,0.0,11.07013096729556,0.0,0,1.5333158916263643,1.5332736571861938,-0.01138049615909454,2.966181755065918,-0.02242729812860489,0.7159860134124756,0.03699519485235214,-1.1328025619373647,0.0,-25.700818322849457,-25.700818322849457,123.03192337438111,3.3234474658966064,-0.06964735686779022,0.13923524025497994,1.0,1666.8138659590434,1.5502929691999616,6,5,6,0.29539976267349743,0.9987636659677429,1.407803016781827,1.7395290417648266,-143.07875454307106,60.66567518903963,0.823516272113521,1.2266527133010914,0.0,0,4.066182520626967,nan
GT+smooth-jitter_controlled_forward3x6_SoftMS_local_prior_3frame_causal_heading_continuous_waypoint_RNN_polynomial_Kalman,1,controlled_gt_jitter,8.0,-143.1080548376591,61.07070193128925,-0.5010296911747343,-4.830436374374809,0,0,6,-142.80296800675887,61.16141545796447,-142.60702514648438,65.90113830566406,-1,-142.80296325683594,61.161415100097656,-142.80296800675887,61.16141545796447,0.0,0,0.0,0.0,738,/yh/study/uav-sat/v36_GvsK/v36_training_data/routes/route_C/vi/vi_000738.jpg,-142.60702514648438,65.90113830566406,1668.8164191655344,-6.604013359736184,6,1.2281800799820553,1.2281800799820553,1,1.2281800799820553,97.3312681504349,0.00016309890323648845,1668.3490479243012,1.5387846614141423,-143.96678292049126,60.989175923832434,5.096696542320446,5.8537799133967825,1,0.0,0,0,0.8360680537259952,1.0,1667.50146484375,-1.9290862083435059,1,1,6,18,1,-25.754013852017287,-150.57359313964844,43.32062530517578,-146.1858673095703,45.24610137939453,1,-146.1858673095703,45.24610137939453,1667.1092529296875,13.915600776672363,0.28475701808929443,0.25912702083587646,4.0,4.0,1,1663.1119384765625,13.571430206298828,7.328854641622899,20.1568603515625,8.1224365234375,0.8360680537259952,1663.1119384765625,13.571430206298828,1663.7998607765546,4.268296950062035,-0.6879222999922163,9.303133256236793,0.0,0,1.5352250999775687,1.5351819652578789,-0.011508307785819396,2.9722695350646973,-0.022847551852464676,0.719528317451477,0.03686537221074104,-1.1163530118167408,0.0,-25.685326026357522,-25.685326026357522,123.01659417679242,3.331315279006958,-0.06933138519525528,0.13977404108050795,1.0,1667.3603269117837,2.12867595701557,6,6,7,111.80870235860985,0.0022404222721544888,1.4560922537507395,1.744089455082642,-142.80296800675887,61.16141545796447,0.5672888398732558,1.2281800799820553,0.0,0,4.743771313785905,nan
GT+smooth-jitter_controlled_forward3x6_SoftMS_local_prior_3frame_causal_heading_continuous_waypoint_RNN_polynomial_Kalman,1,controlled_gt_jitter,8.0,-143.918446851491,62.06461460869145,-0.33328754973319014,-4.86831538398433,0,0,6,-143.84277078364943,60.978388506047814,-143.5851593017578,66.93292999267578,-1,-143.8427734375,60.978389739990234,-143.84277078364943,60.978388506047814,0.0,0,0.0,0.0,739,/yh/study/uav-sat/v36_GvsK/v36_training_data/routes/route_C/vi/vi_000739.jpg,-143.5851593017578,66.93292999267578,1670.106030680285,-7.202547111601206,6,1.4217385523010093,1.4217385523010093,1,1.4217385523010093,133.47077936845739,12.000000000000002,1669.137448781434,2.1151700693170015,-144.45849765503078,61.80333028935551,5.2034135906730485,5.932772391209197,1,0.0,0,0,0.6160196142232791,1.0,1665.468505859375,2.4734625816345215,1,1,6,18,1,-25.77648859176195,-150.54306030273438,48.07878112792969,-142.8435821533203,55.491004943847656,1,-142.8435821533203,55.491004943847656,1667.1092529296875,-3.0581274032592773,0.6848450899124146,0.3484185039997101,4.0,4.0,1,1663.1119384765625,-3.389219284057617,10.448184166922003,20.14203643798828,8.116737365722656,0.6160196142232791,1663.1119384765625,-3.389219284057617,1665.19339484232,-0.2512622941514091,-2.081456365757414,-3.1379569899062076,0.0,0,1.7771731903762615,1.7771218696503663,-0.013505887698568874,2.9816479682922363,-0.022000696510076523,0.7141367197036743,0.037676721811294556,-1.0933934376434489,0.0,-25.68029812294856,-25.68029812294856,159.15107749140594,3.338047981262207,-0.06687166541814804,0.10639099384427915,1.0,1668.2315237867715,1.5745156504212376,6,6,7,110.937505483622,0.010014817357411058,1.8745068935133986,1.559909415991227,-143.84277078364943,60.978388506047814,1.0557881794930313,1.4217385523010093,0.0,0,5.960111407648014,nan
GT+smooth-jitter_controlled_forward3x6_SoftMS_local_prior_3frame_causal_heading_continuous_waypoint_RNN_polynomial_Kalman,1,controlled_gt_jitter,8.0,-144.72856694433358,63.06634395377498,-0.16350346777108424,-4.900262186361736,0,0,6,-144.87495766995355,60.782437584043684,-144.5650634765625,67.96660614013672,-1,-144.8749542236328,60.78243637084961,-144.87495766995355,60.782437584043684,0.0,0,0.0,0.0,740,/yh/study/uav-sat/v36_GvsK/v36_training_data/routes/route_C/vi/vi_000740.jpg,-144.5650634765625,67.96660614013672,1671.397982253601,-7.802180084206695,6,1.4243238991287555,1.4243238991287555,1,1.4243238991287555,133.47029939801277,-0.0004799704446216002,1670.0118788723767,1.561200838895106,-145.50055207701874,61.62135783539526,6.413837772379962,5.990353949246472,1,0.0,0,0,0.62180311251048,1.0,1664.3153076171875,3.047677516937256,1,1,6,18,1,-25.824791013759786,-150.54306030273438,48.07878112792969,-143.07969665527344,54.821434020996094,1,-143.07969665527344,54.821434020996094,1667.1092529296875,-3.7652511596679688,0.6743296384811401,0.30494844913482666,4.0,4.0,1,1663.11181640625,-4.105600833892822,11.697978724980794,20.258554458618164,8.142951965332031,0.62180311251048,1663.11181640625,-4.105600833892822,1666.051920312973,-0.814774296747186,-2.9401039067228356,-3.290826537145636,0.0,0,1.7804048739109444,1.7803550856050796,-0.013314811526131731,2.9991517066955566,-0.022264009341597557,0.7241164445877075,0.03794044628739357,-1.0918153437800586,0.0,-25.71879524821196,-25.71879524821196,159.18909464622473,3.360536813735962,-0.06733976304531097,0.10615444494442147,1.0,1669.0904426898317,1.0111394252698784,6,6,7,110.07858658056185,0.01767964615822375,2.3075395637692964,1.5748278075668012,-144.87495766995355,60.782437584043684,1.050621973924236,1.4243238991287555,0.0,0,7.190849202524926,nan
GT+smooth-jitter_controlled_forward3x6_SoftMS_local_prior_3frame_causal_heading_continuous_waypoint_RNN_polynomial_Kalman,1,controlled_gt_jitter,8.0,-145.4482050819533,63.98058762167287,0.00810900496076329,-4.92617354776073,0,0,6,-146.14976808457334,61.05459973517721,-145.45631408691406,68.9067611694336,-1,-146.14976501464844,61.05459976196289,-146.14976808457334,61.05459973517721,0.0,0,0.0,0.0,741,/yh/study/uav-sat/v36_GvsK/v36_training_data/routes/route_C/vi/vi_000741.jpg,-145.45631408691406,68.9067611694336,1672.5730478136563,-8.347560739470113,6,1.2954609718413908,1.2954609718413908,1,1.2954609718413908,133.47038197020356,8.257219081342117e-05,1670.7097239886893,0.9990785333395865,-146.3829358848963,61.367370197135976,7.596120338018525,6.523790000398685,1,0.0,0,0,0.38115562665823854,1.0,1663.2806396484375,3.579946994781494,1,1,6,18,1,-25.88631524441241,-150.54306030273438,48.07878112792969,-142.67193603515625,55.063507080078125,1,-142.67193603515625,55.063507080078125,1667.1092529296875,-3.3755574226379395,0.7475355267524719,0.03984630107879639,4.0,4.0,1,1663.112060546875,-3.6958982944488525,11.903185604638804,20.306169509887695,8.147457122802734,0.38115562665823854,1663.112060546875,-3.6958982944488525,1667.4115460153791,-0.9798282506465071,-4.299485468504191,-2.7160700438023455,0.0,0,1.6193262148017384,1.6192812988576049,-0.012060891930291907,3.042799949645996,-0.02153141424059868,0.7381467819213867,0.03951672464609146,-1.155793192127039,0.0,-25.887694715399828,-25.887694715399828,159.3580766856034,3.4111435413360596,-0.0705936923623085,0.03246449003462981,1.0,1670.3659044300755,0.7939566480757267,6,6,7,108.80312484031802,0.029061623951616027,2.207143383580842,1.7473389778046053,-146.14976808457334,61.05459973517721,1.303538963641946,1.2954609718413908,0.00807799180055535,0,7.8827227299006815,nan
GT+smooth-jitter_controlled_forward3x6_SoftMS_local_prior_3frame_causal_heading_continuous_waypoint_RNN_polynomial_Kalman,1,controlled_gt_jitter,8.0,-146.50632145688428,64.65637897850202,0.1813311310063577,-4.945954090345643,0,0,6,-147.6438486839887,61.489829856192536,-146.68765258789062,69.60233306884766,-1,-147.6438446044922,61.489830017089844,-147.6438486839887,61.489829856192536,0.0,0,0.0,0.0,742,/yh/study/uav-sat/v36_GvsK/v36_training_data/routes/route_C/vi/vi_000742.jpg,-146.68765258789062,69.60233306884766,1673.974083288232,-8.540211641941221,6,1.4142187847860368,1.4142187847860368,1,1.4142187847860368,150.53829082653544,12.000000000000002,1672.1336315529977,0.781154345532177,-147.79506936163563,61.693122087314954,7.986362767941942,7.20984421191697,1,0.0,0,0,0.3159774186051265,1.0,1662.037353515625,3.7546215057373047,1,1,6,18,1,-26.126476358039813,-136.31851196289062,52.747013092041016,-142.49635314941406,55.31062316894531,1,-142.49635314941406,55.31062316894531,1667.1092529296875,-3.077810525894165,0.7701057195663452,0.0187404602766037,4.0,4.0,1,1663.1116943359375,-3.4086461067199707,12.04566490646345,20.48578643798828,8.187118530273438,0.3159774186051265,1663.1116943359375,-3.4086461067199707,1669.0146936518336,-1.090208395166282,-5.902999315896114,-2.3184377115536887,0.0,0,1.767773480982546,1.7677271229221814,-0.01280230254354971,3.065849781036377,-0.022119710221886635,0.7425838112831116,0.039609070867300034,-1.1391034114467014,0.0,-26.09247597849456,-26.09247597849456,176.63076680503,3.4364163875579834,-0.07064439356327057,0.01695672850335886,1.0,1671.9097916537673,0.6476686448354667,6,6,7,107.25923761662617,0.04283897966610688,2.0642916344645528,1.6516309962503402,-147.6438486839887,61.489829856192536,1.5561818967551189,1.4142187847860368,0.14196311196908207,0,8.168660805146265,nan
GT+smooth-jitter_controlled_forward3x6_SoftMS_local_prior_3frame_causal_heading_continuous_waypoint_RNN_polynomial_Kalman,1,controlled_gt_jitter,8.0,-147.6797968012984,65.40432927035326,0.3559392826859653,-4.959516554842061,0,0,6,-149.15689993850245,62.02132676375601,-148.03573608398438,70.36384582519531,-1,-149.1569061279297,62.02132797241211,-149.15689993850245,62.02132676375601,0.0,0,0.0,0.0,743,/yh/study/uav-sat/v36_GvsK/v36_training_data/routes/route_C/vi/vi_000743.jpg,-148.03573608398438,70.36384582519531,1675.5079502738301,-8.751121245828786,6,1.5482993220048094,1.5482993220048094,1,1.5482993220048094,150.53852690553114,0.00023607899570821293,1673.8451152651617,0.6336818879585919,-149.4434673909382,62.18810748501984,8.29604754323365,7.801564587535769,1,0.0,0,0,0.3703853981531039,1.0,1660.6591796875,3.9469590187072754,1,1,6,18,1,-26.61579297378006,-150.48199462890625,57.595096588134766,-142.3016815185547,59.12724304199219,1,-142.3016815185547,59.12724304199219,1667.1092529296875,0.4742237329483032,0.787087619304657,0.04423967003822327,4.0,4.0,1,1663.111572265625,0.1432131826877594,9.491888000157024,20.545150756835938,8.199463844299316,0.3703853981531039,1663.111572265625,0.1432131826877594,1670.5765554202405,0.1432131826877594,-7.464983154615631,0.0,0.0,0,1.9353741525060117,1.9353236113943402,-0.013986756876874836,3.0730137825012207,-0.022212306037545204,0.7442916631698608,0.03976328298449516,-1.122464750463433,0.0,-26.4841874501653,-26.4841874501653,177.02271435569645,3.444453239440918,-0.06981900334358215,0.016397953822572957,1.0,1673.5126847341037,0.5840967647200994,6,6,7,105.65634453628982,0.057142892413879876,1.9952655397264607,1.5247144604964114,-149.15689993850245,62.02132676375601,1.603687332847392,1.5482993220048094,0.0553880108425826,0,8.417519389888922,nan
GT+smooth-jitter_controlled_forward3x6_SoftMS_local_prior_3frame_causal_heading_continuous_waypoint_RNN_polynomial_Kalman,1,controlled_gt_jitter,8.0,-148.84619391693724,66.15524248464884,0.5317052529846262,-4.966782051483981,0,0,6,-149.7315402930555,61.95405415848867,-149.37789916992188,71.12202453613281,-1,-149.73153686523438,61.95405578613281,-149.7315402930555,61.95405415848867,0.0,0,0.0,0.0,744,/yh/study/uav-sat/v36_GvsK/v36_training_data/routes/route_C/vi/vi_000744.jpg,-149.37789916992188,71.12202453613281,1677.0350847396185,-8.96111417517068,6,1.5415046892475295,1.5415046892475295,1,1.5415046892475295,150.5381933094662,-0.0003335960649220929,1675.439515267942,0.5701702248503822,-150.94469003424354,62.7145551738709,8.552214607333855,7.058500394158481,1,0.0,0,0,0.6098308252132312,1.0,1659.2861328125,4.144934177398682,1,1,6,18,1,-27.529325773985285,-155.2133331298828,57.62506866455078,-147.57591247558594,60.56669616699219,1,-147.57591247558594,60.56669616699219,1671.46875,0.18649083375930786,0.6960974335670471,0.15192553400993347,4.0,4.0,1,1667.470947265625,-0.14722150564193726,13.201769263898807,20.6253604888916,8.217035293579102,0.6098308252132312,1667.470947265625,-0.14722150564193726,1671.5124804986056,-0.14722150564193726,-4.041533232980557,0.0,0.0,0,1.926880861559412,1.926830533838199,-0.013926539869717284,3.0863542556762695,-0.022464778274297714,0.7472631335258484,0.03987601399421692,-1.114725399081868,0.0,-26.66225459346311,-26.66225459346311,177.20044790292934,3.4592819213867188,-0.06983824074268341,0.07416279320012219,1.0,1674.0051728780606,0.30920666454075646,6,6,7,105.16385639233286,0.06153776286836762,3.029911861557821,1.54484956642874,-149.7315402930555,61.95405415848867,0.5785647245557883,1.5415046892475295,0.0,0,9.174788438396373,nan
GT+smooth-jitter_controlled_forward3x6_SoftMS_local_prior_3frame_causal_heading_continuous_waypoint_RNN_polynomial_Kalman,1,controlled_gt_jitter,8.0,-149.90465578879937,66.63185278248517,0.7083965793646901,-4.967680298569526,0,0,6,-150.17632530514078,62.044421304539775,-150.61305236816406,71.59953308105469,-1,-150.17633056640625,62.0444221496582,-150.17632530514078,62.044421304539775,0.0,0,0.0,0.0,745,/yh/study/uav-sat/v36_GvsK/v36_training_data/routes/route_C/vi/vi_000745.jpg,-150.61305236816406,71.59953308105469,1678.3592775108707,-8.949653888743233,6,1.3242423621079755,1.3242423621079755,1,1.3242423621079755,158.86356603235092,8.325372722884698,1675.66043225845,0.2971963092404886,-151.27050382666997,62.5510324784844,9.072353915881278,6.6426571431632855,1,0.0,0,0,0.6083436118400469,1.0,1658.1253662109375,4.1383161544799805,1,1,6,18,1,-27.722009604653906,-155.2133331298828,57.62506866455078,-147.56919860839844,60.32145690917969,1,-147.56919860839844,60.32145690917969,1671.3721923828125,0.41198256611824036,0.6988014578819275,0.13686497509479523,4.0,4.0,1,1667.374267578125,0.07626926898956299,14.124271335544138,20.689373016357422,8.231956481933594,0.6083436118400469,1667.374267578125,0.07626926898956299,1671.73748732589,0.07626926898956299,-4.363219747764971,0.0,0.0,0,1.6553029526349694,1.6552593803895537,-0.012010355300267825,3.093350648880005,-0.022755347192287445,0.7517805099487305,0.03982890769839287,-1.1301761407580833,0.0,-26.881321364747336,-26.881321364747336,174.25511260290176,3.4685099124908447,-0.07126770168542862,0.07473833658808098,1.0,1674.4472880395797,0.22910993003111546,6,6,7,104.72174123081382,0.06548311441577646,3.911989471291008,1.7691082867720294,-150.17632530514078,62.044421304539775,0.4538721494662584,1.3242423621079755,0.0,0,9.565087118749673,nan
GT+smooth-jitter_controlled_forward3x6_SoftMS_local_prior_3frame_causal_heading_continuous_waypoint_RNN_polynomial_Kalman,1,controlled_gt_jitter,8.0,-150.96323740224128,67.11520458319465,0.8857768799852862,-4.962149847957692,0,0,6,-150.60664326033572,62.39875732381411,-151.84901428222656,72.07735443115234,-1,-150.6066436767578,62.39875793457031,-150.60664326033572,62.39875732381411,0.0,0,0.0,0.0,746,/yh/study/uav-sat/v36_GvsK/v36_training_data/routes/route_C/vi/vi_000746.jpg,-151.84901428222656,72.07735443115234,1679.6843373543325,-8.938186244401296,6,1.3251094655243338,1.3251094655243338,1,1.3251094655243338,158.86355971105982,-6.321291108314481e-06,1676.103630603194,0.21700006343084494,-151.71674695525843,62.641874688426704,9.43640676429165,6.375765053257421,1,0.0,0,0,0.619318457130231,1.0,1656.961669921875,4.137779235839844,1,1,6,18,1,-28.211254778109033,-155.2133331298828,57.62506866455078,-147.82135009765625,59.57291030883789,1,-147.82135009765625,59.57291030883789,1671.33056640625,1.200763463973999,0.6788471937179565,0.20525428652763367,4.0,4.0,1,1667.332763671875,0.871863842010498,14.790224850372459,20.72954750061035,8.238227844238281,0.619318457130231,1667.332763671875,0.871863842010498,1672.1505048460858,0.871863842010498,-4.81774117421087,0.0,0.0,0,1.6563868319054174,1.6563425636143598,-0.012109866600270516,3.1146907806396484,-0.022926736623048782,0.7592498064041138,0.04020814970135689,-1.1706358335237115,0.0,-27.237671402972218,-27.237671402972218,173.898768885968,3.4935286045074463,-0.07421103864908218,0.07982014057178469,1.0,1674.9924327690371,0.4004608144514836,6,6,7,104.17659650135639,0.07034788221640308,4.691904585295333,1.7895813151153146,-150.60664326033572,62.39875732381411,0.5574294189566368,1.3251094655243338,0.0,0,9.758008389123784,nan
GT+smooth-jitter_controlled_forward3x6_SoftMS_local_prior_3frame_causal_heading_continuous_waypoint_RNN_polynomial_Kalman,1,controlled_gt_jitter,8.0,-152.14397436463153,67.65243128321649,1.0636062017747308,-4.95013829686164,0,0,6,-151.43802251938538,62.6521078409606,-153.20758056640625,72.60256958007812,-1,-151.43801879882812,62.65210723876953,-151.43802251938538,62.6521078409606,0.0,0,0.0,0.0,747,/yh/study/uav-sat/v36_GvsK/v36_training_data/routes/route_C/vi/vi_000747.jpg,-153.20758056640625,72.60256958007812,1681.1408380563953,-8.925576483822969,6,1.4565552859987616,1.4565552859987616,1,1.4565552859987616,158.86373946675062,0.00017975569080575166,1676.81307785142,0.3870997862728121,-152.29172132184328,63.051155382029954,9.595223360533492,6.285508586872226,1,0.0,0,0,0.6085966931617632,1.0,1655.6644287109375,4.135451316833496,1,1,6,18,1,-29.406318067792235,-155.2133331298828,57.62506866455078,-147.60671997070312,60.25471878051758,1,-147.60671997070312,60.25471878051758,1671.3824462890625,0.48785242438316345,0.6983413100242615,0.15597955882549286,4.0,4.0,1,1667.3843994140625,0.1502569019794464,16.323638353188272,20.80402946472168,8.255575180053711,0.6085966931617632,1667.3843994140625,0.1502569019794464,1672.8894369452253,0.1502569019794464,-5.505037531162726,0.0,0.0,0,1.820694107498452,1.820645082383053,-0.013361028178671512,3.1209869384765625,-0.02316703274846077,0.7604119181632996,0.04020354151725769,-1.1414166044195142,0.0,-27.93894005694882,-27.93894005694882,173.19732047630058,3.500437021255493,-0.07280898094177246,0.07205789063462319,1.0,1675.8573643997465,0.32962041480427207,6,6,7,103.31166487064698,0.07806636745427079,5.283473656648766,1.664431652477801,-151.43802251938538,62.6521078409606,0.8691248224026122,1.4565552859987616,0.0,0,10.106583225968013,nan
GT+smooth-jitter_controlled_forward3x6_SoftMS_local_prior_3frame_causal_heading_continuous_waypoint_RNN_polynomial_Kalman,1,controlled_gt_jitter,8.0,-154.10006394249518,68.35549163089208,1.2416413797704553,-4.931602485318858,0,0,6,-152.85952082853427,63.78670158135389,-155.34170532226562,73.28709411621094,-1,-152.85952758789062,63.78670120239258,-152.85952082853427,63.78670158135389,0.0,0,0.0,0.0,748,/yh/study/uav-sat/v36_GvsK/v36_training_data/routes/route_C/vi/vi_000748.jpg,-155.34170532226562,73.28709411621094,1683.3770029379036,-8.775147308299536,6,2.2412189348967404,2.2412189348967404,1,2.2412189348967404,162.21625873331138,3.352519266560768,1678.6588116732657,0.3089312984691655,-153.9627067860911,63.59902851951263,9.785716732498486,6.169892859432885,1,0.0,0,0,0.5366153510249034,1.0,1653.5931396484375,3.9615728855133057,0,0,6,18,1,-48.72177008248331,-155.2133331298828,57.62506866455078,-154.72645568847656,58.74729537963867,1,-154.72645568847656,58.74729537963867,1677.445068359375,4.513786315917969,0.7923737168312073,0.11189459264278412,4.0,4.0,0,1673.4471435546875,4.186131477355957,11.188858581286519,20.81986427307129,8.256454467773438,0.5366153510249034,1673.4471435546875,4.186131477355957,1674.9331194579472,2.5443466276602567,-1.485975903259761,1.6417848496957004,0.0,0,2.8015236686209253,2.8014472735192646,-0.020689116335106582,3.138660430908203,-0.02312929928302765,0.7649134993553162,0.040606915950775146,-1.185125439517659,0.0,-32.698225140614355,-32.698225140614355,165.08551612607428,3.520305633544922,-0.07565203309059143,0.09370544694158983,1.0,1677.7169472422977,0.8718641950963597,6,6,7,101.45208202809582,0.09466093078068183,5.660055695605934,0.8974414960114627,-152.85952082853427,63.78670158135389,1.8187799203457167,2.2412189348967404,0.0,0,9.819302326402214,nan
GT+smooth-jitter_controlled_forward3x6_SoftMS_local_prior_3frame_causal_heading_continuous_waypoint_RNN_polynomial_Kalman,1,controlled_gt_jitter,8.0,-156.0567582462116,69.06529307906816,1.4196364071087317,-4.9065086787443395,0,0,6,-156.21448225525882,62.835607793926066,-157.4763946533203,73.9718017578125,-1,-156.2144775390625,62.835609436035156,-156.21448225525882,62.835607793926066,0.0,0,0.0,0.0,749,/yh/study/uav-sat/v36_GvsK/v36_training_data/routes/route_C/vi/vi_000749.jpg,-157.4763946533203,73.9718017578125,1685.6137601324947,-8.624680212124886,6,2.241812457496452,2.241812457496452,1,2.241812457496452,162.21620964866673,-4.9084644651706074e-05,1680.5191365814082,0.8511943362019753,-156.13735023418067,63.25344791305362,10.801673439698428,5.998238707189204,1,0.0,0,0,0.4420191081202403,1.0,1651.5184326171875,3.7935738563537598,1,1,6,18,1,164.05359147330253,-164.64549255371094,62.44316864013672,-164.22305297851562,63.773948669433594,1,-164.22305297851562,63.773948669433594,1688.1258544921875,3.342072010040283,0.7762722373008728,0.0705137699842453,4.0,4.0,1,1684.1279296875,3.0128440856933594,11.738408084112152,20.868972778320312,8.267631530761719,0.4420191081202403,1684.1279296875,3.0128440856933594,1683.9846891287389,2.9305258646003716,0.14324055876109165,0.08231822109298781,0.0,1,2.8022655718705654,2.8021893391104666,-0.02066985889438447,3.1443021297454834,-0.023483948782086372,0.7676827311515808,0.040507592260837555,-1.1817735241824752,0.0,164.19652287880322,164.19652287880322,1.980313230136484,3.5273263454437256,-0.07599522918462753,0.08951901724213276,1.0,1680.4905725076528,1.2714830418431495,6,6,7,98.6784567627407,0.11941223470566566,5.123187624841876,0.9024896722490312,-156.21448225525882,62.835607793926066,3.4871687035894006,2.241812457496452,1.2453562460929484,0,11.207463535594572,nan
GT+smooth-jitter_controlled_forward3x6_SoftMS_local_prior_3frame_causal_heading_continuous_waypoint_RNN_polynomial_Kalman,1,controlled_gt_jitter,8.0,-157.60602632561154,69.62879885679536,1.5973428150134494,-4.874832735001517,0,0,6,-158.4193863428269,63.71308437515134,-159.203369140625,74.50363159179688,-1,-158.4193878173828,63.71308517456055,-158.4193863428269,63.71308437515134,0.0,0,0.0,0.0,750,/yh/study/uav-sat/v36_GvsK/v36_training_data/routes/route_C/vi/vi_000750.jpg,-159.203369140625,74.50363159179688,1687.4151601261187,-8.482406127738487,6,1.807009643614869,1.807009643614869,1,1.807009643614869,162.8835406155625,0.6673309668957845,1682.749272263076,1.254707053503436,-158.4176334161231,63.71786344601193,10.81435042540178,5.679781009724536,1,0.0,0,0,0.6864281492269412,1.0,1649.8751220703125,3.6619205474853516,1,1,6,18,1,159.0593908369893,-174.10818481445312,62.50310134887695,-169.81829833984375,67.8873062133789,1,-169.81829833984375,67.8873062133789,1694.8433837890625,1.581101655960083,0.556829571723938,0.4571869373321533,4.0,4.0,1,1690.8453369140625,1.2496678829193115,10.318876833051114,20.92237091064453,8.27888298034668,0.6864281492269412,1690.8453369140625,1.2496678829193115,1686.88694967345,1.2496678829193115,3.9583872406125025,0.0,0.0,1,2.2587620545185865,2.2586997554230734,-0.016775988339713596,3.1559340953826904,-0.023499930277466774,0.7711344957351685,0.04075929522514343,-1.1916994965937961,0.0,159.0332518516806,159.0332518516806,3.850288763881918,3.540670394897461,-0.07677426934242249,0.11366593299939767,1.0,1682.7493043394625,1.2597983979491445,6,6,7,96.41972493093104,0.13956872763658734,4.665855786656266,1.3489244517678214,-158.4193863428269,63.71308437515134,2.3730923256319443,1.807009643614869,0.5660826820170752,0,10.818989706155564,nan
GT+smooth-jitter_controlled_forward3x6_SoftMS_local_prior_3frame_causal_heading_continuous_waypoint_RNN_polynomial_Kalman,1,controlled_gt_jitter,8.0,-158.99918683730817,70.15066813809983,1.7745100621058996,-4.836560255454863,0,0,6,-160.33150906399183,64.52831684443404,-160.77369689941406,74.98722839355469,-1,-160.33151245117188,64.5283203125,-160.33150906399183,64.52831684443404,0.0,0,0.0,0.0,751,/yh/study/uav-sat/v36_GvsK/v36_training_data/routes/route_C/vi/vi_000751.jpg,-160.77369689941406,74.98722839355469,1689.0531651623114,-8.353043698489367,6,1.6431053334141013,1.6431053334141013,1,1.6431053334141013,162.88330542921923,-0.0002351863432923128,1684.8031291980744,1.2445225597855318,-160.34571433289773,64.49286714033599,10.503084651201277,5.2626762743208415,1,0.0,0,0,0.6805266993081942,1.0,1648.39111328125,3.557305335998535,1,1,6,18,1,157.95419280309684,-174.10818481445312,62.50310134887695,-169.82521057128906,68.13138580322266,1,-169.82521057128906,68.13138580322266,1694.9398193359375,1.35676109790802,0.5675594806671143,0.4822373390197754,4.0,4.0,1,1690.9417724609375,1.0254263877868652,9.566739770091896,20.962255477905273,8.28756046295166,0.6805266993081942,1690.9417724609375,1.0254263877868652,1688.924577621172,1.0254263877868652,2.0171948397655353,0.0,0.0,1,2.0538816667676265,2.0538248586119905,-0.015275838163612557,3.1599106788635254,-0.023866621777415276,0.7715868949890137,0.04059278964996338,-1.1864499626081124,0.0,157.94267932677874,157.94267932677874,4.940626102440481,3.544870138168335,-0.07698673754930496,0.13888443142839993,1.0,1684.802489909242,1.2063295553117708,6,6,7,94.3665393611515,0.1578909648496587,4.250675253069403,1.5168053454494241,-160.33150906399183,64.52831684443404,2.0786575667406044,1.6431053334141013,0.43555223332650317,0,10.468254910639335,nan
GT+smooth-jitter_controlled_forward3x6_SoftMS_local_prior_3frame_causal_heading_continuous_waypoint_RNN_polynomial_Kalman,1,controlled_gt_jitter,8.0,-160.550044853805,70.72745543137935,1.9508859323278076,-4.791686719499552,0,0,6,-162.42803258371777,65.39807967169045,-162.5009307861328,75.5191421508789,-1,-162.42803955078125,65.39807891845703,-162.42803258371777,65.39807967169045,0.0,0,0.0,0.0,752,/yh/study/uav-sat/v36_GvsK/v36_training_data/routes/route_C/vi/vi_000752.jpg,-162.5009307861328,75.5191421508789,1690.8548372237692,-8.210751999424092,6,1.8072822537335798,1.8072822537335798,1,1.8072822537335798,162.88341820684767,0.00011277762845491549,1687.0615291711306,1.1893840019952457,-162.43507737934684,65.380678377618,10.138677643209155,4.668827985674977,1,0.0,0,0,0.6816423552072421,1.0,1646.7408447265625,3.437069892883301,1,1,6,18,1,157.4507768855137,-174.10818481445312,62.50310134887695,-169.8140106201172,68.0622787475586,1,-169.8140106201172,68.0622787475586,1694.9039306640625,1.4168720245361328,0.5655310153961182,0.4815051555633545,4.0,4.0,1,1690.90576171875,1.0818537473678589,9.292745216434087,21.014694213867188,8.299051284790039,0.6816423552072421,1690.90576171875,1.0818537473678589,1690.90576171875,1.0818537473678589,0.0,0.0,0.0,1,2.2591028171669745,2.2590392618886814,-0.01694555331652495,3.16865873336792,-0.024246152490377426,0.7758622169494629,0.04051601514220238,-1.1955701861407835,0.0,157.43406798884297,157.43406798884297,5.4493502180047,3.555732488632202,-0.0781959518790245,0.163515445429449,1.0,1687.0613103375208,1.1706110541936157,6,6,7,92.1077189328727,0.17804824839860717,3.793526886248401,1.3613764796343402,-162.42803258371777,65.39807967169045,2.2697793382708116,1.8072822537335798,0.4624970845372318,0,10.121325004936441,nan
GT+smooth-jitter_controlled_forward3x6_SoftMS_local_prior_3frame_causal_heading_continuous_waypoint_RNN_polynomial_Kalman,1,controlled_gt_jitter,8.0,-162.20058054460853,71.24954375044287,2.1262169407430487,-4.740217602096195,0,0,6,-164.55075807967881,66.43287628696352,-164.32679748535156,75.98976135253906,-1,-164.55075073242188,66.43287658691406,-164.55075807967881,66.43287628696352,0.0,0,0.0,0.0,753,/yh/study/uav-sat/v36_GvsK/v36_training_data/routes/route_C/vi/vi_000753.jpg,-164.32679748535156,75.98976135253906,1692.7255991318862,-7.9751219516252005,6,1.8855427961961553,1.8855427961961553,1,1.8855427961961553,165.54654183890761,2.6631236320599476,1689.4181710494831,1.1527360406999727,-164.61648449775447,66.28519264448622,9.708891408110064,4.426722062909094,1,0.0,0,0,0.6506172077691927,1.0,1645.022705078125,3.22564435005188,1,1,6,18,1,157.22589147783702,-174.10818481445312,62.50310134887695,-169.68121337890625,68.6007080078125,1,-169.68121337890625,68.6007080078125,1694.9788818359375,0.8674094080924988,0.6219403743743896,0.43161463737487793,4.0,4.0,1,1690.9808349609375,0.5423597097396851,8.694348978655212,20.953231811523438,8.284162521362305,0.6506172077691927,1690.9808349609375,0.5423597097396851,1690.9808349609375,0.5423597097396851,0.0,0.0,0.0,1,2.356928495245194,2.3568607119622866,-0.01787501349364294,3.170215368270874,-0.023626314476132393,0.7744899392127991,0.04100307077169418,-1.2115353264388653,0.0,157.19939042824262,157.19939042824262,8.347151410664999,3.5565989017486572,-0.07834196835756302,0.03185260116987782,1.0,1689.411402291942,0.9912239379802174,6,6,7,89.75762697845144,0.19902002167385974,3.3141968399440884,1.2846725720747187,-164.55075807967881,66.43287628696352,2.361518063912211,1.8855427961961553,0.4759752677160556,0,9.55950890498211,nan
GT+smooth-jitter_controlled_forward3x6_SoftMS_local_prior_3frame_causal_heading_continuous_waypoint_RNN_polynomial_Kalman,1,controlled_gt_jitter,8.0,-164.03295743029827,71.82474375757312,2.3002487464595474,-4.682168473872195,0,0,6,-167.10331383958075,66.87588010829403,-166.3332061767578,76.50691223144531,-1,-167.1033172607422,66.8758773803711,-167.10331383958075,66.87588010829403,0.0,0,0.0,0.0,754,/yh/study/uav-sat/v36_GvsK/v36_training_data/routes/route_C/vi/vi_000754.jpg,-166.3332061767578,76.50691223144531,1694.7813410887857,-7.716189769100183,6,2.0719847655096424,2.0719847655096424,1,2.0719847655096424,165.5466281941383,8.635523066564076e-05,1692.0013101802358,0.9717691907023793,-166.9517789640879,67.40600181289481,9.121907845385543,4.306878141926441,1,0.0,0,0,0.7323314459956065,1.0,1643.1170654296875,2.986917495727539,1,1,6,18,1,157.17362422811453,-178.8395233154297,62.5330696105957,-175.27101135253906,66.80569458007812,1,-175.27101135253906,66.80569458007812,1699.5133056640625,4.596668720245361,0.4733690321445465,0.2425190508365631,4.0,4.0,1,1695.51513671875,4.264012813568115,12.002654287628499,21.033367156982422,8.302486419677734,0.7323314459956065,1695.51513671875,4.264012813568115,1695.51513671875,3.5301160765951303,0.0,0.733896736972985,0.0,1,2.589980956887053,2.5899078882936992,-0.01945474727783807,3.175325632095337,-0.024212980642914772,0.7778255939483643,0.04069133102893829,-1.2101899926157842,0.0,157.1575194958253,157.1575194958253,8.38910869831299,3.563361883163452,-0.07914398610591888,0.21773382853874124,1.0,1691.9467437156798,1.5204169293519851,6,6,7,87.22228555471375,0.2216449259521593,2.8345973731059075,1.1033408665856945,-167.10331383958075,66.87588010829403,2.590712892838953,2.0719847655096424,0.5187281273293105,0,9.661772382410517,nan
GT+smooth-jitter_controlled_forward3x6_SoftMS_local_prior_3frame_causal_heading_continuous_waypoint_RNN_polynomial_Kalman,1,controlled_gt_jitter,8.0,-165.68591905799576,72.3598595381943,2.472726571887043,-4.6175650833877375,0,0,6,-169.45361349756823,67.04502167992428,-168.1586456298828,76.97742462158203,-1,-169.45361328125,67.0450210571289,-169.45361349756823,67.04502167992428,0.0,0,0.0,0.0,755,/yh/study/uav-sat/v36_GvsK/v36_training_data/routes/route_C/vi/vi_000755.jpg,-168.1586456298828,76.97742462158203,1696.6516664663259,-7.48061793626279,6,1.8851024126814615,1.8851024126814615,1,1.8851024126814615,165.54644437061071,-0.0001838235275747023,1694.303054141526,1.5025695027031332,-169.2870872376763,67.76112080966276,9.285129854546856,4.088633333163424,1,0.0,0,0,0.7295411424672977,1.0,1641.3912353515625,2.7863311767578125,1,1,6,18,1,157.16798761450198,-178.8395233154297,62.5330696105957,-175.18603515625,66.97438049316406,1,-175.18603515625,66.97438049316406,1699.4964599609375,4.408536911010742,0.47844231128692627,0.30393481254577637,4.0,4.0,1,1695.4984130859375,4.083171367645264,11.621153833615477,20.98961639404297,8.292037963867188,0.7295411424672977,1695.4984130859375,4.083171367645264,1695.4984130859375,4.056312387774175,0.0,0.026858979871088984,0.0,1,2.356378015851827,2.356310425846265,-0.017847426648852013,3.1727497577667236,-0.02404646761715412,0.7755371332168579,0.04075290262699127,-1.2052948814150006,0.0,157.16241460702608,157.16241460702608,8.384029763584632,3.5596532821655273,-0.07856403291225433,0.10877709555087152,1.0,1694.1938629036244,2.229622617964532,6,6,7,84.97516636676906,0.24169778985962762,2.4578035627014287,1.2876473450852621,-169.45361349756823,67.04502167992428,2.356378015851787,1.8851024126814615,0.47127560317032535,0,10.016464943970469,nan
GT+smooth-jitter_controlled_forward3x6_SoftMS_local_prior_3frame_causal_heading_continuous_waypoint_RNN_polynomial_Kalman,1,controlled_gt_jitter,8.0,-167.56981543204398,72.96815923993265,2.6433956275263246,-4.546443421200169,0,0,6,-172.01383873724558,67.74631206779704,-170.2132110595703,77.51460266113281,-1,-172.0138397216797,67.7463150024414,-172.01383873724558,67.74631206779704,0.0,0,0.0,0.0,756,/yh/study/uav-sat/v36_GvsK/v36_training_data/routes/route_C/vi/vi_000756.jpg,-170.2132110595703,77.51460266113281,1698.7595564107212,-7.2225494698434956,6,2.1236288166820967,2.1236288166820967,1,2.1236288166820967,165.34768213043893,-0.19876224017180402,1696.8483227295894,2.2095099766089508,-171.91370222928202,68.04228038161561,9.623749767388253,4.44829330428302,1,0.0,0,0,0.5809406818783656,1.0,1639.4249267578125,2.5562870502471924,1,1,6,18,1,157.16603706188542,-178.8395233154297,62.5330696105957,-180.00701904296875,66.77081298828125,1,-180.00701904296875,66.77081298828125,1703.9029541015625,6.375015735626221,0.4812779724597931,0.061183661222457886,4.0,4.0,1,1699.90478515625,6.047129154205322,13.319005956343869,21.059600830078125,8.306594848632812,0.5809406818783656,1699.90478515625,6.047129154205322,1699.90478515625,4.518062101708254,0.0,1.5290670524970684,0.0,1,2.6545360208526207,2.6544598259649304,-0.02011264135558117,3.1884522438049316,-0.024279078468680382,0.7798569798469543,0.040932539850473404,-1.2261840544961327,0.0,157.14152543394496,157.14152543394496,8.20615669649396,3.577479839324951,-0.08038683235645294,0.10005142875170205,1.0,1696.8322982372972,2.521548081106645,6,6,7,82.3367310330963,0.26524268456687616,1.9272581734239793,1.064823427122835,-172.01383873724558,67.74631206779704,2.654536020852547,2.1236288166820967,0.5309072041704503,0,9.932862686530125,nan
GT+smooth-jitter_controlled_forward3x6_SoftMS_local_prior_3frame_causal_heading_continuous_waypoint_RNN_polynomial_Kalman,1,controlled_gt_jitter,8.0,-169.2689310757221,73.53407229270725,2.812001541465404,-4.468849765398223,0,0,6,-174.34344944881565,68.37567753082267,-172.0809326171875,78.00292205810547,-1,-174.34344482421875,68.37567901611328,-174.34344944881565,68.37567753082267,0.0,0,0.0,0.0,757,/yh/study/uav-sat/v36_GvsK/v36_training_data/routes/route_C/vi/vi_000757.jpg,-172.0809326171875,78.00292205810547,1700.6757504426944,-6.987943242137142,6,1.9305024346650568,1.9305024346650568,1,1.9305024346650568,165.34788971269978,0.0002075822608674598,1699.2453566338834,2.5032142823511667,-174.25018398215556,68.65292493946848,9.59833827299996,4.898173587189096,1,0.0,0,0,0.49043513554696,1.0,1637.6444091796875,2.364520311355591,1,1,6,18,1,157.15745802412277,-183.57086181640625,62.56303024291992,-179.99273681640625,66.81827545166016,1,-179.99273681640625,66.81827545166016,1703.9071044921875,6.3256306648254395,0.47821441292762756,0.024307459592819214,4.0,4.0,1,1699.9090576171875,6.00570011138916,13.016243140296735,20.990999221801758,8.291349411010742,0.49043513554696,1699.9090576171875,6.00570011138916,1699.9090576171875,4.662432256003651,0.0,1.3432678553855095,0.0,1,2.413128043331321,2.413058396586217,-0.018333798755478525,3.1841847896575928,-0.023768840357661247,0.7776076197624207,0.041243162006139755,-1.2244053238258732,0.0,157.14330416461522,157.14330416461522,8.204585548084568,3.5721054077148438,-0.0794951543211937,0.0259918255132948,1.0,1699.2298464689682,2.795317017114895,6,6,7,79.93918280142535,0.2866379486272853,1.4459039737262174,1.253682354992536,-174.34344944881565,68.37567753082267,2.413128043331202,1.9305024346650568,0.48262560866614534,0,9.889530807955312,nan
GT+smooth-jitter_controlled_forward3x6_SoftMS_local_prior_3frame_causal_heading_continuous_waypoint_RNN_polynomial_Kalman,1,controlled_gt_jitter,8.0,-170.97083640452766,74.10653044646769,2.9782907927379685,-4.3848407083174745,0,0,6,-176.41020364144288,68.76203053566698,-173.94912719726562,78.49137115478516,-1,-176.4102020263672,68.76203155517578,-176.41020364144288,68.76203053566698,0.0,0,0.0,0.0,758,/yh/study/uav-sat/v36_GvsK/v36_training_data/routes/route_C/vi/vi_000758.jpg,-173.94912719726562,78.49137115478516,1702.5924319952244,-6.7532832002234775,6,1.9309928816752495,1.9309928816752495,1,1.9309928816752495,165.34771669510988,-0.00017301758988931976,1701.6435192430117,2.7771553052249063,-176.58042923944953,69.28235692522487,9.577561981916114,5.208695193820954,1,0.0,0,0,0.5124571727550402,1.0,1635.8585205078125,2.177546262741089,1,1,6,18,1,157.1525042159838,-183.57086181640625,62.56303024291992,-179.92881774902344,66.77146911621094,1,-179.92881774902344,66.77146911621094,1703.8304443359375,6.345576763153076,0.4773591160774231,0.03292810916900635,4.0,4.0,1,1699.832275390625,6.014725208282471,13.06294389491099,21.108383178710938,8.317834854125977,0.5124571727550402,1699.832275390625,6.014725208282471,1699.832275390625,4.972709640270723,0.0,1.042015568011748,0.0,0,2.413741102094062,2.413672774043632,-0.018161711889988687,3.1956608295440674,-0.024507712572813034,0.7831210494041443,0.04094909876585007,-1.2276399520064032,0.0,157.14006953643468,157.14006953643468,8.207647158675208,3.5863115787506104,-0.08088745176792145,0.04660882027641306,1.0,1701.2934652861302,3.198081110039311,6,6,7,77.87556398426332,0.3050532901540915,1.298966709094202,1.2646679478688179,-176.41020364144288,68.76203053566698,2.1025559533801848,1.9309928816752495,0.17156307170493523,0,10.035784281604851,nan
GT+smooth-jitter_controlled_forward3x6_SoftMS_local_prior_3frame_causal_heading_continuous_waypoint_RNN_polynomial_Kalman,1,controlled_gt_jitter,8.0,-172.67248775368185,74.67924883044181,3.1420111476853356,-4.294483164187105,0,0,6,-178.79927352728913,69.06664203471308,-175.8144989013672,78.9737319946289,-1,-178.7992706298828,69.06664276123047,-178.79927352728913,69.06664203471308,0.0,0,0.0,0.0,759,/yh/study/uav-sat/v36_GvsK/v36_training_data/routes/route_C/vi/vi_000759.jpg,-175.8144989013672,78.9737319946289,1704.5042450634053,-6.514004353245893,6,1.9267287235824184,1.9267287235824184,1,1.9267287235824184,165.50164346154597,0.1539267664360657,1703.7018065626005,3.1797677035396776,-178.64217151590125,69.666885492107,9.726927790237273,4.593417826055505,1,0.0,0,0,0.7206839026844875,1.0,1634.0728759765625,1.9909145832061768,1,1,6,18,1,157.14815210482203,-183.57086181640625,62.56303024291992,-184.8531951904297,69.70665740966797,1,-184.8531951904297,69.70665740966797,1709.489990234375,5.432481288909912,0.49454638361930847,0.31124162673950195,4.0,4.0,1,1705.49169921875,5.097089767456055,11.653007010583451,21.145809173583984,8.326630592346191,0.7206839026844875,1705.49169921875,5.097089767456055,1705.49169921875,5.097089767456055,0.0,0.0,0.0,1,2.408410904478023,2.40834127647039,-0.018313406499633516,3.1985480785369873,-0.024774476885795593,0.7853055596351624,0.04083796218037605,-1.222506851401727,0.0,157.14520263703935,157.14520263703935,8.356440824506597,3.5902903079986572,-0.080973319709301,0.08045056986770356,1.0,1703.626564855739,3.79565075710981,6,6,7,75.54246441465457,0.3258734266216764,0.8776802076663444,1.2718193549545689,-178.79927352728913,69.06664203471308,2.408410904478002,1.9267287235824184,0.4816821808955838,0,10.346946943007506,nan
GT+smooth-jitter_controlled_forward3x6_SoftMS_local_prior_3frame_causal_heading_continuous_waypoint_RNN_polynomial_Kalman,1,controlled_gt_jitter,8.0,-174.37669910760744,75.25816218302788,3.3029120984472375,-4.1978543574994704,0,0,6,-181.02439735798632,69.39281414845009,-177.6796112060547,79.45601654052734,-1,-181.02439880371094,69.39281463623047,-181.02439735798632,69.39281414845009,0.0,0,0.0,0.0,760,/yh/study/uav-sat/v36_GvsK/v36_training_data/routes/route_C/vi/vi_000760.jpg,-177.6796112060547,79.45601654052734,1706.415788876317,-6.2747502129948565,6,1.9264584844499453,1.9264584844499453,1,1.9264584844499453,165.50190884883278,0.0002653872868354867,1706.0345669102708,3.777152457095936,-181.03085791087722,69.97154380875195,10.059129061522917,4.269892483203409,1,0.0,0,0,0.7163850771224871,1.0,1632.2822265625,1.8088525533676147,1,1,6,18,1,157.14711978576202,-183.57086181640625,62.56303024291992,-184.8538055419922,69.58741760253906,1,-184.8538055419922,69.58741760253906,1709.4466552734375,5.543548107147217,0.5023624300956726,0.276254802942276,4.0,4.0,1,1705.448486328125,5.214987277984619,11.530383420830312,21.134275436401367,8.322952270507812,0.7163850771224871,1705.448486328125,5.214987277984619,1705.448486328125,5.214987277984619,0.0,0.0,0.0,0,2.4080731055624316,2.4080020545318668,-0.01849830001387452,3.201828956604004,-0.024817584082484245,0.7848186492919922,0.04086306318640709,-1.2364416112473167,0.0,157.13126787719378,157.13126787719378,8.370640971639023,3.59330677986145,-0.0819425955414772,0.031043196945828973,1.0,1705.8152135638938,4.312739861624845,6,6,7,73.35381570649966,0.34540451109700826,0.6005753124231887,1.2753704721540586,-181.02439735798632,69.39281414845009,2.2489029124700295,1.9264584844499453,0.3224444280200842,0,10.604510209626046,nan
GT+smooth-jitter_controlled_forward3x6_SoftMS_local_prior_3frame_causal_heading_continuous_waypoint_RNN_polynomial_Kalman,1,controlled_gt_jitter,8.0,-176.08481744144584,75.84348817632656,3.460745302694783,-4.0950417919351585,0,0,6,-182.48609188290425,69.61976678824655,-179.54556274414062,79.93852996826172,-1,-182.48609924316406,69.61976623535156,-182.48609188290425,69.61976678824655,0.0,0,0.0,0.0,761,/yh/study/uav-sat/v36_GvsK/v36_training_data/routes/route_C/vi/vi_000761.jpg,-179.54556274414062,79.93852996826172,1708.3281971914168,-6.035399452045758,6,1.9273282933712284,1.9273282933712284,1,1.9273282933712284,165.50156718020563,-0.00034166862717144975,1708.224302142212,4.2941416261594805,-183.25695489921148,70.2982093647311,10.330063555834425,4.065725622231242,1,0.0,0,0,0.724794097427167,1.0,1630.4853515625,1.6309982538223267,1,1,6,18,1,157.14157164444356,-183.57086181640625,62.56303024291992,-184.87454223632812,69.51535034179688,1,-184.87454223632812,69.51535034179688,1709.4393310546875,5.6181840896606445,0.48707330226898193,0.3110445737838745,4.0,4.0,1,1705.4412841796875,5.29683256149292,11.6941758643336,21.065980911254883,8.306690216064453,0.724794097427167,1705.4412841796875,5.29683256149292,1705.4412841796875,5.29683256149292,0.0,0.0,0.0,0,2.4091603667140356,2.4090885783182157,-0.018598235465364002,3.199633836746216,-0.024241553619503975,0.7824056148529053,0.041243817657232285,-1.2452583182487453,0.0,157.12245117019233,157.12245117019233,8.37911601001328,3.589909791946411,-0.08165537565946579,0.12004517876689537,1.0,1707.25762504368,4.640623237029281,6,6,7,71.91140422671347,0.35827631658818826,1.0705721477368115,1.2723055433749875,-182.48609188290425,69.61976678824655,1.4792087022748481,1.9273282933712284,0.0,0,10.729565936288134,nan
GT+smooth-jitter_controlled_forward3x6_SoftMS_local_prior_3frame_causal_heading_continuous_waypoint_RNN_polynomial_Kalman,1,controlled_gt_jitter,8.0,-177.79890428781528,76.43098631688252,3.6152650237081647,-3.986143199719037,0,0,6,-184.7694592443004,70.39430038459719,-181.41416931152344,80.41712951660156,-1,-184.7694549560547,70.39430236816406,-184.7694592443004,70.39430038459719,0.0,0,0.0,0.0,762,/yh/study/uav-sat/v36_GvsK/v36_training_data/routes/route_C/vi/vi_000762.jpg,-181.41416931152344,80.41712951660156,1710.2416306933624,-5.791431698091109,6,1.9289240605418556,1.9289240605418556,1,1.9289240605418556,165.63386474333183,0.13229756312620428,1709.668709735013,4.622200148675152,-184.7205695163719,70.52573505728095,10.429379975075243,4.224331288074456,1,0.0,0,0,0.5681727932727709,1.0,1628.6822509765625,1.4526379108428955,1,1,6,18,1,157.13487944643913,-188.2716827392578,67.35115051269531,-188.9546356201172,71.17811584472656,1,-188.9546356201172,71.17811584472656,1713.8450927734375,5.576649188995361,0.6015760898590088,0.08254209160804749,4.0,4.0,1,1709.8468017578125,5.244508743286133,11.043001010322008,21.161415100097656,8.329075813293457,0.5681727932727709,1709.8468017578125,5.244508743286133,1709.8468017578125,5.244508743286133,0.0,0.0,0.0,1,2.4111550756773195,2.411084691332927,-0.018423088354129556,3.2062859535217285,-0.02476312220096588,0.7859878540039062,0.04101031646132469,-1.235388694898077,0.0,157.13232079354302,157.13232079354302,8.501543949788818,3.59835147857666,-0.08185718953609467,0.004171382190548529,1.0,1709.6657029101634,4.762400853683139,6,6,7,69.50332636023009,0.3797655451054103,0.5759277831989493,1.277361892979873,-184.7694592443004,70.39430038459719,2.411155075677446,1.9289240605418556,0.4822310151355904,0,10.5695351999201,nan
GT+smooth-jitter_controlled_forward3x6_SoftMS_local_prior_3frame_causal_heading_continuous_waypoint_RNN_polynomial_Kalman,1,controlled_gt_jitter,8.0,-179.51682196721495,77.02453888756233,3.766228569894416,-3.871266471324395,0,0,6,-186.67848378501495,71.0888358831125,-183.28305053710938,80.89580535888672,-1,-186.67848205566406,71.08883666992188,-186.67848378501495,71.0888358831125,0.0,0,0.0,0.0,763,/yh/study/uav-sat/v36_GvsK/v36_training_data/routes/route_C/vi/vi_000763.jpg,-183.28305053710938,80.89580535888672,1712.1553476346721,-5.54743361228031,6,1.9292090600385952,1.9292090600385952,1,1.9292090600385952,165.63369365382087,-0.0001710895109502017,1712.077143003087,4.743865776755629,-187.004225963605,71.3005037729845,10.291596527224167,4.570765932139565,1,0.0,0,0,0.45006983447436244,1.0,1626.873046875,1.278191089630127,1,1,6,18,1,157.13398394460592,-188.2716827392578,67.35115051269531,-188.9175567626953,71.21868896484375,1,-188.9175567626953,71.21868896484375,1713.8255615234375,5.525264739990234,0.6166460514068604,0.038616299629211426,4.0,4.0,1,1709.827392578125,5.200528621673584,10.99718450003463,21.127309799194336,8.32014274597168,0.45006983447436244,1709.827392578125,5.200528621673584,1709.827392578125,5.200528621673584,0.0,0.0,0.0,0,2.411511325048244,2.411440092923568,-0.01853507692750978,3.209197521209717,-0.024692537263035774,0.7865943908691406,0.04113369435071945,-1.2605073559010336,0.0,157.10720213254004,157.10720213254004,8.526491521280823,3.601531982421875,-0.08337319642305374,0.03547385034546056,1.0,1711.696312164756,4.820541294957312,6,6,7,67.4727171056376,0.3978863155790195,0.45903546991621624,1.2799884611711216,-186.67848378501495,71.0888358831125,2.031441423164416,1.9292090600385952,0.10223236312582085,0,10.378131683484746,nan
GT+smooth-jitter_controlled_forward3x6_SoftMS_local_prior_3frame_causal_heading_continuous_waypoint_RNN_polynomial_Kalman,1,controlled_gt_jitter,8.0,-181.23880968806617,77.6240203002354,3.9133967328322705,-3.7505295654872626,0,0,6,-189.0708146779479,71.39517993986522,-185.15220642089844,81.37454986572266,-1,-189.07081604003906,71.39517974853516,-189.0708146779479,71.39517993986522,0.0,0,0.0,0.0,764,/yh/study/uav-sat/v36_GvsK/v36_training_data/routes/route_C/vi/vi_000764.jpg,-185.15220642089844,81.37454986572266,1714.069345202781,-5.303398102565674,6,1.9294921665373137,1.9294921665373137,1,1.9294921665373137,165.63374208313346,4.8429312580251355e-05,1714.069345202781,4.801992887501023,-188.87754358733469,71.98089296020977,10.105390990066695,4.425653733380442,1,0.0,0,0,0.6511372374332324,1.0,1625.0577392578125,1.107444167137146,1,1,6,18,1,157.1246103637437,-197.734375,67.41107177734375,-194.26577758789062,71.50236511230469,1,-194.26577758789062,71.50236511230469,1718.901611328125,7.233181953430176,0.6209948658943176,0.3238394260406494,4.0,4.0,1,1714.9034423828125,6.911106586456299,12.242950743341076,21.10065269470215,8.314403533935547,0.6511372374332324,1714.9034423828125,6.911106586456299,1714.9034423828125,6.911106586456299,0.0,0.0,0.0,1,2.4118652081716423,2.411793884014485,-0.01854840745628954,3.2049295902252197,-0.024367481470108032,0.7841224670410156,0.041284602135419846,-1.248806601522567,0.0,157.1189028869185,157.1189028869185,8.514839196214934,3.596055030822754,-0.08211733400821686,0.05843293902254229,1.0,1714.0330817698332,5.417702575664862,6,6,7,65.13594750056032,0.4187392027445562,0.036263432947862384,1.275437423687906,-189.0708146779479,71.39517993986522,2.411865208171703,1.9294921665373137,0.48237304163438943,0,10.721162007418982,nan
GT+smooth-jitter_controlled_forward3x6_SoftMS_local_prior_3frame_causal_heading_continuous_waypoint_RNN_polynomial_Kalman,1,controlled_gt_jitter,8.0,-182.93724019113375,78.21731685876532,4.056534222928759,-3.6240603995354697,0,0,6,-190.72154910505947,71.57289746104094,-186.9937744140625,81.84137725830078,-1,-190.72154235839844,71.5728988647461,-190.72154910505947,71.57289746104094,0.0,0,0.0,0.0,765,/yh/study/uav-sat/v36_GvsK/v36_training_data/routes/route_C/vi/vi_000765.jpg,-186.9937744140625,81.84137725830078,1715.953304700296,-5.058455048713273,6,1.8998159089521287,1.8998159089521287,1,1.8998159089521287,165.775468556835,0.14172647370153152,1715.953304700296,5.399553810988745,-190.84910362698096,72.1199377574026,10.458008859702025,4.31404067726467,1,0.0,0,0,0.656899263147153,1.0,1623.266357421875,0.9408668279647827,1,1,6,18,1,157.12261274685488,-197.734375,67.41107177734375,-194.29476928710938,71.5732421875,1,-194.29476928710938,71.5732421875,1718.9547119140625,7.177984237670898,0.6105184555053711,0.34934842586517334,4.0,4.0,1,1714.9564208984375,6.845343112945557,11.945467256994176,21.182373046875,8.333758354187012,0.656899263147153,1714.9564208984375,6.845343112945557,1714.9564208984375,6.845343112945557,0.0,0.0,0.0,0,2.374769886190161,2.3747005357931683,-0.018148764676117337,3.2112205028533936,-0.02482127770781517,0.7882896661758423,0.041107118129730225,-1.2388260943195917,0.0,157.1288833941215,157.1288833941215,8.646585162713492,3.6044304370880127,-0.08221440017223358,0.03620649022502165,1.0,1715.6330684059822,5.86104265994417,6,6,7,63.53596086441135,0.4330171789376254,0.32023629431387235,1.3114045939012648,-190.72154910505947,71.57289746104094,1.6602733709194304,1.8998159089521287,0.0,0,10.924192487024891,nan
GT+smooth-jitter_controlled_forward3x6_SoftMS_local_prior_3frame_causal_heading_continuous_waypoint_RNN_polynomial_Kalman,1,controlled_gt_jitter,8.0,-184.82399907791742,78.86286930775125,4.19541010177008,-3.491996720080771,0,0,6,-192.1256672715967,71.94690347187358,-189.0194091796875,82.35486602783203,-1,-192.12567138671875,71.94690704345703,-192.1256672715967,71.94690347187358,0.0,0,0.0,0.0,766,/yh/study/uav-sat/v36_GvsK/v36_training_data/routes/route_C/vi/vi_000766.jpg,-189.0194091796875,82.35486602783203,1718.0255685862187,-4.789031020006829,6,2.08970498399735,2.08970498399735,1,2.08970498399735,165.77542978002475,-3.877681022543292e-05,1718.0255685862187,5.840954828541484,-192.93813745049016,72.47356207137217,10.629985848548307,4.215194739422999,1,0.0,0,0,0.6693043785131351,1.0,1621.281982421875,0.7435126304626465,1,1,6,18,1,157.12480747873428,-197.734375,67.41107177734375,-194.224853515625,71.98556518554688,1,-194.224853515625,71.98556518554688,1719.041748046875,6.768927574157715,0.5879637002944946,0.37678757309913635,4.0,4.0,1,1715.0435791015625,6.441631317138672,11.619812297002825,21.125850677490234,8.321405410766602,0.6693043785131351,1715.0435791015625,6.441631317138672,1715.0435791015625,6.441631317138672,0.0,0.0,0.0,0,2.6121312299966877,2.6120539890579497,-0.020087831402685406,3.2008376121520996,-0.02450002357363701,0.783273458480835,0.041086506098508835,-1.24683427767802,0.0,157.12087521076307,157.12087521076307,8.654554569261695,3.5915379524230957,-0.08212680369615555,0.11302810858829067,1.0,1717.0761696989662,6.031004361297062,6,6,7,62.09285957142734,0.44589514019048093,0.9493988872525279,1.1111326281547496,-192.1256672715967,71.94690347187358,1.4530754700767825,2.08970498399735,0.0,0,10.86160779533972,nan
GT+smooth-jitter_controlled_forward3x6_SoftMS_local_prior_3frame_causal_heading_continuous_waypoint_RNN_polynomial_Kalman,1,controlled_gt_jitter,8.0,-186.5311942213927,79.4672150956366,4.329798210247931,-3.3544859541680827,0,0,6,-194.37527750442467,72.70774823659491,-190.86099243164062,82.82170104980469,-1,-194.37527465820312,72.70774841308594,-194.37527750442467,72.70774823659491,0.0,0,0.0,0.0,767,/yh/study/uav-sat/v36_GvsK/v36_training_data/routes/route_C/vi/vi_000767.jpg,-190.86099243164062,82.82170104980469,1719.9095450803939,-4.544089433072492,6,1.8998325746271585,1.8998325746271585,1,1.8998325746271585,165.7753585979847,-7.118204006581649e-05,1719.4508905570287,6.012788930200805,-194.32641877011866,72.83927323682582,10.566837026695898,4.495037714148124,1,0.0,0,0,0.485144473794736,1.0,1619.47802734375,0.583340048789978,1,1,6,18,1,157.12343119561652,-202.46572875976562,67.44102478027344,-199.12896728515625,73.55058288574219,1,-199.12896728515625,73.55058288574219,1724.1773681640625,7.122029781341553,0.44145095348358154,0.014103233814239502,4.0,4.0,1,1720.17919921875,6.794356822967529,11.341652298295905,21.14266014099121,8.32514476776123,0.485144473794736,1720.17919921875,6.794356822967529,1720.17919921875,6.794356822967529,0.0,0.0,0.0,1,2.3747907182839483,2.3747208580625996,-0.018215431096256722,3.205007314682007,-0.02444610185921192,0.7844711542129517,0.041235845535993576,-1.2443225823324535,0.0,157.12338690610864,157.12338690610864,8.651971691876064,3.596311330795288,-0.08194434642791748,0.008708987917296716,1.0,1719.4478216223583,6.153062175132666,6,6,7,59.721207648035175,0.4670593105250182,0.4617234580355216,1.3051747400548483,-194.37527750442467,72.70774823659491,2.3747907182840615,1.8998325746271585,0.47495814365690303,0,10.707111705806883,nan
GT+smooth-jitter_controlled_forward3x6_SoftMS_local_prior_3frame_causal_heading_continuous_waypoint_RNN_polynomial_Kalman,1,controlled_gt_jitter,8.0,-188.25966913696902,80.11823286669669,4.459477591546612,-3.211685041018152,0,0,6,-196.13608872444567,73.11076226818379,-192.71914672851562,83.32991790771484,-1,-196.13609313964844,73.11076354980469,-196.13608872444567,73.11076226818379,0.0,0,0.0,0.0,768,/yh/study/uav-sat/v36_GvsK/v36_training_data/routes/route_C/vi/vi_000768.jpg,-192.71914672851562,83.32991790771484,1721.8241808535913,-4.331506221950098,6,1.9264012473155996,1.9264012473155996,1,1.9264012473155996,164.7033460529221,-1.072012545062598,1721.8241808535913,6.134649067843325,-196.577479110616,73.60090573898434,10.466155289793411,4.187781214024519,1,0.0,0,0,0.7365460695660487,1.0,1617.6353759765625,0.45676663517951965,1,1,6,18,1,157.1234157209692,-202.46572875976562,67.44102478027344,-199.25442504882812,73.48360443115234,1,-199.25442504882812,73.48360443115234,1724.269287109375,7.230540752410889,0.4271233379840851,0.11151179671287537,4.0,4.0,1,1720.271240234375,6.909019470214844,11.347292293892512,21.09331512451172,8.312789916992188,0.7365460695660487,1720.271240234375,6.909019470214844,1720.271240234375,6.909019470214844,0.0,0.0,0.0,0,2.4080015591444996,2.4079311589666124,-0.018413107289341042,3.2057745456695557,-0.024235423654317856,0.7841506600379944,0.041407354176044464,-1.2591523104027265,0.0,157.10855717803835,157.10855717803835,7.594788874883738,3.5969033241271973,-0.08259215205907822,0.04050696556213676,1.0,1721.2331874379377,6.427553280216601,6,6,7,57.93584183245585,0.48299157522950154,0.5909934156536565,1.279373298353956,-196.13608872444567,73.11076226818379,1.8063433954288308,1.9264012473155996,0.0,0,10.775278863607648,nan
GT+smooth-jitter_controlled_forward3x6_SoftMS_local_prior_3frame_causal_heading_continuous_waypoint_RNN_polynomial_Kalman,1,controlled_gt_jitter,8.0,-189.9938920919202,80.77460340291557,4.5842329080798105,-3.063760244545364,0,0,6,-197.44985732979603,73.54893625162384,-194.578125,83.83836364746094,-1,-197.44985961914062,73.54893493652344,-197.44985732979603,73.54893625162384,0.0,0,0.0,0.0,769,/yh/study/uav-sat/v36_GvsK/v36_training_data/routes/route_C/vi/vi_000769.jpg,-194.578125,83.83836364746094,1723.7396669448815,-4.118832015259214,6,1.9272564136920098,1.9272564136920098,1,1.9272564136920098,164.7032451246591,-0.00010092826298851393,1723.642188401705,6.40924718830848,-198.36867252019385,74.01585361793556,10.528530466450404,4.137250296721026,1,0.0,0,0,0.6671279730236903,1.0,1615.7852783203125,0.33267149329185486,1,1,6,18,1,157.11821527896817,-202.46572875976562,67.44102478027344,-199.19004821777344,73.6547622680664,1,-199.19004821777344,73.6547622680664,1724.2725830078125,7.047705173492432,0.44640353322029114,0.08798620104789734,4.0,4.0,1,1720.2744140625,6.7240400314331055,11.383138923855494,21.107501983642578,8.316728591918945,0.6671279730236903,1720.2744140625,6.7240400314331055,1720.2744140625,6.7240400314331055,0.0,0.0,0.0,0,2.4090705171150124,2.4090009637673133,-0.01830609190812104,3.205246686935425,-0.02420838177204132,0.7843283414840698,0.04143797233700752,-1.2431799130286516,0.0,157.12452957541242,157.12452957541242,7.578715549246675,3.5964882373809814,-0.08153757452964783,0.14161591756993724,1.0,1722.6159580176713,6.504559202007872,6,6,7,56.55307125272216,0.495331156680903,1.1237089272101457,1.277990273243415,-197.44985732979603,73.54893625162384,1.3849131337986353,1.9272564136920098,0.0,0,10.682657099626416,nan
GT+smooth-jitter_controlled_forward3x6_SoftMS_local_prior_3frame_causal_heading_continuous_waypoint_RNN_polynomial_Kalman,1,controlled_gt_jitter,8.0,-191.73314160848835,81.4358919227526,4.7038548514725855,-2.9108869468762966,0,0,6,-199.85693889558837,73.45454281312942,-196.43699645996094,84.3467788696289,-1,-199.85693359375,73.45454406738281,-199.85693889558837,73.45454281312942,0.0,0,0.0,0.0,770,/yh/study/uav-sat/v36_GvsK/v36_training_data/routes/route_C/vi/vi_000770.jpg,-196.43699645996094,84.3467788696289,1725.6550424972447,-3.9061688162848687,6,1.9271453351497423,1.9271453351497423,1,1.9271453351497423,164.70328251321345,3.738855433918087e-05,1725.024820602619,6.486315505907824,-199.68233549502156,74.45391858703123,10.411575770433931,3.845738212131402,1,0.0,0,0,0.8131980420983211,1.0,1613.9285888671875,0.21095919609069824,1,1,6,18,1,157.12042527205148,-207.1970672607422,67.47098541259766,-204.25450134277344,72.98929595947266,1,-204.25450134277344,72.98929595947266,1728.7349853515625,9.533305168151855,0.32633885741233826,0.5615639090538025,4.0,4.0,1,1724.73681640625,9.208292007446289,13.146566922636609,21.146543502807617,8.32454776763916,0.8131980420983211,1724.73681640625,9.208292007446289,1724.73681640625,9.178092275370055,0.0,0.03019973207623483,0.0,1,2.408931668937178,2.4088625849477316,-0.018243696100047484,3.2116599082946777,-0.024503057822585106,0.7856727838516235,0.041338637471199036,-1.2510060291570169,0.0,157.11670345928408,157.11670345928408,7.586579053929379,3.603553295135498,-0.0825277715921402,0.11796790266751234,1.0,1724.8187081151023,7.479671397540325,6,6,7,54.350321155291255,0.5149880792700183,0.8363343821424678,1.2845145731449354,-199.85693889558837,73.45454281312942,2.4089316689371034,1.9271453351497423,0.48178633378736113,0,11.41651490488725,nan
GT+smooth-jitter_controlled_forward3x6_SoftMS_local_prior_3frame_causal_heading_continuous_waypoint_RNN_polynomial_Kalman,1,controlled_gt_jitter,8.0,-193.5691885568687,82.1092459992262,4.8181405446937875,-2.753249423137078,0,0,6,-201.57091371980457,73.39569643486946,-198.3873291015625,84.86249542236328,-1,-201.57090759277344,73.39569854736328,-201.57091371980457,73.39569643486946,0.0,0,0.0,0.0,771,/yh/study/uav-sat/v36_GvsK/v36_training_data/routes/route_C/vi/vi_000771.jpg,-198.3873291015625,84.86249542236328,1727.6581291415887,-3.666575680089408,6,2.0173648593302986,2.0173648593302986,1,2.0173648593302986,165.18856492146656,0.4852824082531144,1727.3403412829578,7.460496120720382,-202.1939016585528,74.40196382249523,11.131608867700553,3.655585057316516,1,0.0,0,0,0.8257437618410961,1.0,1611.978759765625,0.05997437238693237,1,1,6,18,1,157.11912262691072,-207.1970672607422,67.47098541259766,-204.32508850097656,72.80245208740234,1,-204.32508850097656,72.80245208740234,1728.7318115234375,9.733011245727539,0.30352845788002014,0.5851198434829712,4.0,4.0,1,1724.733642578125,9.408940315246582,13.398572319622975,21.15593147277832,8.326751708984375,0.8257437618410961,1724.733642578125,9.408940315246582,1724.733642578125,9.408940315246582,0.0,0.0,0.0,0,2.521706074162873,2.521633167855469,-0.019175276819942626,3.2146778106689453,-0.024648018181324005,0.7874285578727722,0.041301969438791275,-1.2576352613550432,0.0,157.11007422708605,157.11007422708605,8.07849069438052,3.6074352264404297,-0.08319347351789474,0.1838190732289459,1.0,1726.39027213068,8.16622739614686,6,6,7,52.778757139713576,0.5290124174071859,1.267857010908756,1.1973129513386467,-201.57091371980457,73.39569643486946,1.7149847212967375,2.0173648593302986,0.0,0,11.90053318305935,nan
GT+smooth-jitter_controlled_forward3x6_SoftMS_local_prior_3frame_causal_heading_continuous_waypoint_RNN_polynomial_Kalman,1,controlled_gt_jitter,8.0,-195.4107678077102,82.78716374787986,4.9268939354538785,-2.5910405978232665,0,0,6,-203.9708352037783,73.52498636774375,-200.33766174316406,85.37820434570312,-1,-203.97084045410156,73.52498626708984,-203.9708352037783,73.52498636774375,0.0,0,0.0,0.0,772,/yh/study/uav-sat/v36_GvsK/v36_training_data/routes/route_C/vi/vi_000772.jpg,-200.33766174316406,85.37820434570312,1729.6612129733678,-3.426975451846276,6,2.017362908975197,2.017362908975197,1,2.017362908975197,165.18877440645744,0.00020948499088754434,1728.911902193912,8.146964656886933,-203.907841353911,74.34319760208224,11.598170385226783,3.681547656693932,1,0.0,0,0,0.8026021139657871,1.0,1610.0220947265625,-0.08916012942790985,1,1,6,18,1,157.11595566029166,-207.1970672607422,67.47098541259766,-208.14593505859375,72.26933288574219,1,-208.14593505859375,72.26933288574219,1732.0869140625,11.637131690979004,0.34560418128967285,0.3539692759513855,4.0,4.0,1,1728.0887451171875,11.309770584106445,14.820402790980024,21.173198699951172,8.3306245803833,0.8026021139657871,1728.0887451171875,11.309770584106445,1728.0887451171875,10.821258144930482,0.0,0.48851243917596365,0.0,0,2.521703636218996,2.521630063232177,-0.01926273925992651,3.2150402069091797,-0.024621326476335526,0.7872008681297302,0.041338540613651276,-1.246776114348369,0.0,157.12093337409271,157.12093337409271,8.067841032364733,3.6077003479003906,-0.08247020095586777,0.12055209040483798,1.0,1728.6688269768442,8.93077093905507,6,6,7,50.50020229354928,0.5493458071450157,0.9923859965235806,1.1976772979339825,-203.9708352037783,73.52498636774375,2.4034015511315134,2.017362908975197,0.3860386421563162,0,12.397529021056213,nan
GT+smooth-jitter_controlled_forward3x6_SoftMS_local_prior_3frame_causal_heading_continuous_waypoint_RNN_polynomial_Kalman,1,controlled_gt_jitter,8.0,-197.25881588543243,83.46965747958846,5.0299261799972586,-2.424461783106845,0,0,6,-205.6143628522461,73.3457462238714,-202.2887420654297,85.89411926269531,-1,-205.61436462402344,73.34574890136719,-205.6143628522461,73.3457462238714,0.0,0,0.0,0.0,773,/yh/study/uav-sat/v36_GvsK/v36_training_data/routes/route_C/vi/vi_000773.jpg,-202.2887420654297,85.89411926269531,1731.665067765068,-3.1872910775396646,6,2.018138405934338,2.018138405934338,1,2.018138405934338,165.18854683774686,-0.00022756871058770826,1731.191426179619,8.911474190215847,-206.3086511822561,74.47287642103532,12.10803276158905,3.6095824901428233,1,0.0,0,0,0.8048032494223492,1.0,1608.0574951171875,-0.2368224710226059,1,1,6,18,1,157.11769789213855,-207.1970672607422,67.47098541259766,-208.0911865234375,72.29803466796875,1,-208.0911865234375,72.29803466796875,1732.046630859375,11.5902681350708,0.3416021168231964,0.38372212648391724,4.0,4.0,1,1728.048583984375,11.275053977966309,14.907661769725465,21.125553131103516,8.31869125366211,0.8048032494223492,1728.048583984375,11.275053977966309,1728.048583984375,11.275053977966309,0.0,0.0,0.0,0,2.5226730074179224,2.5225992027746345,-0.01929674883922288,3.2227165699005127,-0.024513084441423416,0.7890088558197021,0.04158269241452217,-1.2887548838740905,0.0,157.078954604567,157.078954604567,8.109592233179868,3.6162221431732178,-0.08507614582777023,0.2657738430761412,1.0,1730.1305225103733,9.703270989355735,6,6,7,49.03850676002017,0.5623896998611928,1.534545254694649,1.2045781639661746,-205.6143628522461,73.3457462238714,1.6532725608481689,2.018138405934338,0.0,0,12.98158000935126,nan
GT+smooth-jitter_controlled_forward3x6_SoftMS_local_prior_3frame_causal_heading_continuous_waypoint_RNN_polynomial_Kalman,1,controlled_gt_jitter,8.0,-199.0857277970429,84.09648206829611,5.127056016433679,-2.2537223994773288,0,0,6,-207.12782519667343,74.57768809682123,-204.21278381347656,86.35020446777344,-1,-207.12782287597656,74.57769012451172,-207.12782519667343,74.57768809682123,0.0,0,0.0,0.0,774,/yh/study/uav-sat/v36_GvsK/v36_training_data/routes/route_C/vi/vi_000774.jpg,-204.21278381347656,86.35020446777344,1733.621732206653,-2.901958595063334,6,1.977359441911973,1.977359441911973,1,1.977359441911973,166.66444113524526,1.4758942974983809,1732.6021499485805,9.684422961978667,-207.9049624855133,74.27442849543193,12.62761056892488,3.860271138561952,1,0.0,0,0,0.786985849026479,1.0,1606.1353759765625,-0.42632630467414856,1,1,6,18,1,157.10413772548026,-207.1665496826172,72.22914123535156,-207.46038818359375,78.59341430664062,1,-207.46038818359375,78.59341430664062,1733.7811279296875,5.505736351013184,0.37399739027023315,0.5678495764732361,4.0,4.0,1,1729.7828369140625,5.169859886169434,8.938197282530945,21.238662719726562,8.346328735351562,0.786985849026479,1729.7828369140625,5.169859886169434,1729.7828369140625,7.035896311084977,0.0,-1.866036424915543,0.0,0,2.4716993023899665,2.4716274382072716,-0.018848027377067735,3.2210264205932617,-0.025129877030849457,0.7922932505607605,0.04112450033426285,-1.2506651600287508,0.0,157.11704432841233,157.11704432841233,9.547396806832907,3.6162116527557373,-0.08351672440767288,0.1705747547108888,1.0,1731.9915435107125,9.116031785433558,6,6,7,47.17748575968099,0.5789970970339593,1.6301886959404328,1.2436669786812886,-207.12782519667343,74.57768809682123,1.9514735576806042,1.977359441911973,0.0,0,12.12805046040327,nan
GT+smooth-jitter_controlled_forward3x6_SoftMS_local_prior_3frame_causal_heading_continuous_waypoint_RNN_polynomial_Kalman,1,controlled_gt_jitter,8.0,-201.11001487323063,84.77259148539349,5.218110126769364,-2.0790396791572974,0,0,6,-209.60792046531836,75.68838793324777,-206.328125,86.85163116455078,-1,-209.60792541503906,75.68838500976562,-209.60792046531836,75.68838793324777,0.0,0,0.0,0.0,775,/yh/study/uav-sat/v36_GvsK/v36_training_data/routes/route_C/vi/vi_000775.jpg,-206.328125,86.85163116455078,1735.7729377241255,-2.5882519020542096,6,2.1739588468145903,2.1739588468145903,1,2.1739588468145903,166.66457336438492,0.00013222913966551113,1734.708911039995,9.095046576487585,-209.64606930048328,75.5989487402517,11.731650187558394,4.5356824811156455,1,0.0,0,0,0.37367315161589537,1.0,1604.0133056640625,-0.6530704498291016,1,1,6,18,1,157.10865504184255,-216.62924194335938,72.28904724121094,-213.55474853515625,81.47357940673828,1,-213.55474853515625,81.47357940673828,1740.5079345703125,5.075101375579834,0.6774840950965881,0.021441996097564697,4.0,4.0,1,1736.5098876953125,4.762991428375244,7.388089994255349,21.076353073120117,8.307554244995117,0.37367315161589537,1736.5098876953125,4.762991428375244,1736.5098876953125,7.128485876321357,0.0,-2.365494447946113,0.0,1,2.717448558518238,2.7173675292824013,-0.020985208945973288,3.2164902687072754,-0.024173399433493614,0.786257266998291,0.04169204458594322,-1.2767691825411875,0.0,157.0909403058999,157.0909403058999,9.573633058485012,3.6086485385894775,-0.08375601470470428,0.017094802499091535,1.0,1734.706420694089,8.997843176107272,6,6,7,44.46260857630446,0.6032241442577135,1.0665170300364935,1.042531421892685,-209.60792046531836,75.68838793324777,2.7174485585182473,2.1739588468145903,0.543489711703657,0,11.635078759318967,nan
GT+smooth-jitter_controlled_forward3x6_SoftMS_local_prior_3frame_causal_heading_continuous_waypoint_RNN_polynomial_Kalman,1,controlled_gt_jitter,8.0,-202.94991464794617,85.40723823414278,5.302923486819461,-1.9006383527712845,0,0,6,-211.73244934739094,76.77844284894124,-208.25283813476562,87.30787658691406,-1,-211.73245239257812,76.7784423828125,-211.73244934739094,76.77844284894124,0.0,0,0.0,0.0,776,/yh/study/uav-sat/v36_GvsK/v36_training_data/routes/route_C/vi/vi_000776.jpg,-208.25283813476562,87.30787658691406,1737.730285329766,-2.302820846876417,6,1.978049680004718,1.978049680004718,1,1.978049680004718,166.6644110292436,-0.00016233514131055502,1737.1789112253032,8.979030641926958,-211.89933548749212,76.61735538937434,11.295317012748582,5.145494276446797,1,0.0,0,0,0.4437415318525211,1.0,1602.0760498046875,-0.8408602476119995,1,1,6,18,1,157.10245483090176,-211.8979034423828,72.25909423828125,-213.30917358398438,81.37750244140625,1,-213.30917358398438,81.37750244140625,1740.2442626953125,5.073880672454834,0.6556552648544312,0.04466700553894043,4.0,4.0,1,1736.24609375,4.74883508682251,7.206155428015674,21.178712844848633,8.331235885620117,0.4437415318525211,1736.24609375,4.74883508682251,1736.24609375,6.896857114370298,0.0,-2.148022027547788,0.0,0,2.4725621000058977,2.4724905312140812,-0.018812534180314547,3.220870018005371,-0.024858810007572174,0.7897084951400757,0.041287150233983994,-1.2675857797586938,0.0,157.1001237086824,157.1001237086824,9.564287320561208,3.61474609375,-0.08420032262802124,0.018129568658407532,1.0,1737.0831637135864,8.767766429653284,6,6,7,42.085865556807136,0.6244337465648335,0.6471216161796747,1.242820338000653,-211.73244934739094,76.77844284894124,2.3878531550302826,1.978049680004718,0.4098034750255646,0,11.08948461531861,nan
GT+smooth-jitter_controlled_forward3x6_SoftMS_local_prior_3frame_causal_heading_continuous_waypoint_RNN_polynomial_Kalman,1,controlled_gt_jitter,8.0,-204.81853517472575,86.07147184818069,5.381339703203949,-1.7187503197880512,0,0,6,-213.9896676823846,77.8701639580318,-210.1998748779297,87.79022216796875,-1,-213.9896697998047,77.87016296386719,-213.9896676823846,77.8701639580318,0.0,0,0.0,0.0,777,/yh/study/uav-sat/v36_GvsK/v36_training_data/routes/route_C/vi/vi_000777.jpg,-210.1998748779297,87.79022216796875,1739.7180060510746,-2.033422122167595,6,2.0058936509181895,2.0058936509181895,1,2.0058936509181895,166.08606147973853,-0.578349549505069,1739.590457049216,8.748538299915987,-214.05606276453761,77.72062663118426,10.782714838631867,5.792717229469506,1,0.0,0,0,0.35471196341875944,1.0,1600.1004638671875,-1.0136830806732178,1,1,6,18,1,157.10163894346107,-221.360595703125,72.31900024414062,-219.6292724609375,83.19422912597656,1,-219.6292724609375,83.19422912597656,1746.7889404296875,5.71500301361084,0.6154329180717468,0.00020626187324523926,4.0,4.0,1,1742.7908935546875,5.399348258972168,8.042929388513183,21.038902282714844,8.299097061157227,0.35471196341875944,1742.7908935546875,5.399348258972168,1742.7908935546875,6.813263560275034,0.0,-1.413915301302866,0.0,1,2.5073670636477368,2.507293335629535,-0.01922812973729601,3.2010414600372314,-0.0236540287733078,0.7809484601020813,0.0417482927441597,-1.2334038846139534,0.0,157.13430560382713,157.13430560382713,8.951755875911397,3.5906238555908203,-0.08008767664432526,0.036721229975059895,1.0,1739.583864957871,8.5850566086276,6,6,7,39.58516431252261,0.6467495284752448,0.13414109320365242,1.195147809119042,-213.9896676823846,77.8701639580318,2.507367063647741,2.0058936509181895,0.5014734127295517,0,10.619325985637499,nan
GT+smooth-jitter_controlled_forward3x6_SoftMS_local_prior_3frame_causal_heading_continuous_waypoint_RNN_polynomial_Kalman,1,controlled_gt_jitter,8.0,-206.69424960084737,86.73909840422431,5.453211336652619,-1.533614303295217,0,0,6,-215.84365321576627,78.95254635273706,-212.1474609375,88.27271270751953,-1,-215.84365844726562,78.95254516601562,-215.84365321576627,78.95254635273706,0.0,0,0.0,0.0,778,/yh/study/uav-sat/v36_GvsK/v36_training_data/routes/route_C/vi/vi_000778.jpg,-212.1474609375,88.27271270751953,1741.7062908385465,-1.7639556416987734,6,2.006461706633999,2.006461706633999,1,2.006461706633999,166.0858154957123,-0.00024598402624240846,1741.7062908385465,8.566207413790183,-215.95565998727324,78.67011468665585,10.330163055488953,6.250740622911047,1,0.0,0,0,0.3977394895589725,1.0,1598.116943359375,-1.18636953830719,1,1,6,18,1,157.11307225324487,-221.360595703125,72.31900024414062,-219.64292907714844,83.292236328125,1,-219.64292907714844,83.292236328125,1746.8377685546875,5.628933429718018,0.6234752535820007,0.019186586141586304,4.0,4.0,1,1742.840087890625,5.3219709396362305,7.176060985761766,20.79452896118164,8.251392364501953,0.3977394895589725,1742.840087890625,5.3219709396362305,1742.840087890625,6.559937256017879,0.0,-1.2379663163816481,0.0,0,2.508077133292499,2.508006302703145,-0.01884919483741677,3.1412081718444824,-0.021824993193149567,0.7664716243743896,0.04164011776447296,-1.2295218825661534,0.0,157.13818760587492,157.13818760587492,8.947627889837355,3.523611068725586,-0.07663066685199738,0.017627107174634397,1.0,1741.7062908385465,8.262376600887961,6,6,7,37.46273843184704,0.6656896530432717,0.0,1.1347464652104833,-215.84365321576627,78.95254635273706,2.1468148514383767,2.006461706633999,0.14035314480437755,0,10.026332242586736,nan
GT+smooth-jitter_controlled_forward3x6_SoftMS_local_prior_3frame_causal_heading_continuous_waypoint_RNN_polynomial_Kalman,1,controlled_gt_jitter,8.0,-208.57597539948074,87.40955228129458,5.518400210870813,-1.3454754897015104,0,0,6,-217.118111048497,80.55759435183091,-214.09437561035156,88.7550277709961,-1,-217.1181182861328,80.5575942993164,-217.118111048497,80.55759435183091,0.0,0,0.0,0.0,779,/yh/study/uav-sat/v36_GvsK/v36_training_data/routes/route_C/vi/vi_000779.jpg,-214.09437561035156,88.7550277709961,1743.6938868368331,-1.4945735498360966,6,2.0057678240068335,2.0057678240068335,1,2.0057678240068335,166.08606915225027,0.00025365653799315317,1743.6938868368331,8.244309056787916,-217.68460001331422,79.70206565012232,9.738882606624024,5.5563602327506665,1,0.0,0,0,0.6602963225877658,1.0,1596.1268310546875,-1.358984112739563,1,1,6,18,1,157.12186259998495,-221.23854064941406,91.35163116455078,-219.87339782714844,83.64346313476562,1,-219.87339782714844,83.64346313476562,1747.1815185546875,5.387405872344971,0.604341983795166,0.13935233652591705,4.0,4.0,1,1743.1837158203125,5.071551322937012,6.58591453869144,20.899398803710938,8.274337768554688,0.6602963225877658,1743.1837158203125,5.071551322937012,1743.1837158203125,5.804820124518102,0.0,-0.7332688015810906,0.0,0,2.5072097800085418,2.507144679674604,-0.018067544100045893,3.1630964279174805,-0.02276218682527542,0.7737522721290588,0.04145932197570801,-1.2260811747717595,0.0,157.14162831366932,157.14162831366932,8.944440838580954,3.549116373062134,-0.07799267023801804,0.048998484474204754,1.0,1743.4826856958855,7.240200902867605,6,6,7,35.686343574508015,0.681541862623987,0.21120114094765086,1.157328603910647,-217.118111048497,80.55759435183091,2.0494930706894183,2.0057678240068335,0.04372524668258482,0,8.737327432432803,nan
GT+smooth-jitter_controlled_forward3x6_SoftMS_local_prior_3frame_causal_heading_continuous_waypoint_RNN_polynomial_Kalman,1,controlled_gt_jitter,8.0,-210.36664270391267,88.04235240703424,5.576777706243589,-1.1545851540009056,0,0,6,-218.92468354692542,81.67950711093364,-215.94342041015625,89.19693756103516,-1,-218.9246826171875,81.67950439453125,-218.92468354692542,81.67950711093364,0.0,0,0.0,0.0,780,/yh/study/uav-sat/v36_GvsK/v36_training_data/routes/route_C/vi/vi_000780.jpg,-215.94342041015625,89.19693756103516,1745.5756107044226,-1.2237115547886672,6,1.9011183377730922,1.9011183377730922,1,1.9011183377730922,166.5588036019978,0.4727344497475232,1745.5756107044226,7.223089398417078,-219.05732085788733,81.34505432548603,8.446800953205729,5.08161300087052,1,0.0,0,0,0.6015662120616809,1.0,1594.2352294921875,-1.5279837846755981,1,1,6,18,1,157.12878062111884,-225.9698944091797,91.38157653808594,-223.75254821777344,84.03059387207031,1,-223.75254821777344,84.03059387207031,1750.93017578125,6.457583904266357,0.7111240029335022,0.1879214495420456,4.0,4.0,1,1746.932373046875,6.1467671394348145,7.494315194592438,20.897682189941406,8.272140502929688,0.6015662120616809,1746.932373046875,6.1467671394348145,1746.932373046875,6.1467671394348145,0.0,0.0,0.0,1,2.3763979222163654,2.376336314819453,-0.017111504450527483,3.1658198833465576,-0.02301553077995777,0.7735341787338257,0.0413433238863945,-1.224047059059565,0.0,157.14366242938152,157.14366242938152,9.415141172616282,3.5517263412475586,-0.07823379337787628,0.02721451630800656,1.0,1745.5756107044226,6.863295954962548,6,6,7,33.59341856597089,0.7002187270243655,0.0,1.2647015455734654,-218.92468354692542,81.67950711093364,2.1265917405828882,1.9011183377730922,0.225473402809796,0,8.087007509751196,nan
GT+smooth-jitter_controlled_forward3x6_SoftMS_local_prior_3frame_causal_heading_continuous_waypoint_RNN_polynomial_Kalman,1,controlled_gt_jitter,8.0,-212.34745245254817,88.72142454562834,5.628225037686195,-0.9612002712661977,0,0,6,-220.49823132632343,82.64962842441008,-217.97567749023438,89.68262481689453,-1,-220.49822998046875,82.64962768554688,-220.49823132632343,82.64962842441008,0.0,0,0.0,0.0,781,/yh/study/uav-sat/v36_GvsK/v36_training_data/routes/route_C/vi/vi_000781.jpg,-217.97567749023438,89.68262481689453,1747.6437815015856,-0.9260027981257621,6,2.089488202893684,2.089488202893684,1,2.089488202893684,166.55904598742558,0.00024238542777394438,1747.6437815015856,6.844389575648803,-220.84022093405258,82.45950994165598,7.770392373774589,4.820575503009759,1,0.0,0,0,0.5926664696967975,1.0,1592.1513671875,-1.7339566946029663,1,1,6,18,1,157.1339892806912,-225.9698944091797,91.38157653808594,-223.62442016601562,84.2236328125,1,-223.62442016601562,84.2236328125,1750.8822021484375,6.2309064865112305,0.7273053526878357,0.1853829026222229,4.0,4.0,1,1746.884765625,5.912882328033447,6.88087602487582,20.644752502441406,8.223421096801758,0.5926664696967975,1746.884765625,5.912882328033447,1746.884765625,5.912882328033447,0.0,0.0,0.0,0,2.6118602536171047,2.6117918242551514,-0.01890637931374558,3.092369556427002,-0.02096373774111271,0.7515924572944641,0.04102305322885513,-1.16926243189201,0.0,157.19844705654907,157.19844705654907,9.3605989308765,3.4674344062805176,-0.07122372835874557,0.013679950754803959,1.0,1747.3959654999198,6.5415873983154755,6,6,7,31.77306377047367,0.7164632267256923,0.24781600166579665,1.002881353533318,-220.49823132632343,82.64962842441008,1.8485637605745897,2.089488202893684,0.0,0,7.4717010186882415,nan
GT+smooth-jitter_controlled_forward3x6_SoftMS_local_prior_3frame_causal_heading_continuous_waypoint_RNN_polynomial_Kalman,1,controlled_gt_jitter,8.0,-214.15094436488044,89.35867683365721,5.672633515978943,-0.7655831150732519,0,0,6,-222.12133817996494,83.73998283556006,-219.82357788085938,90.12425994873047,-1,-222.121337890625,83.73998260498047,-222.12133817996494,83.73998283556006,0.0,0,0.0,0.0,782,/yh/study/uav-sat/v36_GvsK/v36_training_data/routes/route_C/vi/vi_000782.jpg,-219.82357788085938,90.12425994873047,1749.5243403096918,-0.655307374082449,6,1.899941431556187,1.899941431556187,1,1.899941431556187,166.55883738452118,-0.00020860290440151825,1749.5243403096918,6.524990085830273,-222.47058372355986,83.44967893704603,7.180297459912712,5.0784162651191025,1,0.0,0,0,0.5753143133557216,1.0,1590.2462158203125,-1.904239535331726,1,1,6,18,1,157.15654950224146,-225.9698944091797,91.38157653808594,-223.47947692871094,88.36343383789062,1,-223.47947692871094,88.36343383789062,1752.273681640625,2.3292434215545654,0.7202790975570679,0.11151336133480072,4.0,4.0,1,1748.2762451171875,2.022526502609253,2.95440956549869,20.681140899658203,8.227948188781738,0.5753143133557216,1748.2762451171875,2.022526502609253,1748.2762451171875,4.225721468793332,0.0,-2.2031949661840793,0.0,0,2.374926789445234,2.374868793100561,-0.016597312485201746,3.1104795932769775,-0.02161073312163353,0.7532281279563904,0.04097789525985718,-1.1749489912628688,0.0,157.19276049717823,157.19276049717823,9.366076887342958,3.486337423324585,-0.07262542098760605,0.038241842775883175,1.0,1749.3067126185142,6.126383774733603,6,6,7,29.862316651879297,0.7335143703126978,0.21762769117754033,1.2105381617207904,-222.12133817996494,83.73998283556006,1.955338487385809,1.899941431556187,0.055397055829621955,0,6.7851821382994,nan
GT+smooth-jitter_controlled_forward3x6_SoftMS_local_prior_3frame_causal_heading_continuous_waypoint_RNN_polynomial_Kalman,1,controlled_gt_jitter,8.0,-216.11686217581652,90.06562037222844,5.7099047919569115,-0.5680008435918779,0,0,6,-224.1306319328885,84.82429012120015,-221.82676696777344,90.63362121582031,-1,-224.13063049316406,84.82428741455078,-224.1306319328885,84.82429012120015,0.0,0,0.0,0.0,783,/yh/study/uav-sat/v36_GvsK/v36_training_data/routes/route_C/vi/vi_000783.jpg,-221.82676696777344,90.63362121582031,1751.5742177938123,-0.3903211132328312,6,2.0669338205039285,2.0669338205039285,1,2.0669338205039285,165.73344844695472,-0.8253889375664605,1751.5742177938123,6.1083858118828624,-224.22250548652127,84.5926255488516,6.498706925115704,5.514353663984053,1,0.0,0,0,0.39301049578551206,1.0,1746.05712890625,-1.9672729969024658,1,1,6,18,1,157.16922334513325,-230.7012481689453,91.4115219116211,-228.19448852539062,89.06102752685547,1,-228.19448852539062,89.06102752685547,1756.9136962890625,3.41896390914917,0.7544679045677185,0.04611337184906006,4.0,4.0,1,1752.9163818359375,3.1184706687927246,3.7567305047852533,20.625350952148438,8.212631225585938,0.39301049578551206,1752.9163818359375,3.1184706687927246,1752.9163818359375,4.109918493836767,0.0,-0.9914478250440428,0.0,0,2.5836672756299106,2.5836045874889813,-0.017997962850740765,3.116445541381836,-0.02094205468893051,0.7528290152549744,0.04163570702075958,-1.165377334914742,0.0,157.20233215352636,157.20233215352636,8.531116293428372,3.4921350479125977,-0.07116290926933289,0.020941194883718366,1.0,1751.5742177938123,5.859168589487321,6,6,7,27.594811476581214,0.7537491548909565,0.0,1.0495117208779075,-224.1306319328885,84.82429012120015,2.283195934480834,2.0669338205039285,0.21626211397690565,0,6.249489702720158,nan
GT+smooth-jitter_controlled_forward3x6_SoftMS_local_prior_3frame_causal_heading_continuous_waypoint_RNN_polynomial_Kalman,1,controlled_gt_jitter,8.0,-217.90886788676718,90.72819875401763,5.739951082959375,-0.368725074107375,0,0,6,-225.59551310298036,85.7287750178821,-223.64881896972656,91.096923828125,-1,-225.59552001953125,85.72877502441406,-225.59551310298036,85.7287750178821,0.0,0,0.0,0.0,784,/yh/study/uav-sat/v36_GvsK/v36_training_data/routes/route_C/vi/vi_000784.jpg,-223.64881896972656,91.096923828125,1753.4387364284496,-0.14929607411939744,6,1.8800326615220646,1.8800326615220646,1,1.8800326615220646,165.73344814485282,-3.021019076418805e-07,1753.4387364284496,5.843116456547429,-225.8579128226071,85.52656367039208,5.992412530666832,5.819423364462345,1,0.0,0,0,0.35586394089821727,1.0,1747.9671630859375,-1.9225651025772095,1,1,6,18,1,157.1808114013904,-230.73175048828125,86.65336608886719,-228.14901733398438,87.91412353515625,1,-228.14901733398438,87.91412353515625,1756.4486083984375,4.468327522277832,0.7522966861724854,0.030777081847190857,4.0,4.0,1,1752.451416015625,4.1717963218688965,4.4324531686469335,20.63637924194336,8.2131986618042,0.35586394089821727,1752.451416015625,4.1717963218688965,1752.451416015625,4.1717963218688965,0.0,0.0,0.0,0,2.350040826902581,2.3499860036044993,-0.016052132939891335,3.1423168182373047,-0.021378930658102036,0.76133131980896,0.04199764505028725,-1.2155223426451545,0.0,157.15218714579592,157.15218714579592,8.581260999056877,3.522181749343872,-0.07511402666568756,0.015830182949840805,1.0,1753.2693627256726,5.5584138209404905,6,6,7,25.899666544720873,0.7688763056021394,0.16937370277696573,1.26228415671524,-225.59551310298036,85.7287750178821,1.7216183580618234,1.8800326615220646,0.0,0,5.710222385980867,nan
GT+smooth-jitter_controlled_forward3x6_SoftMS_local_prior_3frame_causal_heading_continuous_waypoint_RNN_polynomial_Kalman,1,controlled_gt_jitter,8.0,-219.7083739549584,91.39224839942374,5.762695380979087,-0.16803144676766826,0,0,6,-227.39199978825553,86.57358365539228,-225.4710693359375,91.5602798461914,-1,-227.39199829101562,86.5735855102539,-227.39199978825553,86.57358365539228,0.0,0,0.0,0.0,785,/yh/study/uav-sat/v36_GvsK/v36_training_data/routes/route_C/vi/vi_000785.jpg,-225.4710693359375,91.5602798461914,1755.3034591442802,0.09175244734520004,6,1.8802380691375897,1.8802380691375897,1,1.8802380691375897,165.73336053117114,-8.761368165245519e-05,1755.3034591442802,5.54239519271652,-227.48044057355293,86.49353201675359,5.450642745371317,5.517969575623962,1,0.0,0,0,0.5182245420253649,1.0,1749.8846435546875,-1.8764597177505493,1,1,6,18,1,157.17079290126017,-230.73175048828125,86.65336608886719,-231.02456665039062,87.95567321777344,1,-231.02456665039062,87.95567321777344,1759.136962890625,5.489770889282227,0.7610412836074829,0.09764513373374939,4.0,4.0,1,1755.142333984375,5.21337366104126,5.124155069251519,19.416854858398438,7.958959579467773,0.5182245420253649,1755.142333984375,5.21337366104126,1755.142333984375,5.21337366104126,0.0,0.0,0.0,0,2.3502975864219873,2.3502429977112667,-0.016018628223970096,2.854264974594116,-0.017796766012907028,0.6907896995544434,0.03766866773366928,-1.1122336606952827,0.0,157.2554758277458,157.2554758277458,8.477884703425351,3.1990768909454346,-0.061070963740348816,0.0009723269059848586,1.0,1755.250758259237,5.435378118992573,6,6,7,23.918271011156463,0.7865579021968325,0.05270088504312298,0.9740269054565265,-227.39199978825553,86.57358365539228,1.9852118386667907,1.8802380691375897,0.10497376952920101,0,5.343885543494849,nan
GT+smooth-jitter_controlled_forward3x6_SoftMS_local_prior_3frame_causal_heading_continuous_waypoint_RNN_polynomial_Kalman,1,controlled_gt_jitter,8.0,-221.53834986680022,92.2287013343175,5.778071641988852,0.033800821622188934,0,0,6,-228.5818469207774,87.21188105128289,-227.31642150878906,92.19490051269531,-1,-228.58184814453125,87.21188354492188,-228.5818469207774,87.21188105128289,0.0,0,0.0,0.0,786,/yh/study/uav-sat/v36_GvsK/v36_training_data/routes/route_C/vi/vi_000786.jpg,-227.31642150878906,92.19490051269531,1757.25279303512,0.1821151289375955,6,1.9514271782984487,1.9514271782984487,1,1.9514271782984487,161.02179383823997,-4.711566692931186,1757.25279303512,5.419499316737328,-229.2471753003934,87.32639120010073,5.237384187799734,5.303850456518428,1,0.0,0,0,0.5220197500622645,1.0,1751.8941650390625,-1.9793825149536133,1,1,6,18,1,157.2004319735549,-230.73175048828125,86.65336608886719,-230.89500427246094,88.16436767578125,1,-230.89500427246094,88.16436767578125,1759.093505859375,5.248012065887451,0.7402605414390564,0.09459145367145538,4.0,4.0,1,1755.09814453125,4.964468002319336,5.2453226002574995,19.613739013671875,7.999905586242676,0.5220197500622645,1755.09814453125,4.964468002319336,1755.09814453125,4.964468002319336,0.0,0.0,0.0,0,2.439283972873061,2.439232289872025,-0.01587880225524536,2.9053521156311035,-0.016902314499020576,0.6987160444259644,0.03955600783228874,-1.0566138294582823,0.0,157.3110956589828,157.3110956589828,3.7106981792571663,3.2542097568511963,-0.05714277923107147,0.036655732982335425,1.0,1756.5921104897834,5.280672081684938,6,6,7,22.5769187806101,0.7985278741838224,0.6606825453366127,0.9539249373326548,-228.5818469207774,87.21188105128289,1.3502443350635558,1.9514271782984487,0.0,0,5.141185118834063,nan
GT+smooth-jitter_controlled_forward3x6_SoftMS_local_prior_3frame_causal_heading_continuous_waypoint_RNN_polynomial_Kalman,1,controlled_gt_jitter,8.0,-223.37437543466405,93.06554517904284,5.786024955960944,0.23648939291003723,0,0,6,-230.28578823146538,87.93263561737666,-229.160400390625,92.82905578613281,-1,-230.28578186035156,87.93263244628906,-230.28578823146538,87.93263561737666,0.0,0,0.0,0.0,787,/yh/study/uav-sat/v36_GvsK/v36_training_data/routes/route_C/vi/vi_000787.jpg,-229.160400390625,92.82905578613281,1759.2006787909265,0.2724041637735913,6,1.9499771864012934,1.9499771864012934,1,1.9499771864012934,161.02160254175516,-0.00019129648481095604,1759.0295361273556,5.265722441157118,-230.8420907592417,88.12433106149182,4.996250317042419,5.561988491623,1,0.0,0,0,0.39739832151297483,1.0,1753.9093017578125,-2.0804383754730225,1,1,6,18,1,157.23916426879074,-230.73175048828125,86.65336608886719,-231.152587890625,88.10301208496094,1,-231.152587890625,88.10301208496094,1759.310302734375,5.4000043869018555,0.7775492072105408,0.052946388721466064,4.0,4.0,1,1755.3143310546875,5.111935138702393,6.20683162203277,19.915653228759766,8.064767837524414,0.39739832151297483,1755.3143310546875,5.111935138702393,1755.686690743195,5.111935138702393,-0.37235968850746026,0.0,0.0,0,2.437471483001617,2.4374256375721886,-0.014949640527819401,2.963926315307617,-0.0190860815346241,0.715629518032074,0.039367347955703735,-1.0740212068882944,0.0,157.2936882815528,157.2936882815528,3.7279142602023674,3.3211686611175537,-0.06166559085249901,0.05245797542570642,1.0,1758.4417463773066,5.238836470054458,6,6,7,20.727282893086937,0.8150336727769072,0.7589324136199593,1.0139491289063238,-230.28578823146538,87.93263561737666,1.8501089521468992,1.9499771864012934,0.0,0,5.02408481828416,nan
GT+smooth-jitter_controlled_forward3x6_SoftMS_local_prior_3frame_causal_heading_continuous_waypoint_RNN_polynomial_Kalman,1,controlled_gt_jitter,8.0,-225.21972914759164,93.90359357045732,5.786511697134933,0.4397492711409165,0,0,6,-231.75851883677697,89.37238598281189,-231.00624084472656,93.4638442993164,-1,-231.75851440429688,89.37238311767578,-231.75851883677697,89.37238598281189,0.0,0,0.0,0.0,788,/yh/study/uav-sat/v36_GvsK/v36_training_data/routes/route_C/vi/vi_000788.jpg,-231.00624084472656,93.4638442993164,1761.150528449243,0.3627908244645547,6,1.9519435028882623,1.9519435028882623,1,1.9519435028882623,161.0217959010464,0.00019335929123215888,1760.8816273004295,5.223459422667752,-232.54815686405522,88.84638806901714,4.868100969514894,5.27846899694967,1,0.0,0,0,0.6447091685569659,1.0,1755.9337158203125,-2.1791751384735107,1,1,6,18,1,157.25824771061008,-230.7012481689453,91.4115219116211,-233.5553741455078,92.6361083984375,1,-233.5553741455078,92.6361083984375,1763.2149658203125,2.071962594985962,0.6326822638511658,0.17063282430171967,4.0,4.0,1,1759.2186279296875,1.780707597732544,2.396398880272984,20.060094833374023,8.095237731933594,0.6447091685569659,1759.2186279296875,1.780707597732544,1759.2186279296875,2.8096892945487584,0.0,-1.0289816968162144,0.0,0,2.4399293786103278,2.4398809231229803,-0.015377047386705525,2.9927759170532227,-0.01963343285024166,0.7240695953369141,0.03965286538004875,-1.0675464009985338,0.0,157.30016308744254,157.30016308744254,3.721632813603839,3.3542320728302,-0.06231091544032097,0.06773488441713249,1.0,1760.341512708581,4.443409265874909,6,6,7,18.827516561812587,0.8319868259079962,0.8090157406620619,1.0408324141649603,-231.75851883677697,89.37238598281189,2.059567078439627,1.9519435028882623,0.10762357555136481,0,4.160042467693971,nan
GT+smooth-jitter_controlled_forward3x6_SoftMS_local_prior_3frame_causal_heading_continuous_waypoint_RNN_polynomial_Kalman,1,controlled_gt_jitter,8.0,-228.1294511515341,95.15016735791336,5.7794996541299435,0.6432932734407049,0,0,6,-233.41416014937818,90.75596128631514,-233.90895080566406,94.50687408447266,-1,-233.41415405273438,90.7559585571289,-233.41416014937818,90.75596128631514,0.0,0,0.0,0.0,789,/yh/study/uav-sat/v36_GvsK/v36_training_data/routes/route_C/vi/vi_000789.jpg,-233.90895080566406,94.50687408447266,1764.2333086330307,0.46330245809405274,6,3.0844183001092564,3.0844183001092564,1,3.0844183001092564,160.2351319842581,-0.7866639167883098,1763.4905212186375,4.424237592070387,-234.67867151726716,90.55108461779496,4.029980183394086,5.20377406150614,1,0.0,0,0,0.6492830889261142,1.0,1759.0980224609375,-2.265286684036255,1,1,6,18,1,157.2729181031736,-230.7012481689453,91.4115219116211,-233.11758422851562,93.98046112060547,1,-233.11758422851562,93.98046112060547,1763.3035888671875,0.6609034538269043,0.624366044998169,0.3406813144683838,4.0,4.0,1,1759.3070068359375,0.36770594120025635,4.927229250814925,20.24858283996582,8.13354778289795,0.6492830889261142,1759.3070068359375,0.36770594120025635,1759.4549927240907,2.0029204953422988,-0.14798588815315483,-1.6352145541420424,0.0,0,3.1490668696432444,3.1490085100564964,-0.01917167380452156,3.0524649620056152,-0.020129604265093803,0.7410304546356201,0.040772974491119385,-1.1023556063298576,0.0,157.26535388211124,157.26535388211124,2.9697781021468534,3.422351837158203,-0.0655963346362114,0.16224838076114345,1.0,1762.390598287776,3.767630407378227,6,6,7,16.778430982617607,0.8502724755854998,1.8427103452547726,0.031953338103641205,-233.41416014937818,90.75596128631514,2.157644265502529,3.0844183001092564,0.0,0,3.783406482646248,nan
GT+smooth-jitter_controlled_forward3x6_SoftMS_local_prior_3frame_causal_heading_continuous_waypoint_RNN_polynomial_Kalman,1,controlled_gt_jitter,8.0,-230.7866370850696,96.30329918213118,5.7649681395397625,0.8468325073264921,0,0,6,-235.75844608811605,91.65912852547254,-236.55160522460938,95.45646667480469,-1,-235.75845336914062,91.65912628173828,-235.75844608811605,91.65912852547254,0.0,0,0.0,0.0,790,/yh/study/uav-sat/v36_GvsK/v36_training_data/routes/route_C/vi/vi_000790.jpg,-236.55160522460938,95.45646667480469,1767.0399037988213,0.5548013157094074,6,2.808086263914391,2.808086263914391,1,2.808086263914391,160.2349692521615,-0.00016273209656968453,1765.4080324079541,3.7479318732173748,-236.21181114638546,91.88664497365123,3.585956914635508,4.766699894768171,1,0.0,0,0,0.6414735051452128,1.0,1761.9931640625,-2.3576345443725586,1,1,6,18,1,157.2702706578183,-244.92581176757812,86.74320220947266,-238.82260131835938,92.48011779785156,1,-238.82260131835938,92.48011779785156,1768.0537109375,4.158721923828125,0.6286597847938538,0.20533905923366547,4.0,10.228864669799805,1,1764.056884765625,3.8670787811279297,4.457531218099477,20.392597198486328,14.39205551147461,0.6414735051452128,1764.056884765625,3.8670787811279297,1764.056884765625,3.8670787811279297,0.0,0.0,0.0,0,3.0174984178726274,3.0174341201782227,-0.019698534160852432,3.0817885398864746,-0.021115226671099663,0.7485426068305969,0.040780141949653625,-1.1256574370135908,0.0,157.2420520514275,157.2420520514275,2.9929172007340163,3.455378532409668,-0.06861987709999084,0.018957516982610317,1.0,1764.9027247661493,3.7922917355381194,6,6,7,14.266304504244232,0.8726902141101948,2.1371790326720657,0.2737022759720835,-235.75844608811605,91.65912852547254,2.5122475245188896,2.808086263914391,0.0,0,3.8792883930143875,nan
GT+smooth-jitter_controlled_forward3x6_SoftMS_local_prior_3frame_causal_heading_continuous_waypoint_RNN_polynomial_Kalman,1,controlled_gt_jitter,8.0,-232.8036922631052,97.27080286669677,5.742908078691678,1.0500768535131735,0,0,6,-237.03169674927395,92.42527637347945,-238.54660034179688,96.2207260131836,-1,-237.0316925048828,92.42527770996094,-237.03169674927395,92.42527637347945,0.0,0,0.0,0.0,791,/yh/study/uav-sat/v36_GvsK/v36_training_data/routes/route_C/vi/vi_000791.jpg,-238.54660034179688,96.2207260131836,1769.1761322137647,0.5798215693146657,6,2.136374932894816,2.136374932894816,1,2.136374932894816,159.03874699455372,-1.1962222576078045,1767.5731333562833,3.774379213118872,-238.23417136508274,92.66022155297239,3.574185764153079,4.507367928340624,1,0.0,0,0,0.645111989328291,1.0,1764.224853515625,-2.513411521911621,1,1,6,18,1,157.26039409755674,-244.92581176757812,86.74320220947266,-238.5041046142578,93.16219329833984,1,-238.5041046142578,93.16219329833984,1768.0091552734375,3.4072723388671875,0.6284767389297485,0.13068008422851562,4.0,6.156501293182373,1,1764.011962890625,3.10624098777771,5.7490381696457655,20.56464195251465,10.356746673583984,0.645111989328291,1764.011962890625,3.10624098777771,1764.011962890625,3.10624098777771,0.0,0.0,0.0,0,2.6704686661185195,2.6704085901339902,-0.0179125224192473,3.1103358268737793,-0.022275561466813087,0.7567012310028076,0.04060577228665352,-1.137079541018262,0.0,157.2306299474228,157.2306299474228,1.8081170471308832,3.4879603385925293,-0.07120345532894135,0.14464432807050676,1.0,1766.368738197333,3.549486482848285,6,6,7,12.80029107306055,0.8857726389231552,2.807394016431772,0.9739608939789632,-237.03169674927395,92.42527637347945,1.4859844451220392,2.136374932894816,0.0,0,4.08660872388943,nan
GT+smooth-jitter_controlled_forward3x6_SoftMS_local_prior_3frame_causal_heading_continuous_waypoint_RNN_polynomial_Kalman,1,controlled_gt_jitter,8.0,-234.65380438754963,98.17089493813089,5.713322077294123,1.2527354532676056,0,0,6,-239.4270848045147,92.87333310397275,-240.36712646484375,96.91815948486328,-1,-239.4270782470703,92.87333679199219,-239.4270848045147,92.87333310397275,0.0,0,0.0,0.0,792,/yh/study/uav-sat/v36_GvsK/v36_training_data/routes/route_C/vi/vi_000792.jpg,-240.36712646484375,96.91815948486328,1771.1255444274984,0.6026433365774564,6,1.9495457963626468,1.9495457963626468,1,1.9495457963626468,159.03844049346176,-0.0003065010919513245,1768.8056114276076,3.53252686902629,-239.29068611348248,93.33939114817838,3.737152209597195,4.687656345808235,1,0.0,0,0,0.8087679715788738,1.0,1567.935546875,-2.4143450260162354,1,1,6,18,1,157.2499766716903,-249.65716552734375,86.77313995361328,-247.31700134277344,88.23332214355469,1,-247.31700134277344,88.23332214355469,1774.38427734375,11.237858772277832,0.33439353108406067,0.5909721851348877,4.0,4.0,1,1770.3870849609375,10.929521560668945,10.353247617968401,20.458961486816406,8.181324005126953,0.8087679715788738,1770.3870849609375,10.929521560668945,1770.3870849609375,6.216994022131432,0.0,4.712527538537513,0.0,1,2.436932245453308,2.4368732302746303,-0.016959613821995095,3.0690712928771973,-0.02197609283030033,0.7485449314117432,0.0398411862552166,-1.126936816822499,0.0,157.2407726716186,157.2407726716186,1.7976678218431688,3.4426372051239014,-0.06977702677249908,0.0730308439803885,1.0,1768.7605918090371,4.016043091533701,6,6,7,10.408437461356385,0.9071170852789177,2.3649526184613023,1.1195254965145505,-239.4270848045147,92.87333310397275,2.436932245453366,1.9495457963626468,0.4873864490907194,0,4.1526255278681425,nan
GT+smooth-jitter_controlled_forward3x6_SoftMS_local_prior_3frame_causal_heading_continuous_waypoint_RNN_polynomial_Kalman,1,controlled_gt_jitter,8.0,-236.5126793408511,99.07057554896014,5.676224467742643,1.4545171993507677,0,0,6,-241.8644905736588,92.94967024887265,-242.18890380859375,97.61605834960938,-1,-241.86448669433594,92.94966888427734,-241.8644905736588,92.94967024887265,0.0,0,0.0,0.0,793,/yh/study/uav-sat/v36_GvsK/v36_training_data/routes/route_C/vi/vi_000793.jpg,-242.18890380859375,97.61605834960938,1773.0762913035028,0.6254937495598493,6,1.9508807025583836,1.9508807025583836,1,1.9508807025583836,159.03882287842927,0.0003823849675287426,1771.1991317456896,3.9988030074528336,-241.6875200921526,93.78832302388946,3.8604330527644795,4.497274350547766,1,0.0,0,0,0.8917081626093761,1.0,1565.8709716796875,-2.3689842224121094,1,1,6,18,1,157.24675527700128,-249.65716552734375,86.77313995361328,-247.77589416503906,89.98439025878906,1,-247.77589416503906,89.98439025878906,1775.4564208984375,9.779290199279785,0.18359318375587463,0.7362133264541626,4.0,4.0,1,1771.45947265625,9.484002113342285,9.004847193001543,20.411970138549805,8.167839050292969,0.8917081626093761,1771.45947265625,9.484002113342285,1771.45947265625,6.820121475758304,0.0,2.663880637583981,0.0,1,2.4386008781979793,2.4385399366524307,-0.017240084080867562,3.073296308517456,-0.02133549377322197,0.7452418804168701,0.04042043536901474,-1.1167306999335016,0.0,157.25097878850758,157.25097878850758,1.7878440899217,3.4452404975891113,-0.06828389316797256,0.08812339384263843,1.0,1771.054469914369,4.843628423102101,6,6,7,8.114559356024444,0.9275872168648684,2.02182138913372,1.1224156059590724,-241.8644905736588,92.94967024887265,2.4386008781980792,1.9508807025583836,0.4877201756396956,0,4.677651318097391,nan
GT+smooth-jitter_controlled_forward3x6_SoftMS_local_prior_3frame_causal_heading_continuous_waypoint_RNN_polynomial_Kalman,1,controlled_gt_jitter,8.0,-238.42330556551516,100.24233520906733,5.631641333898898,1.6551312295751435,0,0,6,-244.48979482627044,93.09872090730691,-244.05494689941406,98.58720397949219,-1,-244.4897918701172,93.09872436523438,-244.48979482627044,93.09872090730691,0.0,0,0.0,0.0,794,/yh/study/uav-sat/v36_GvsK/v36_training_data/routes/route_C/vi/vi_000794.jpg,-244.05494689941406,98.58720397949219,1775.1689182484554,0.4106609762276016,6,2.103625596735006,2.103625596735006,1,2.103625596735006,152.5061586255165,-6.532664252912798,1773.6839374950976,4.825223003846108,-244.3019766570104,93.93612861648243,4.657630914266868,4.310254052703435,1,0.0,0,0,0.9032970251477137,1.0,1563.6461181640625,-2.0976932048797607,1,1,6,18,1,157.24823347934807,-249.65716552734375,86.77313995361328,-250.48782348632812,90.55452728271484,1,-250.48782348632812,90.55452728271484,1778.1875,10.24905776977539,0.16252252459526062,0.8068453073501587,4.0,4.0,1,1774.1905517578125,9.952116966247559,9.591484942359052,20.419200897216797,8.168008804321289,0.9032970251477137,1774.1905517578125,9.952116966247559,1774.1905517578125,7.665663095339836,0.0,2.286453870907723,0.0,1,2.6295319959187573,2.6294675807285577,-0.018405419255993424,3.0823848247528076,-0.020743198692798615,0.745657742023468,0.041074108332395554,-1.1049687940176223,0.0,157.26274069442346,157.26274069442346,4.756582068906977,3.4545671939849854,-0.06683696061372757,0.10023964083326778,1.0,1773.549818328295,5.672890028795749,6,6,7,5.619210942098476,0.9498552311360393,1.6190999201603518,0.9787592280178017,-244.48979482627044,93.09872090730691,2.6295319959187524,2.103625596735006,0.5259063991837465,0,5.505682442091589,nan
GT+smooth-jitter_controlled_forward3x6_SoftMS_local_prior_3frame_causal_heading_continuous_waypoint_RNN_polynomial_Kalman,1,controlled_gt_jitter,8.0,-240.1742804770073,101.32567719250305,5.579610514203627,1.854287421995244,0,0,6,-246.53822242215827,92.66312740487332,-245.75389099121094,99.47138977050781,-1,-246.53822326660156,92.66312408447266,-246.53822242215827,92.66312740487332,0.0,0,0.0,0.0,795,/yh/study/uav-sat/v36_GvsK/v36_training_data/routes/route_C/vi/vi_000795.jpg,-245.75389099121094,99.47138977050781,1777.0741575517359,0.21506256795174078,6,1.9152533879582188,1.9152533879582188,1,1.9152533879582188,152.5060639687077,-9.465680878028086e-05,1775.9438288816846,5.6564887592287585,-246.70914621303706,93.99651540129807,5.557585977513606,3.881998460397303,1,0.0,0,0,0.8967534317568479,1.0,1561.603271484375,-1.8404362201690674,1,1,6,18,1,157.25331097794404,-249.65716552734375,86.77313995361328,-250.29783630371094,91.56324768066406,1,-250.29783630371094,91.56324768066406,1778.3826904296875,9.24134349822998,0.17408344149589539,0.8084325790405273,4.0,4.207685947418213,1,1774.3873291015625,8.938895225524902,9.128214686235298,19.653926849365234,8.218807220458984,0.8967534317568479,1774.3873291015625,8.938895225524902,1774.3873291015625,8.486131921627557,0.0,0.45276330389734465,0.0,0,2.3940667349477733,2.394010553389455,-0.01640126956698986,2.926912784576416,-0.017476465553045273,0.7019498348236084,0.03975606709718704,-1.034485937538145,0.0,157.33322355090294,157.33322355090294,4.827159582195234,3.2773969173431396,-0.05677847936749458,0.16882378248581692,1.0,1775.2933919698098,6.832953937195712,6,6,7,3.8756373005836906,0.965414550434062,1.7807655819260617,1.0116593966181973,-246.53822242215827,92.66312740487332,2.094229527763649,1.9152533879582188,0.17897613980543037,0,6.853292072638291,nan
GT+smooth-jitter_controlled_forward3x6_SoftMS_local_prior_3frame_causal_heading_continuous_waypoint_RNN_polynomial_Kalman,1,controlled_gt_jitter,8.0,-242.10175140036833,102.49526988879049,5.52018158303012,2.0516968907436155,0,0,6,-247.83683359829215,92.3353146696516,-247.62193298339844,100.44357299804688,-1,-247.8368377685547,92.33531188964844,-247.83683359829215,92.3353146696516,0.0,0,0.0,0.0,796,/yh/study/uav-sat/v36_GvsK/v36_training_data/routes/route_C/vi/vi_000796.jpg,-247.62193298339844,100.44357299804688,1779.169025121991,2.1681144034712704e-06,6,2.1058777534520168,2.1058777534520168,1,2.1058777534520168,152.50622358333726,0.00015961462956432746,1777.925685622707,6.816165156042081,-248.97893150542973,93.64912482327362,6.9286341358506345,3.5339023282486446,1,0.0,0,0,0.909949162416051,1.0,1559.364013671875,-1.5781193971633911,1,1,6,18,1,157.28128038915182,-249.65716552734375,86.77313995361328,-250.04347229003906,91.66374969482422,1,-250.04347229003906,91.66374969482422,1778.183349609375,9.054149627685547,0.14898152649402618,0.8609915971755981,4.0,4.894434928894043,1,1774.18798828125,8.761297225952148,10.07824484219901,19.712779998779297,8.914462089538574,0.909949162416051,1774.18798828125,8.761297225952148,1774.18798828125,8.761297225952148,0.0,0.0,0.0,0,2.6323471918150205,2.632293652897374,-0.01678878115363089,2.939856767654419,-0.01703406311571598,0.7035516500473022,0.0404229499399662,-0.9926014032786286,0.0,157.37510808516245,157.37510808516245,4.868884501825186,3.291193723678589,-0.05384499207139015,0.3450766231488597,1.0,1776.3796928251556,7.616409505705027,6,6,7,2.789336445237865,0.9751084924962721,2.789332296835255,0.8339790142024022,-247.83683359829215,92.3353146696516,1.3393476681404852,2.1058777534520168,0.0,0,8.111105682597973,nan
GT+smooth-jitter_controlled_forward3x6_SoftMS_local_prior_3frame_causal_heading_continuous_waypoint_RNN_polynomial_Kalman,1,controlled_gt_jitter,8.0,-243.80036836945516,103.74353244245461,5.453415810232351,2.247072481517106,0,0,6,-249.95890092248754,93.5142181970792,-249.2537841796875,101.4964599609375,-1,-249.9589080810547,93.51422119140625,-249.95890092248754,93.5142181970792,0.0,0,0.0,0.0,797,/yh/study/uav-sat/v36_GvsK/v36_training_data/routes/route_C/vi/vi_000797.jpg,-249.2537841796875,101.4964599609375,1781.1077405452156,0.11353605154876549,7,1.9420374052667184,1.9420374052667184,1,1.9420374052667184,147.16948137066697,-5.336742212670298,1778.8071950146796,7.601699806334668,-250.08794136229244,93.24388337385437,8.294627088119393,3.937818308403011,1,0.0,0,0,0.8753177939213362,1.0,1776.8331298828125,-4.476351261138916,1,1,6,18,1,157.31412004540294,-258.9368591308594,115.38196563720703,-256.58758544921875,109.00434112548828,1,-256.58758544921875,109.00434112548828,1791.45947265625,-1.616885781288147,0.20471902191638947,0.8267651200294495,4.0,9.441661834716797,1,1787.4630126953125,-1.9240764379501343,7.000893134697901,20.100830078125,13.547224044799805,0.8753177939213362,1787.4630126953125,-1.9240764379501343,1783.4643189479632,4.807425446364464,3.998693747349261,-6.731501884314598,0.0,1,2.427546756583398,2.4275021895238345,-0.014709699370358431,3.0104918479919434,-0.020298708230257034,0.7304849624633789,0.039740342646837234,-1.057421072440813,0.0,157.31028841600028,157.31028841600028,10.140807045333302,3.3751516342163086,-0.0627257227897644,0.22829664334869273,1.0,1778.7869015639537,7.302834405843611,6,6,7,0.3821277064397748,0.9965899650834639,2.320838981261886,1.068454442725225,-249.95890092248754,93.5142181970792,2.427546756583501,1.9420374052667184,0.48550935131678274,0,8.013324728080136,nan
GT+smooth-jitter_controlled_forward3x6_SoftMS_local_prior_3frame_causal_heading_continuous_waypoint_RNN_polynomial_Kalman,1,controlled_gt_jitter,8.0,-245.66635975072117,105.09279345028811,5.379386098888206,2.440129265717797,0,0,6,-252.03379939938029,95.35920946877478,-251.04574584960938,102.65266418457031,-1,-252.03379821777344,95.35920715332031,-252.03379939938029,95.35920946877478,0.0,0,0.0,0.0,798,/yh/study/uav-sat/v36_GvsK/v36_training_data/routes/route_C/vi/vi_000798.jpg,-251.04574584960938,102.65266418457031,1783.236682434916,0.238200655563912,7,2.1325887632676745,2.1325887632676745,1,2.1325887632676745,147.16920239836358,-0.00027897230338266784,1781.4525822775624,7.285673112366663,-252.1942051664203,95.03645872007293,7.702307737283002,4.308209389536714,1,0.0,0,0,0.9006385173784714,1.0,1780.3353271484375,-4.907073497772217,1,1,6,18,1,156.94635265559305,-258.9368591308594,115.38196563720703,-256.7762756347656,109.87235260009766,1,-256.7762756347656,109.87235260009766,1792.124267578125,-2.2061033248901367,0.16483931243419647,0.8417715430259705,5.4350175857543945,4.1248250007629395,1,1788.12841796875,-2.503683567047119,5.973236391527418,21.33519744873047,8.183113098144531,0.9006385173784714,1788.12841796875,-2.503683567047119,1786.1793382003532,4.449619558692184,1.9490797683967616,-6.953303125739303,0.0,1,2.6657359540845933,2.66568071360872,-0.017161293476948333,2.9898476600646973,-0.016510114073753357,0.714849591255188,0.04206882789731026,-0.9727925740251222,0.0,157.03702118581415,157.03702118581415,9.867818787450553,3.3468668460845947,-0.05230506509542465,0.23591700172953692,1.0,1781.4249407797447,6.919562605618041,7,7,8,187.72268789288688,0.011874555957614524,1.8117416551713177,0.8572588967970227,-252.03379939938029,95.35920946877478,2.7765439816514124,2.1325887632676745,0.6439552183837378,0,7.360076868387653,nan
GT+smooth-jitter_controlled_forward3x6_SoftMS_local_prior_3frame_causal_heading_continuous_waypoint_RNN_polynomial_Kalman,1,controlled_gt_jitter,8.0,-247.3789318633634,106.33582337453775,5.29817690128505,2.6305850322525903,0,0,6,-253.93703130337127,97.17415424924177,-252.67710876464844,103.70523834228516,-1,-253.93702697753906,97.17415618896484,-253.93703130337127,97.17415424924177,0.0,0,0.0,0.0,799,/yh/study/uav-sat/v36_GvsK/v36_training_data/routes/route_C/vi/vi_000799.jpg,-252.67710876464844,103.70523834228516,1785.1748194904349,0.3516998717675609,7,1.9414575241436163,1.9414575241436163,1,1.9414575241436163,147.1694258516525,0.0002234532889040573,1783.8517199564258,6.905161665148453,-254.1069970260354,96.85492178803885,6.997958083143482,4.649149218010309,1,0.0,0,0,0.8190860960285227,1.0,1782.451416015625,-4.899357795715332,1,1,6,18,1,155.90721147362382,-258.9368591308594,115.38196563720703,-259.43780517578125,110.38203430175781,1,-259.43780517578125,110.38203430175781,1794.5733642578125,-1.0462493896484375,0.3142431378364563,0.6090998649597168,4.0,4.859684944152832,1,1790.5797119140625,-1.3475264310836792,5.837093574616784,19.01142120361328,8.73658275604248,0.8190860960285227,1790.5797119140625,-1.3475264310836792,1788.3542067205042,4.203669606701391,2.225505193558295,-5.55119603778507,0.0,1,2.42682190517952,2.4267791766810483,-0.01440094046958735,2.769310474395752,-0.014904532581567764,0.6711257100105286,0.03820529952645302,-0.9659512857977082,0.0,155.9845296957099,155.9845296957099,8.81510384405742,3.1045029163360596,-0.04814515635371208,0.19632681387248088,1.0,1783.8215822553984,6.538020738144768,7,7,8,185.32604641723316,0.024489879384540947,1.3532372350364312,0.8278529502521357,-253.93703130337127,97.17415424924177,2.6298890160068567,1.9414575241436163,0.6884314918632404,0,6.651500900848333,nan
GT+smooth-jitter_controlled_forward3x6_SoftMS_local_prior_3frame_causal_heading_continuous_waypoint_RNN_polynomial_Kalman,1,controlled_gt_jitter,8.0,-248.98905997855394,107.63288855919836,5.209884113242938,2.8181607759952403,0,0,6,-255.7943254996015,98.99147214544159,-254.19894409179688,104.81472778320312,-1,-255.79432678222656,98.99147033691406,-255.7943254996015,98.99147214544159,0.0,0,0.0,0.0,800,/yh/study/uav-sat/v36_GvsK/v36_training_data/routes/route_C/vi/vi_000800.jpg,-254.19894409179688,104.81472778320312,1787.058151954489,0.3546002691455537,7,1.8833346974092149,1.8833346974092149,1,1.8833346974092149,143.90619361942154,-3.263232232230955,1786.175713172078,6.5247410643918045,-255.99486359253777,98.64809834031404,6.422822240966039,4.886033507057987,1,0.0,0,0,0.8059777279003226,1.0,1784.5167236328125,-4.995734691619873,1,1,6,18,1,154.38146629877912,-258.9368591308594,115.38196563720703,-259.8728332519531,110.26972961425781,1,-259.8728332519531,110.26972961425781,1794.858154296875,-0.6987831592559814,0.33775922656059265,0.4604279696941376,4.0,5.056559085845947,1,1790.8641357421875,-0.9966657161712646,4.159636933924341,19.273658752441406,8.98311996459961,0.8059777279003226,1790.8641357421875,-0.9966657161712646,1790.642151923804,3.844877813356272,0.22198381838353676,-4.841543529527536,0.0,1,2.3541683717615185,2.354130916679719,-0.013279673752963623,2.8570094108581543,-0.013822159729897976,0.6918948292732239,0.04117842763662338,-0.9480898075095959,0.0,154.46631036234237,154.46631036234237,10.560116742920838,3.2026305198669434,-0.046231709420681,0.19578878844057124,1.0,1786.138629724144,6.121607781835942,7,7,8,183.00899894848754,0.03668623979585114,0.91952223034491,0.9736747134489394,-255.7943254996015,98.99147214544159,2.5984968861244955,1.8833346974092149,0.7151621887152806,0,6.037842997220961,nan
GT+smooth-jitter_controlled_forward3x6_SoftMS_local_prior_3frame_causal_heading_continuous_waypoint_RNN_polynomial_Kalman,1,controlled_gt_jitter,8.0,-250.60859061948952,108.92857605496839,5.114614946916734,3.002581181921513,0,0,6,-257.71900212884697,100.74664096932807,-255.72320556640625,105.92599487304688,-1,-257.718994140625,100.74664306640625,-257.71900212884697,100.74664096932807,0.0,0,0.0,0.0,801,/yh/study/uav-sat/v36_GvsK/v36_training_data/routes/route_C/vi/vi_000801.jpg,-255.72320556640625,105.92599487304688,1788.9444921121385,0.3574981282367593,7,1.8863423835423259,1.8863423835423259,1,1.8863423835423259,143.90597583076982,-0.0002177886517311676,1788.4965258232396,6.109346377406775,-257.8770892370039,100.48289027881053,5.8537682299749365,5.295270666399208,1,0.0,0,0,0.7408297004139797,1.0,1786.5888671875,-5.085448265075684,1,1,6,18,1,152.50929226316822,-258.9368591308594,115.38196563720703,-259.9460754394531,113.80313110351562,1,-259.9460754394531,113.80313110351562,1797.0032958984375,-3.5075130462646484,0.4579176604747772,0.40911293029785156,4.0,4.0,1,1793.00927734375,-3.789205312728882,6.05920005110157,19.294666290283203,7.929959297180176,0.7408297004139797,1793.00927734375,-3.789205312728882,1792.783807499378,3.536977371723708,0.22546984437194695,-7.32618268445259,0.0,1,2.3579279794279073,2.357896099095632,-0.012261404429167469,2.862309694290161,-0.014142324216663837,0.6900489926338196,0.040898848325014114,-0.9099565412082974,0.0,152.60367475123962,152.60367475123962,8.697698920469827,3.2070298194885254,-0.044629596173763275,0.11985034430528395,1.0,1788.4743904823692,5.7990461032316185,7,7,8,180.67323819026234,0.048981102299178396,0.4701016297692604,0.9759673107478353,-257.71900212884697,100.74664096932807,2.6048028193141004,1.8863423835423259,0.7184604357717745,0,5.5505775175757535,nan
GT+smooth-jitter_controlled_forward3x6_SoftMS_local_prior_3frame_causal_heading_continuous_waypoint_RNN_polynomial_Kalman,1,controlled_gt_jitter,8.0,-252.38277588960943,110.32858700578846,5.0124877822655645,3.1835751039330002,0,0,6,-259.79855181266606,102.67039789438742,-257.395263671875,107.14501190185547,-1,-259.7985534667969,102.67039489746094,-259.79855181266606,102.67039789438742,0.0,0,0.0,0.0,802,/yh/study/uav-sat/v36_GvsK/v36_training_data/routes/route_C/vi/vi_000802.jpg,-257.395263671875,107.14501190185547,1791.0137361072461,0.36067826969060124,7,2.0692464388247904,2.0692464388247904,1,2.0692464388247904,143.90601180857408,3.597780427255518e-05,1791.0137361072461,5.785964632673276,-259.9666654040369,102.3641598911633,5.428503736418047,5.61296125406101,1,0.0,0,0,0.68412579763297,1.0,1788.847412109375,-5.168065547943115,1,1,6,18,1,150.27597526497686,-258.9368591308594,115.38196563720703,-263.029541015625,113.99200439453125,1,-263.029541015625,113.99200439453125,1799.603515625,-1.8396289348602295,0.5610156655311584,0.29755717515945435,4.0,4.0,1,1795.6082763671875,-2.1316795349121094,5.336955324855073,19.666507720947266,8.009435653686523,0.68412579763297,1795.6082763671875,-2.1316795349121094,1795.1450820507368,3.307157066578876,0.46319431645070086,-5.438836601490985,0.0,1,2.5865580485309883,2.586524968669057,-0.013081470558342509,2.934478759765625,-0.015211576595902443,0.7047558426856995,0.04192431643605232,-0.8976307177990689,0.0,150.33717504060067,150.33717504060067,6.431163232026578,3.286543369293213,-0.04574192315340042,0.11097884595531678,1.0,1791.0137361072461,5.436616819996146,7,7,8,178.13389256538545,0.06234758480229645,0.0,0.8652323209408346,-259.79855181266606,102.67039789438742,2.832907974888332,2.0692464388247904,0.7636615360635415,0,5.079169656892377,nan
GT+smooth-jitter_controlled_forward3x6_SoftMS_local_prior_3frame_causal_heading_continuous_waypoint_RNN_polynomial_Kalman,1,controlled_gt_jitter,8.0,-254.01406209437212,111.59065051249165,4.903631997424766,3.360876037393992,0,0,6,-261.18287211149976,104.30314687219096,-258.9176940917969,108.22977447509766,-1,-261.182861328125,104.30314636230469,-261.18287211149976,104.30314687219096,0.0,0,0.0,0.0,803,/yh/study/uav-sat/v36_GvsK/v36_training_data/routes/route_C/vi/vi_000803.jpg,-258.9176940917969,108.22977447509766,1792.8829513235546,0.3838881583606918,7,1.869359308375602,1.869359308375602,1,1.869359308375602,144.52935653180626,0.6233447232321846,1792.8829513235546,5.424635014961358,-261.4412667642933,103.86383360278735,5.042802666561557,5.78562560722847,1,0.0,0,0,0.6995627419984713,1.0,1790.9090576171875,-5.223700046539307,1,1,6,18,1,148.59945889604492,-258.9368591308594,115.38196563720703,-262.90020751953125,113.85070037841797,1,-262.90020751953125,113.85070037841797,1799.415771484375,-1.8019284009933472,0.5329484939575195,0.33992892503738403,4.0,4.0,1,1795.4200439453125,-2.093719720840454,3.637476916686556,19.87327766418457,8.054980278015137,0.6995627419984713,1795.4200439453125,-2.093719720840454,1795.4200439453125,2.92035649066388,0.0,-5.014076211504334,0.0,1,2.3366991354695026,2.3366684159401028,-0.011981805034788419,2.966696262359619,-0.017418790608644485,0.7210195064544678,0.04102715104818344,-0.9557998104220709,0.0,148.58106967892172,148.58106967892172,4.051713147115445,3.3267951011657715,-0.05240704119205475,0.06483669385475702,1.0,1792.8829513235546,4.91496458687434,7,7,8,176.26467734907698,0.0721866678473863,0.0,1.0973369539840172,-261.18287211149976,104.30314687219096,2.1406101733574805,1.869359308375602,0.27125086498187856,0,4.533148551818464,nan
GT+smooth-jitter_controlled_forward3x6_SoftMS_local_prior_3frame_causal_heading_continuous_waypoint_RNN_polynomial_Kalman,1,controlled_gt_jitter,8.0,-255.65257760259883,112.8492479140081,4.7881877782605455,3.534222584418262,0,0,6,-262.59522352465467,105.8235057768253,-260.4407653808594,109.31502532958984,-1,-262.59521484375,105.8235092163086,-262.59522352465467,105.8235057768253,0.0,0,0.0,0.0,804,/yh/study/uav-sat/v36_GvsK/v36_training_data/routes/route_C/vi/vi_000804.jpg,-260.4407653808594,109.31502532958984,1794.7529720725938,0.4070822719369942,7,1.8701645833301754,1.8701645833301754,1,1.8701645833301754,144.5285668589782,-0.0007896728280638004,1794.7529720725938,4.902011961710083,-262.80414798937545,105.49023465104536,4.49606506724681,6.122257728554091,1,0.0,0,0,0.6590055094993488,1.0,1792.974609375,-5.272268772125244,1,1,6,18,1,146.97294941760762,-258.9368591308594,115.38196563720703,-263.23944091796875,117.2266616821289,1,-263.23944091796875,117.2266616821289,1801.6826171875,-4.326552391052246,0.606688916683197,0.3012595772743225,4.0,4.0,1,1797.6864013671875,-4.627859592437744,5.904416414546618,19.984699249267578,8.077744483947754,0.6590055094993488,1797.6864013671875,-4.627859592437744,1797.6864013671875,2.4646528710361575,0.0,-7.092512463473902,0.0,1,2.3377057291627192,2.337669845307835,-0.012952625164256697,2.9881491661071777,-0.017682602629065514,0.725501537322998,0.04129719361662865,-0.9412431831968928,0.0,146.97555310706358,146.97555310706358,2.446986248085368,3.350496292114258,-0.05207981541752815,0.0538917680625683,1.0,1794.7529720725938,4.50866850461758,7,7,8,174.39465660003776,0.08202999101601254,0.0,1.1179845827770023,-262.59522352465467,105.8235057768253,2.075145227000169,1.8701645833301754,0.20498064366999347,0,4.102730637112677,nan
GT+smooth-jitter_controlled_forward3x6_SoftMS_local_prior_3frame_causal_heading_continuous_waypoint_RNN_polynomial_Kalman,1,controlled_gt_jitter,8.0,-257.4471279304562,114.21021773663689,4.666305907434409,3.7033589109533027,0,0,6,-264.1380890263328,107.43354241039395,-262.1134338378906,110.5068588256836,-1,-264.1380920410156,107.43354034423828,-264.1380890263328,107.43354241039395,0.0,0,0.0,0.0,805,/yh/study/uav-sat/v36_GvsK/v36_training_data/routes/route_C/vi/vi_000805.jpg,-262.1134338378906,110.5068588256836,1796.806660837076,0.4325637985511801,7,2.053846841796718,2.053846841796718,1,2.053846841796718,144.52882779848565,0.00026093950744173107,1796.806660837076,4.493907673818513,-264.34961553991303,107.1160274162795,4.061803325059108,6.384428920231596,1,0.0,0,0,0.5709558950698749,1.0,1795.2265625,-5.311351776123047,1,1,6,18,1,145.3857587302295,-273.1309509277344,115.47177124023438,-267.6553649902344,117.46390533447266,1,-267.6553649902344,117.46390533447266,1805.386962890625,-1.9110897779464722,0.7667791247367859,0.12788571417331696,4.0,4.0,1,1801.390869140625,-2.1989243030548096,5.293298286448211,20.072649002075195,8.095636367797852,0.5709558950698749,1801.390869140625,-2.1989243030548096,1800.626789548518,2.2018304469532195,0.7640795921069197,-4.400754750008029,0.0,1,2.567308552245897,2.5672661179373373,-0.014760830799067103,3.0188374519348145,-0.017659876495599747,0.729218602180481,0.04198647290468216,-0.9389239070868504,0.0,145.38977039914982,145.38977039914982,0.8609426006641705,3.383046865463257,-0.052110206335783005,0.07252248028601145,1.0,1796.806660837076,4.112385410464327,7,7,8,172.34096783555566,0.09284009684342664,0.0,0.9649906101380963,-264.1380890263328,107.43354241039395,2.229944375472539,2.053846841796718,0.17609753367582082,0,3.680285643883448,nan
GT+smooth-jitter_controlled_forward3x6_SoftMS_local_prior_3frame_causal_heading_continuous_waypoint_RNN_polynomial_Kalman,1,controlled_gt_jitter,8.0,-259.1754449959487,115.525345680567,4.538147533348197,3.86803519472715,0,0,6,-265.71511158747126,108.77176300017261,-263.7135925292969,111.65731048583984,-1,-265.7151184082031,108.77176666259766,-265.71511158747126,108.77176300017261,0.0,0,0.0,0.0,806,/yh/study/uav-sat/v36_GvsK/v36_training_data/routes/route_C/vi/vi_000806.jpg,-263.7135925292969,111.65731048583984,1798.7773938000057,0.4486401433295182,7,1.9707985335998284,1.9707985335998284,1,1.9707985335998284,144.2853387887622,-0.24348900972342882,1798.7773938000057,4.0980845092554405,-265.79397626825653,108.658751655008,3.64956868181534,7.064173856034511,1,0.0,0,0,0.37653868961695586,1.0,1797.39794921875,-5.352534294128418,1,1,6,18,1,144.14930456980161,-273.1309509277344,115.47177124023438,-266.7414855957031,118.81112670898438,1,-266.7414855957031,118.81112670898438,1805.444580078125,-3.5380043983459473,0.8216117024421692,0.054296284914016724,4.0,4.0,1,1801.44873046875,-3.831590175628662,5.052910368091263,19.966289520263672,8.067838668823242,0.37653868961695586,1801.44873046875,-3.831590175628662,1801.44873046875,2.1267956713874634,0.0,-5.9583858470161255,0.0,0,2.4634981669997855,2.463456657429945,-0.014300901208886557,3.010075807571411,-0.015301121398806572,0.7193536162376404,0.0436241514980793,-0.8780719908630613,0.0,144.21276412418447,144.21276412418447,0.07257466457773581,3.3694565296173096,-0.045130081474781036,0.014448606050566965,1.0,1798.7773938000057,3.960275939089169,7,7,8,170.37023487262587,0.1032135440060578,0.0,1.0392772739715828,-265.71511158747126,108.77176300017261,2.0682926546422804,1.9707985335998284,0.09749412104245203,0,3.511760645641406,nan
GT+smooth-jitter_controlled_forward3x6_SoftMS_local_prior_3frame_causal_heading_continuous_waypoint_RNN_polynomial_Kalman,1,controlled_gt_jitter,8.0,-260.9091653970219,116.83524378091376,4.4038839193843495,4.028008063140315,0,0,6,-267.00667236967865,110.4508157866059,-265.31304931640625,112.80723571777344,-1,-267.0066833496094,110.45081329345703,-267.00667236967865,110.4508157866059,0.0,0,0.0,0.0,807,/yh/study/uav-sat/v36_GvsK/v36_training_data/routes/route_C/vi/vi_000807.jpg,-265.31304931640625,112.80723571777344,1800.7472494457909,0.46472702108204417,7,1.9699213316444324,1.9699213316444324,1,1.9699213316444324,144.28585328296103,0.0005144941988069852,1800.7472494457909,3.94696130317364,-267.34591274395126,109.97995504106905,3.482247799901104,6.98452593573997,1,0.0,0,0,0.5966388629711047,1.0,1799.5706787109375,-5.386305809020996,1,1,6,18,1,143.30911427464073,-273.1309509277344,115.47177124023438,-267.9618835449219,118.10243225097656,1,-267.9618835449219,118.10243225097656,1806.01123046875,-2.2455198764801025,0.7200828194618225,0.255493700504303,4.0,4.0,1,1802.0146484375,-2.5420265197753906,3.2646195526302186,20.290864944458008,8.13914680480957,0.5966388629711047,1802.0146484375,-2.5420265197753906,1802.0146484375,1.6125071792713173,0.0,-4.154533699046707,0.0,0,2.46240166455554,2.4623656670113667,-0.013314635915528745,3.0712392330169678,-0.019101936370134354,0.7437729239463806,0.04229442775249481,-0.9669912888205484,0.0,143.26144371638057,143.26144371638057,1.02440956658044,3.4426701068878174,-0.05606251582503319,0.027148751297588904,1.0,1800.7472494457909,3.3666218566217694,7,7,8,168.4003792268407,0.11358237318988833,0.0,1.1013179013725354,-267.00667236967865,110.4508157866059,2.118336024752819,1.9699213316444324,0.14841469310838673,0,2.9019086716468796,nan
GT+smooth-jitter_controlled_forward3x6_SoftMS_local_prior_3frame_causal_heading_continuous_waypoint_RNN_polynomial_Kalman,1,controlled_gt_jitter,8.0,-262.6496033866461,118.14080469207832,4.263696173900758,4.18304102020332,0,0,6,-268.3378201009921,112.00883444830616,-266.9132995605469,113.957763671875,-1,-268.33782958984375,112.00883483886719,-268.3378201009921,112.00883444830616,0.0,0,0.0,0.0,808,/yh/study/uav-sat/v36_GvsK/v36_training_data/routes/route_C/vi/vi_000808.jpg,-266.9132995605469,113.957763671875,1802.7181013454256,0.4807958339637444,7,1.9709174049262586,1.9709174049262586,1,1.9709174049262586,144.28509163489466,-0.0007616480663680045,1802.7181013454256,3.3521886968037466,-268.60772327282655,111.63961238964933,2.8713928822124197,6.969980090354853,1,0.0,0,0,0.5724360601938143,1.0,1801.74609375,-5.41261100769043,1,1,6,18,1,142.8970040949497,-273.1309509277344,115.47177124023438,-271.0238342285156,120.93602752685547,1,-271.0238342285156,120.93602752685547,1810.155517578125,-2.7250120639801025,0.7640879154205322,0.2252482920885086,4.0,4.0,1,1806.1597900390625,-3.013206958770752,4.904413989412417,19.857805252075195,8.054004669189453,0.5724360601938143,1806.1597900390625,-3.013206958770752,1806.1597900390625,1.057669197483953,0.0,-4.070876156254705,0.0,1,2.4636467561578232,2.4636044777976505,-0.01443315981802252,2.939819812774658,-0.016093237325549126,0.7063301801681519,0.04116896912455559,-0.8712725375443137,0.0,142.9617369460042,142.9617369460042,1.3233546888904342,3.2926723957061768,-0.0455823615193367,0.06231171854314349,1.0,1802.7181013454256,2.8948347302033848,7,7,8,166.42952732720602,0.12395644640569216,0.0,0.9689024078483996,-268.3378201009921,112.00883444830616,2.0492380127225673,1.9709174049262586,0.07832060779630878,0,2.414038916138455,nan
GT+smooth-jitter_controlled_forward3x6_SoftMS_local_prior_3frame_causal_heading_continuous_waypoint_RNN_polynomial_Kalman,1,controlled_gt_jitter,8.0,-264.40258026312944,119.481998489574,4.117774961479942,4.332904861644309,0,0,6,-269.6797558837814,113.56393139724509,-268.5203552246094,115.14909362792969,-1,-269.67974853515625,113.56393432617188,-269.6797558837814,113.56393139724509,0.0,0,0.0,0.0,809,/yh/study/uav-sat/v36_GvsK/v36_training_data/routes/route_C/vi/vi_000809.jpg,-268.5203552246094,115.14909362792969,1804.7185337819187,0.46794909838331095,7,2.00047368680236,2.00047368680236,1,2.00047368680236,143.45000895117826,-0.8350826837163771,1804.7185337819187,2.8807056462764233,-269.9447326671132,113.20164836279706,2.4127565478931507,7.068820727227747,1,0.0,0,0,0.5489534573591128,1.0,1803.952880859375,-5.460274696350098,1,1,6,18,1,142.90460729553095,-273.1309509277344,115.47177124023438,-270.53662109375,121.70600891113281,1,-270.53662109375,121.70600891113281,1810.216796875,-3.634126663208008,0.8067835569381714,0.1368473917245865,4.0,4.0,1,1806.2218017578125,-3.917497396469116,4.635941713024554,19.65325927734375,8.001163482666016,0.5489534573591128,1806.2218017578125,-3.917497396469116,1806.2218017578125,0.6249324416338871,0.0,-4.542429838103003,0.0,0,2.5005921085029494,2.500552191435846,-0.014129083926961552,2.9410765171051025,-0.013683009892702103,0.7012647390365601,0.04311009868979454,-0.8666177636249499,0.0,142.95133843597597,142.95133843597597,0.49867051520230526,3.2914514541625977,-0.041915155947208405,0.023535254539918723,1.0,1804.7185337819187,2.431860803648442,7,7,8,164.42909489071286,0.13448622419533507,0.0,0.9406028303027427,-269.6797558837814,113.56393139724509,2.0540492121002303,2.00047368680236,0.05357552529787046,0,1.9639117052651671,nan
GT+smooth-jitter_controlled_forward3x6_SoftMS_local_prior_3frame_causal_heading_continuous_waypoint_RNN_polynomial_Kalman,1,controlled_gt_jitter,8.0,-266.16054137629106,120.8173973034079,3.9663201959745513,4.477378077333676,0,0,6,-270.90290406773846,115.27899408045427,-270.1268615722656,116.34001922607422,-1,-270.90289306640625,115.27899169921875,-270.90290406773846,115.27899408045427,0.0,0,0.0,0.0,810,/yh/study/uav-sat/v36_GvsK/v36_training_data/routes/route_C/vi/vi_000810.jpg,-270.1268615722656,116.34001922607422,1806.7182841264196,0.45510444796955213,7,1.999791595485823,1.999791595485823,1,1.999791595485823,143.44994319264774,-6.575853053943696e-05,1806.7182841264196,2.419099393404291,-271.2863113724999,114.7547898084725,1.9639949454347272,6.685058045847402,1,0.0,0,0,0.6253891305959598,1.0,1806.16015625,-5.50031852722168,1,1,6,18,1,142.9209631439939,-273.1309509277344,115.47177124023438,-273.1629333496094,122.61183166503906,1,-273.1629333496094,122.61183166503906,1812.8714599609375,-2.8148066997528076,0.6678096055984497,0.1889115273952484,4.0,4.0,1,1808.876220703125,-3.105060338973999,4.163107442677402,19.69809341430664,8.009960174560547,0.6253891305959598,1808.876220703125,-3.105060338973999,1808.876220703125,0.037207327920957045,0.0,-3.1422676668949565,0.0,1,2.499739494357278,2.499706920032459,-0.012761410244150742,2.9515955448150635,-0.013255417346954346,0.6942856907844543,0.04379434883594513,-0.786151198291324,0.0,143.0318050013096,143.0318050013096,0.4181381913381398,3.298546552658081,-0.036619383841753006,0.04871910689765124,1.0,1806.7182841264196,1.769644791366265,7,7,8,162.429344546212,0.14501241162272432,0.0,0.9518039493292405,-270.90290406773846,115.27899408045427,2.1065449169799617,1.999791595485823,0.10675332149413874,0,1.3145403433967118,nan
GT+smooth-jitter_controlled_forward3x6_SoftMS_local_prior_3frame_causal_heading_continuous_waypoint_RNN_polynomial_Kalman,1,controlled_gt_jitter,8.0,-267.924040827038,122.14736754049197,3.809540715930746,4.616247240199008,0,0,6,-272.4335243534712,116.57414059006906,-271.73358154296875,117.53112030029297,-1,-272.43353271484375,116.57414245605469,-272.4335243534712,116.57414059006906,0.0,0,0.0,0.0,811,/yh/study/uav-sat/v36_GvsK/v36_training_data/routes/route_C/vi/vi_000811.jpg,-271.73358154296875,117.53112030029297,1808.7183104885542,0.44224427580716397,7,2.0000677071692627,2.0000677071692627,1,2.0000677071692627,143.4495493384995,-0.000393854148215628,1808.7183104885542,1.757724983630397,-272.5101791851588,116.46933614388449,1.3154807078232635,7.288549084856777,1,0.0,0,0,0.29737398344639693,1.0,1808.36865234375,-5.532711029052734,1,1,6,18,1,142.95975781806678,-268.3385925292969,124.9581527709961,-273.58941650390625,122.98062133789062,1,-273.58941650390625,122.98062133789062,1813.433349609375,-2.8606979846954346,0.7718868255615234,0.011690929532051086,4.0,4.0,1,1809.441162109375,-3.1226155757904053,3.637408449329752,18.996732711791992,7.875668048858643,0.29737398344639693,1809.441162109375,-3.1226155757904053,1809.441162109375,-0.08294208905615785,0.0,-3.0396734867342476,0.0,0,2.500084633961578,2.500056218398766,-0.011919807735867897,2.741647720336914,-0.008629810065031052,0.654696524143219,0.04163363203406334,-0.7034360599777357,0.0,143.11452013962318,143.11452013962318,0.335029198876336,3.0689144134521484,-0.025491874665021896,0.004848863278285507,1.0,1808.7183104885542,1.627879170601656,7,7,8,160.42931818407743,0.1555400519381472,0.0,0.7415800131676513,-272.4335243534712,116.57414059006906,2.0050443736895307,2.0000677071692627,0.004976666520267958,0,1.185634894794488,nan
GT+smooth-jitter_controlled_forward3x6_SoftMS_local_prior_3frame_causal_heading_continuous_waypoint_RNN_polynomial_Kalman,1,controlled_gt_jitter,8.0,-269.5601097288649,123.43516706100662,3.647653943010101,4.749307380830841,0,0,6,-273.8732648832179,117.77596940510118,-273.207763671875,118.68585968017578,-1,-273.8732604980469,117.77597045898438,-273.8732648832179,117.77596940510118,0.0,0,0.0,0.0,812,/yh/study/uav-sat/v36_GvsK/v36_training_data/routes/route_C/vi/vi_000812.jpg,-273.207763671875,118.68585968017578,1810.5898933200258,0.380489198450187,7,1.8726013950220977,1.8726013950220977,1,1.8726013950220977,141.92810020842197,-1.5214491300775481,1810.5898933200258,1.618733938293374,-273.9387648486293,117.68641617735376,1.238244739843196,7.984353972804422,1,0.0,0,0,0.3099780963695422,1.0,1810.449462890625,-5.606294631958008,1,1,6,18,1,143.01392463327957,-268.30810546875,129.71630859375,-274.3693542480469,127.095703125,1,-274.3693542480469,127.095703125,1816.4921875,-5.721728801727295,0.8490068316459656,0.033698976039886475,4.0,4.0,1,1812.5008544921875,-5.9934587478637695,6.6542456389758815,18.746788024902344,7.816871643066406,0.3099780963695422,1812.5008544921875,-5.9934587478637695,1812.5008544921875,-0.24272992071637067,0.0,-5.750728827147399,0.0,0,2.3407517437776217,2.3407338786636993,-0.009145232308281938,2.70242977142334,-0.004361552186310291,0.6252468824386597,0.04394528269767761,-0.5581175955267791,0.0,143.25983860407413,143.25983860407413,1.331738395652169,3.0150818824768066,-0.011758886277675629,0.006289115521566444,1.0,1810.5898933200258,1.5077833814273771,7,7,8,158.5577353526058,0.1653915975193891,0.0,0.8298283764012422,-273.8732648832179,117.77596940510118,1.8754320285301753,1.8726013950220977,0.0028306335080776623,0,1.127294182977203,nan
GT+smooth-jitter_controlled_forward3x6_SoftMS_local_prior_3frame_causal_heading_continuous_waypoint_RNN_polynomial_Kalman,1,controlled_gt_jitter,8.0,-271.3487958724176,124.8326840633191,3.4808855240667547,4.876362347010517,0,0,6,-275.1875601705253,119.46702070437144,-274.8296813964844,119.9563217163086,-1,-275.18756103515625,119.4670181274414,-275.1875601705253,119.46702070437144,0.0,0,0.0,0.0,813,/yh/study/uav-sat/v36_GvsK/v36_training_data/routes/route_C/vi/vi_000813.jpg,-274.8296813964844,119.9563217163086,1812.6490374402183,0.31254522937873025,7,2.0602647622712924,2.0602647622712924,1,2.0602647622712924,141.928097808739,-2.3996829616211847e-06,1812.6490374402183,1.5008978531241566,-275.53122862572354,118.99714840375788,1.1883526237454394,7.436201895598058,1,0.0,0,0,0.5645733611619845,1.0,1812.71826171875,-5.678338527679443,1,1,6,18,1,143.09999451505354,-277.80133056640625,125.01802062988281,-278.5672912597656,127.1438217163086,1,-278.5672912597656,127.1438217163086,1819.908935546875,-3.282303810119629,0.778383731842041,0.16903580725193024,4.0,4.0,1,1815.9139404296875,-3.5764832496643066,5.077807995725368,19.54991912841797,7.987889289855957,0.5645733611619845,1815.9139404296875,-3.5764832496643066,1815.9139404296875,-0.7806481927931179,0.0,-2.7958350568711885,0.0,1,2.5753309528391153,2.5753217480833754,-0.006885528303220643,2.8869991302490234,-0.011724654585123062,0.687233567237854,0.043099161237478256,-0.7038507271655495,0.0,143.11410547243537,143.11410547243537,1.1860076636963601,3.2304928302764893,-0.029861358925700188,0.06213551611934582,1.0,1812.6490374402183,0.9187569887431825,7,7,8,156.49859123241328,0.17623041897965647,0.0,0.826734367977731,-275.1875601705253,119.46702070437144,2.141734483777557,2.0602647622712924,0.08146972150626475,0,0.6062117593644513,nan
GT+smooth-jitter_controlled_forward3x6_SoftMS_local_prior_3frame_causal_heading_continuous_waypoint_RNN_polynomial_Kalman,1,controlled_gt_jitter,8.0,-273.1422827514099,126.22415385835836,3.3094689575744978,4.997225147420864,0,0,6,-276.65317124173515,120.95154277483942,-276.4517517089844,121.2269287109375,-1,-276.6531677246094,120.95154571533203,-276.65317124173515,120.95154277483942,0.0,0,0.0,0.0,814,/yh/study/uav-sat/v36_GvsK/v36_training_data/routes/route_C/vi/vi_000814.jpg,-276.4517517089844,121.2269287109375,1814.7083902976651,0.24457433840855672,7,2.0604742739218436,2.0604742739218436,1,2.0604742739218436,141.9275410146825,-0.0005567940565032009,1814.7083902976651,0.9098666435519029,-276.8445088451923,120.68994111029785,0.6652923051433733,7.667747844659447,1,0.0,0,0,0.4143589051401988,1.0,1814.9873046875,-5.742666721343994,1,1,6,18,1,143.10493332879284,-277.80133056640625,125.01802062988281,-278.0777893066406,127.56744384765625,1,-278.0777893066406,127.56744384765625,1819.7640380859375,-3.9132072925567627,0.7800785303115845,0.060287073254585266,4.0,4.0,1,1815.7677001953125,-4.221479415893555,4.589964443824102,20.034114837646484,8.093360900878906,0.4143589051401988,1815.7677001953125,-4.221479415893555,1815.7677001953125,-1.1238255499294252,0.0,-3.097653865964129,0.0,0,2.5755928424023042,2.575577498658575,-0.00889034519127951,2.9677255153656006,-0.016649434342980385,0.7178939580917358,0.04136599227786064,-0.795102961611419,0.0,143.0228532379895,143.0228532379895,1.0953122233069936,3.3264083862304688,-0.04213012754917145,0.01202884050930031,1.0,1814.7083902976651,0.5857593937291803,7,7,8,154.43923837496646,0.1870703391808081,0.0,0.907251241443757,-276.65317124173515,120.95154277483942,2.086102008474066,2.0604742739218436,0.025627734552222226,0,0.34118505532064913,nan
GT+smooth-jitter_controlled_forward3x6_SoftMS_local_prior_3frame_causal_heading_continuous_waypoint_RNN_polynomial_Kalman,1,controlled_gt_jitter,8.0,-274.91445049799387,127.61979017824922,3.1336452051311294,5.111718278835161,0,0,6,-278.21848754010773,122.27510782244441,-278.048095703125,122.50807189941406,-1,-278.2184753417969,122.27510833740234,-278.21848754010773,122.27510782244441,0.0,0,0.0,0.0,815,/yh/study/uav-sat/v36_GvsK/v36_training_data/routes/route_C/vi/vi_000815.jpg,-278.048095703125,122.50807189941406,1816.7531983474055,0.15291160483587352,7,2.0468615041103138,2.0468615041103138,1,2.0468615041103138,141.25127314124967,-0.6762678734328389,1816.7531983474055,0.5738264409352717,-278.29658393053387,122.16833244028723,0.42091483609941227,8.305198500773963,1,0.0,0,0,0.31067593413952743,1.0,1817.2415771484375,-5.822944164276123,1,1,6,18,1,143.0762052863395,-277.80133056640625,125.01802062988281,-279.5267028808594,131.29364013671875,1,-279.5267028808594,131.29364013671875,1823.1331787109375,-6.0654191970825195,0.8489777445793152,0.03397171199321747,4.0,4.0,1,1819.136474609375,-6.377870559692383,6.952058790127375,20.20594596862793,8.12923812866211,0.31067593413952743,1819.136474609375,-6.377870559692383,1819.136474609375,-1.2887888503949485,0.0,-5.089081709297434,0.0,0,2.5585768801378923,2.558549052923115,-0.011932952793908647,3.0018231868743896,-0.018158236518502235,0.727706789970398,0.0410664901137352,-0.8615345554177266,0.0,142.9564216441832,142.9564216441832,1.705148502933525,3.3653318881988525,-0.048231739550828934,0.008790364062149393,1.0,1816.7531983474055,0.4415387679176896,7,7,8,152.3944303252261,0.1978336991391102,0.0,0.9549616827640759,-278.21848754010773,122.27510782244441,2.049887691848611,2.0468615041103138,0.0030261877382971036,0,0.2886271630818398,nan
GT+smooth-jitter_controlled_forward3x6_SoftMS_local_prior_3frame_causal_heading_continuous_waypoint_RNN_polynomial_Kalman,1,controlled_gt_jitter,8.0,-276.546795474872,128.89334957322365,2.953662288799904,5.2196740361142835,0,0,6,-279.38068381059986,123.83743354874036,-279.5004577636719,123.67367553710938,-1,-279.38067626953125,123.83743286132812,-279.38068381059986,123.83743354874036,0.0,0,0.0,0.0,816,/yh/study/uav-sat/v36_GvsK/v36_training_data/routes/route_C/vi/vi_000816.jpg,-279.5004577636719,123.67367553710938,1818.6135829562147,0.06950595496388472,7,1.8622533112131954,1.8622533112131954,1,1.8622533112131954,141.250963414419,-0.00030972683066125925,1818.6135829562147,0.42888302105476667,-279.7126169998535,123.38360600383344,0.35937706609087317,7.496355664857638,1,0.0,0,0,0.5692275332248584,1.0,1819.31103515625,-5.887232303619385,1,1,6,18,1,143.03428099824458,-282.5326843261719,125.0479507446289,-285.1694030761719,132.83822631835938,1,-285.1694030761719,132.83822631835938,1828.599609375,-3.9809412956237793,0.769921600818634,0.224616140127182,4.0,4.0,1,1824.6024169921875,-4.300355434417725,7.413624057964863,20.341753005981445,8.158835411071777,0.5692275332248584,1824.6024169921875,-4.300355434417725,1822.4289586725831,-1.86034240876625,2.1734583196044253,-2.4400130256514747,0.0,1,2.3278166390164943,2.3277822357242504,-0.012655746862922946,3.0290896892547607,-0.01833297498524189,0.734869122505188,0.041543785482645035,-0.8954538084445389,0.0,142.92250239115637,142.92250239115637,1.671538976737374,3.3961474895477295,-0.050642192363739014,0.08045561536201641,1.0,1818.6135829562147,-0.13337944669879337,7,7,8,150.53404571641687,0.2076263000671246,0.0,1.1668363780415654,-279.38068381059986,123.83743354874036,1.9471933253254532,1.8622533112131954,0.08494001411225782,0,0.20288540166269206,nan
GT+smooth-jitter_controlled_forward3x6_SoftMS_local_prior_3frame_causal_heading_continuous_waypoint_RNN_polynomial_Kalman,1,controlled_gt_jitter,8.0,-278.3286748319503,130.27706578582232,2.769774875080958,5.320934804377003,0,0,6,-280.70690379431744,125.49146256634879,-281.09844970703125,124.95613098144531,-1,-280.7069091796875,125.49146270751953,-280.70690379431744,125.49146256634879,0.0,0,0.0,0.0,817,/yh/study/uav-sat/v36_GvsK/v36_training_data/routes/route_C/vi/vi_000817.jpg,-281.09844970703125,124.95613098144531,1820.660495834373,-0.02224308850469438,7,2.0489680860736605,2.0489680860736605,1,2.0489680860736605,141.25149783438764,0.0005344199686327988,1820.660495834373,-0.14818019609280986,-281.02410239031605,125.05778053414927,0.12593710758813814,6.992670001597501,1,0.0,0,0,0.5494743721521274,1.0,1821.566162109375,-5.952155113220215,1,1,6,18,1,142.99515847509153,-282.5326843261719,125.0479507446289,-285.15826416015625,133.03431701660156,1,-285.15826416015625,133.03431701660156,1828.706298828125,-4.145791053771973,0.8058364391326904,0.14496666193008423,4.0,4.0,1,1824.708740234375,-4.476285457611084,6.018868344459922,20.559131622314453,8.207121849060059,0.5494743721521274,1824.708740234375,-4.476285457611084,1824.4215503577914,-2.40481291014382,0.2871898765836267,-2.0714725474672644,0.0,1,2.5612101075920757,2.5611673418676077,-0.014800749394016481,3.055347442626953,-0.02023232728242874,0.7450459003448486,0.04076661914587021,-0.9136764329850156,0.0,142.9042797666159,142.9042797666159,1.6527819322282646,3.4274368286132812,-0.054509807378053665,0.08386923947921088,1.0,1820.660495834373,-0.6854836991115227,7,7,8,148.48713283825856,0.2184007393176447,0.0,1.0063793565532926,-280.70690379431744,125.49146256634879,2.1200640170293297,2.0489680860736605,0.07109593095566913,0,0.6632406106068564,nan
GT+smooth-jitter_controlled_forward3x6_SoftMS_local_prior_3frame_causal_heading_continuous_waypoint_RNN_polynomial_Kalman,1,controlled_gt_jitter,8.0,-280.80856425913635,132.23026422141956,2.5822438463324215,5.415353332747689,0,0,6,-282.8158759740369,127.60097280156037,-283.39080810546875,126.81491088867188,-1,-282.8158874511719,127.6009750366211,-282.8158759740369,127.60097280156037,0.0,0,0.0,0.0,818,/yh/study/uav-sat/v36_GvsK/v36_training_data/routes/route_C/vi/vi_000818.jpg,-283.39080810546875,126.81491088867188,1823.608098105173,-0.16924861075403247,7,2.9512657912150386,2.9512657912150386,1,2.9512657912150386,140.96281420345304,-0.28868363093461236,1823.608098105173,-0.7044064825459138,-283.0748761887471,127.24686108457111,0.5351578717918611,6.7873866953782,1,0.0,0,0,0.5736658321655169,1.0,1824.7208251953125,-6.064660549163818,1,1,6,18,1,142.96335092445702,-291.8734436035156,144.1404266357422,-290.43109130859375,139.02528381347656,1,-290.43109130859375,139.02528381347656,1836.4990234375,-5.868544101715088,0.761851966381073,0.20854252576828003,4.0,4.0,1,1832.5013427734375,-6.2044291496276855,10.747706958529138,20.64411163330078,8.226003646850586,0.5736658321655169,1832.5013427734375,-6.2044291496276855,1827.4356791436282,-3.000955105619017,5.065663629809343,-3.2034740440086686,0.0,1,3.029371711202168,3.0293126106262207,-0.01892278343439102,3.064943313598633,-0.021111227571964264,0.7472705245018005,0.040348902344703674,-0.9238998387903494,0.0,142.89405636081057,142.89405636081057,1.9312421573575431,3.4381165504455566,-0.05638165399432182,0.08180807407066398,1.0,1823.608098105173,-1.1431276004887618,7,7,8,145.5395305674586,0.23391618305748962,0.0,0.11367752238359419,-282.8158759740369,127.60097280156037,2.9829175461774047,2.9512657912150386,0.03165175496236605,0,0.9738789897347173,nan
GT+smooth-jitter_controlled_forward3x6_SoftMS_local_prior_3frame_causal_heading_continuous_waypoint_RNN_polynomial_Kalman,1,controlled_gt_jitter,8.0,-283.2925020301353,134.17698732506133,2.3913358604896664,5.502792989123829,0,0,6,-284.9230410145259,129.71437528087202,-285.683837890625,128.6741943359375,-1,-284.92303466796875,129.71437072753906,-284.9230410145259,129.71437528087202,0.0,0,0.0,0.0,819,/yh/study/uav-sat/v36_GvsK/v36_training_data/routes/route_C/vi/vi_000819.jpg,-285.683837890625,128.6741943359375,1826.5565395488936,-0.31626420802214905,7,2.9521044244554875,2.9521044244554875,1,2.9521044244554875,140.96343017993047,0.0006159764774502424,1826.5565395488936,-1.1632540289438762,-285.1838151278624,129.3578382443169,0.8469898209217296,6.6007217897883645,1,0.0,0,0,0.5701165961063281,1.0,1827.875,-6.169549942016602,1,1,6,18,1,142.9390978298488,-291.8734436035156,144.1404266357422,-290.29180908203125,138.997314453125,1,-290.29180908203125,138.997314453125,1836.3701171875,-5.928194522857666,0.7683051228523254,0.20258784294128418,4.0,4.0,1,1832.372314453125,-6.266264915466309,8.32020108863203,20.70128631591797,8.238256454467773,0.5701165961063281,1832.372314453125,-6.266264915466309,1830.374360188186,-3.4539464125193176,1.997954264938973,-2.812318502946991,0.0,1,3.0489760926078673,3.0489096641540527,-0.020126428455114365,3.0779824256896973,-0.021471893414855003,0.7512813210487366,0.04040304198861122,-0.9432827417160821,0.0,142.87467345788482,142.87467345788482,1.9112432779543602,3.453134059906006,-0.05812597647309303,0.08629946766915203,1.0,1826.5565395488936,-1.6049799582506694,7,7,8,142.59108912373796,0.24943604399444685,0.0,0.12587800123420978,-284.9230410145259,129.71437528087202,2.984395172797941,2.9521044244554875,0.03229074834245349,0,1.2887157502285094,nan
GT+smooth-jitter_controlled_forward3x6_SoftMS_local_prior_3frame_causal_heading_continuous_waypoint_RNN_polynomial_Kalman,1,controlled_gt_jitter,8.0,-284.92670053754335,135.47561456771183,2.1973228999566516,5.583127995446199,0,0,6,-286.13832616403477,131.24015709187853,-287.1240234375,129.89248657226562,-1,-286.1383361816406,131.2401580810547,-286.13832616403477,131.24015709187853,0.0,0,0.0,0.0,820,/yh/study/uav-sat/v36_GvsK/v36_training_data/routes/route_C/vi/vi_000820.jpg,-287.1240234375,129.89248657226562,1828.4382007997735,-0.4493856543101203,7,1.886364329212421,1.886364329212421,1,1.886364329212421,139.77120763127874,-1.1922225486517226,1828.4382007997735,-1.6210330067054464,-286.43233821099903,130.83817630247063,1.1716473523952948,6.331132878516019,1,0.0,0,0,0.5899225043094531,1.0,1829.960693359375,-6.25297737121582,1,1,6,18,1,142.91654934768619,-291.8734436035156,144.1404266357422,-294.2760009765625,140.01365661621094,1,-294.2760009765625,140.01365661621094,1840.1859130859375,-4.396451473236084,0.7322943806648254,0.19215716421604156,4.0,4.0,1,1836.1881103515625,-4.72856330871582,8.85282211833458,20.718788146972656,8.24024772644043,0.5899225043094531,1836.1881103515625,-4.72856330871582,1832.3104876866246,-3.9444051388160446,3.877622664937964,-0.7841581698997757,0.0,1,2.357955411515526,2.357900766005784,-0.01605304845477692,3.0859110355377197,-0.021751821041107178,0.7530161142349243,0.040372949093580246,-0.9797008834837669,0.0,142.83825531611714,142.83825531611714,3.067047684838398,3.461886167526245,-0.06076616048812866,0.10233167425886985,1.0,1828.4382007997735,-2.119060755744718,7,7,8,140.70942787285804,0.25934063986366845,0.0,1.1995467063252987,-286.13832616403477,131.24015709187853,1.9506224979260105,1.886364329212421,0.06425816871358947,0,1.6696751014345617,nan
GT+smooth-jitter_controlled_forward3x6_SoftMS_local_prior_3frame_causal_heading_continuous_waypoint_RNN_polynomial_Kalman,1,controlled_gt_jitter,8.0,-286.70740393162225,136.88855870647342,2.0004818105652724,5.656243642996856,0,0,6,-287.45843272944563,132.94059917487945,-288.7078857421875,131.23231506347656,-1,-287.45843505859375,132.9405975341797,-287.45843272944563,132.94059917487945,0.0,0,0.0,0.0,821,/yh/study/uav-sat/v36_GvsK/v36_training_data/routes/route_C/vi/vi_000821.jpg,-288.7078857421875,131.23231506347656,1830.5075793410733,-0.595784557580383,7,2.0745505985804678,2.0745505985804678,1,2.0745505985804678,139.7712884629113,8.083163254387908e-05,1830.5075793410733,-2.1370594023868827,-287.7979899122257,132.47634791105395,1.541274844806514,5.870278097734429,1,0.0,0,0,0.6009545551574603,1.0,1832.2320556640625,-6.3421854972839355,1,1,6,18,1,142.88914641529269,-291.8734436035156,144.1404266357422,-294.44671630859375,140.11354064941406,1,-294.44671630859375,140.11354064941406,1840.3826904296875,-4.376290321350098,0.7122361063957214,0.19188208878040314,4.0,4.0,1,1836.3848876953125,-4.710522651672363,7.17452598251493,20.705402374267578,8.236621856689453,0.6009545551574603,1836.3848876953125,-4.710522651672363,1834.4102043677563,-4.478634418396693,1.9746833275561597,-0.23188823327567043,0.0,1,2.5931882482255846,2.593125785505656,-0.01799864664216475,3.08539080619812,-0.021142207086086273,0.7505518794059753,0.04082714021205902,-0.9833416944765011,0.0,142.83461450512442,142.83461450512442,3.06332604221312,3.460144519805908,-0.06011947989463806,0.13307147900921687,1.0,1830.5075793410733,-2.712236172033535,7,7,8,138.64004933155826,0.2702333327659797,0.0,1.0108402076176524,-287.45843272944563,132.94059917487945,2.152715638834213,2.0745505985804678,0.07816504025374504,0,2.1164516144531365,nan
GT+smooth-jitter_controlled_forward3x6_SoftMS_local_prior_3frame_causal_heading_continuous_waypoint_RNN_polynomial_Kalman,1,controlled_gt_jitter,8.0,-288.4885790200398,138.2924252812368,1.801093831522664,5.722036487291496,0,0,6,-289.0610787612015,134.25015405324174,-290.2896728515625,132.5703887939453,-1,-289.0610656738281,134.25015258789062,-289.0610787612015,134.25015405324174,0.0,0,0.0,0.0,822,/yh/study/uav-sat/v36_GvsK/v36_training_data/routes/route_C/vi/vi_000822.jpg,-290.2896728515625,132.5703887939453,1832.5742469702798,-0.7419922110921965,7,2.071832948757084,2.071832948757084,1,2.071832948757084,139.77127371398396,-1.4748927327199692e-05,1832.5742469702798,-2.730084958885776,-289.11599684764263,134.17506864103387,1.9880927477935921,6.5133567566170605,1,0.0,0,0,0.30842981803778563,1.0,1834.49853515625,-6.423788070678711,1,1,6,18,1,142.870060198709,-301.3056945800781,148.95843505859375,-294.2188415527344,144.87985229492188,1,-294.2188415527344,144.87985229492188,1843.0125732421875,-8.35792350769043,0.7425041198730469,0.009649068117141724,4.0,4.0,1,1839.0146484375,-8.696348190307617,10.234771619486766,20.829078674316406,8.263753890991211,0.30842981803778563,1839.0146484375,-8.696348190307617,1835.6724289698836,-4.588994158648122,3.342219467616316,-4.107354031659495,0.0,0,2.589791185946355,2.5897296784825503,-0.017848786852241002,3.106767177581787,-0.022328399121761322,0.7593903541564941,0.040455158799886703,-1.0106006592889045,0.0,142.80735554031202,142.80735554031202,3.0360818263280436,3.4858829975128174,-0.06359260529279709,0.014699410152161045,1.0,1832.5742469702798,-2.8231108442337804,7,7,8,136.5733817023518,0.2811117561026563,0.0,1.034934228824703,-289.0610787612015,134.25015405324174,2.0696396504090417,2.071832948757084,0.0,0,2.0811186331416125,nan
GT+smooth-jitter_controlled_forward3x6_SoftMS_local_prior_3frame_causal_heading_continuous_waypoint_RNN_polynomial_Kalman,1,controlled_gt_jitter,8.0,-290.1858952381851,139.57535165596656,1.5994441172836436,5.7804145221774945,0,0,6,-290.54193864855887,135.494946377882,-291.78533935546875,133.79493713378906,-1,-290.54193115234375,135.4949493408203,-290.54193864855887,135.494946377882,0.0,0,0.0,0.0,823,/yh/study/uav-sat/v36_GvsK/v36_training_data/routes/route_C/vi/vi_000823.jpg,-291.78533935546875,133.79493713378906,1834.504382726349,-0.8474099072556732,7,1.9330123971462854,1.9330123971462854,1,1.9330123971462854,140.6917543003347,0.9204805863507345,1834.504382726349,-2.8401569918182674,-290.6089156510776,135.40337370722906,1.992747084562612,7.193091797352705,1,0.0,0,0,0.2893949584997073,1.0,1836.6258544921875,-6.457281112670898,1,1,6,18,1,142.8481135202453,-301.3056945800781,148.95843505859375,-299.0190734863281,144.9973602294922,1,-299.0190734863281,144.9973602294922,1846.9564208984375,-5.61893892288208,0.7403687238693237,0.0015653371810913086,4.0,4.0,1,1842.95849609375,-5.9524078369140625,9.875881565241878,20.81490707397461,8.260221481323242,0.2893949584997073,1842.95849609375,-5.9524078369140625,1837.5502188622231,-4.6676586733427845,5.408277231526883,-1.284749163571278,0.0,0,2.4162654964328567,2.4162053675348973,-0.017046147584487012,3.1077523231506348,-0.02228442393243313,0.757433295249939,0.040513522922992706,-1.0143183099098014,0.0,142.80363788969112,142.80363788969112,2.1118835893564123,3.485886812210083,-0.06374575942754745,0.01427818825318557,1.0,1834.504382726349,-2.953609505571385,7,7,8,134.64324594628266,0.29127150968617715,0.0,1.1747399260043494,-290.54193864855887,135.494946377882,1.9345423069727419,1.9330123971462854,0.0015299098264565103,0,2.106199598315753,nan
GT+smooth-jitter_controlled_forward3x6_SoftMS_local_prior_3frame_causal_heading_continuous_waypoint_RNN_polynomial_Kalman,1,controlled_gt_jitter,8.0,-291.8868630738692,140.85214083865262,1.3958212523026439,5.831297332793233,0,0,6,-291.95888567863113,136.83077487040725,-293.2826843261719,135.02084350585938,-1,-291.9588928222656,136.83078002929688,-291.95888567863113,136.83077487040725,0.0,0,0.0,0.0,824,/yh/study/uav-sat/v36_GvsK/v36_training_data/routes/route_C/vi/vi_000824.jpg,-293.2826843261719,135.02084350585938,1836.436674967162,-0.9529328453617031,7,1.935171412142226,1.935171412142226,1,1.935171412142226,140.69212497372024,0.00037067338552314153,1836.436674967162,-2.970828842830132,-292.0914138921023,136.6495789077927,2.0178959974684423,7.683091170852292,1,0.0,0,0,0.3256128119266406,1.0,1838.7525634765625,-6.483664512634277,1,1,6,18,1,142.83254709224002,-301.3056945800781,148.95843505859375,-299.19281005859375,144.86068725585938,1,-299.19281005859375,144.86068725585938,1847.0159912109375,-5.406058311462402,0.7492247819900513,0.018000811338424683,4.0,4.0,1,1843.0179443359375,-5.744614601135254,8.140842742185596,20.900867462158203,8.278343200683594,0.3256128119266406,1843.0179443359375,-5.744614601135254,1839.5821101999602,-4.858089982509089,3.435834135977304,-0.886524618626165,0.0,0,2.4189642651777827,2.418902976688288,-0.017219337258746994,3.1249561309814453,-0.023023320361971855,0.7654091715812683,0.04038393869996071,-1.0444346416727974,0.0,142.77352155792812,142.77352155792812,2.081396584207893,3.507026433944702,-0.0667678639292717,0.024014960089065483,1.0,1836.436674967162,-3.1953187184006655,7,7,8,132.71095370546965,0.30144261446794157,0.0,1.1897847188392192,-291.95888567863113,136.83077487040725,1.947351187503913,1.935171412142226,0.012179775361686795,0,2.242385873038992,nan
GT+smooth-jitter_controlled_forward3x6_SoftMS_local_prior_3frame_causal_heading_continuous_waypoint_RNN_polynomial_Kalman,1,controlled_gt_jitter,8.0,-293.73560018372257,142.24099501126867,1.1905167596368034,5.8746162270889695,0,0,6,-293.58250929586137,138.20339352004672,-294.9261169433594,136.3663787841797,-1,-293.58251953125,138.20339965820312,-293.58250929586137,138.20339352004672,0.0,0,0.0,0.0,825,/yh/study/uav-sat/v36_GvsK/v36_training_data/routes/route_C/vi/vi_000825.jpg,-294.9261169433594,136.3663787841797,1838.557504427518,-1.0687704581043016,7,2.1239905725874295,2.1239905725874295,1,2.1239905725874295,140.69162364377434,-0.0005013299459045015,1838.557504427518,-3.214582823226578,-293.6593307309689,138.09836128940572,2.1458123651222607,8.392685075794763,1,0.0,0,0,0.2708697425163165,1.0,1841.064697265625,-6.5132646560668945,1,1,6,18,1,142.81188811787825,-301.3056945800781,148.95843505859375,-299.47027587890625,148.24636840820312,1,-299.47027587890625,148.24636840820312,1849.2386474609375,-7.974992275238037,0.8255986571311951,0.01290583610534668,4.0,4.0,1,1845.2406005859375,-8.313749313354492,9.856647141685798,20.869449615478516,8.271781921386719,0.2708697425163165,1845.2406005859375,-8.313749313354492,1841.552396219438,-5.0115178983785,3.6882043664995328,-3.3022314149759913,0.0,0,2.654988215734287,2.654918326418571,-0.019264104825912728,3.11692476272583,-0.022578498348593712,0.7599531412124634,0.04054858535528183,-1.0239098164952034,0.0,142.79404638310572,142.79404638310572,2.102422739331392,3.4963016510009766,-0.0647922232747078,0.011698222230219256,1.0,1838.557504427518,-3.344710846209342,7,7,8,130.5901242451135,0.31260613218535444,0.0,0.9929341901384006,-293.58250929586137,138.20339352004672,2.1260845721104,2.1239905725874295,0.0020939995229705133,0,2.2759403881050426,nan
GT+smooth-jitter_controlled_forward3x6_SoftMS_local_prior_3frame_causal_heading_continuous_waypoint_RNN_polynomial_Kalman,1,controlled_gt_jitter,8.0,-295.4635020557742,143.51196839839076,0.9838246043820262,5.910314345656403,0,0,6,-295.0447796915369,139.51925213569956,-296.44732666015625,137.60165405273438,-1,-295.0447692871094,139.51925659179688,-295.0447796915369,139.51925213569956,0.0,0,0.0,0.0,826,/yh/study/uav-sat/v36_GvsK/v36_training_data/routes/route_C/vi/vi_000826.jpg,-296.44732666015625,137.60165405273438,1840.5145899412578,-1.1677668393047984,7,1.9595877095909955,1.9595877095909955,1,1.9595877095909955,140.92219896539902,0.2305753216246813,1840.5145899412578,-3.362467458631678,-295.15167913287144,139.37309648575737,2.194700619326857,8.992431412644812,1,0.0,0,0,0.2836672486699,1.0,1843.209716796875,-6.5190534591674805,1,1,6,18,1,142.80564351070788,-301.3056945800781,148.95843505859375,-303.5483093261719,148.00283813476562,1,-303.5483093261719,148.00283813476562,1852.386474609375,-5.370949745178223,0.8396735191345215,0.021121308207511902,4.0,4.0,1,1848.3883056640625,-5.717413425445557,9.093661712551553,20.906171798706055,8.280689239501953,0.2836672486699,1848.3883056640625,-5.717413425445557,1843.5446748751,-5.180518418937013,4.843630788962493,-0.5368950065085434,0.0,0,2.4494846369887444,2.4494202762203066,-0.01775661242233606,3.1196954250335693,-0.02305028773844242,0.7628244757652283,0.04029973968863487,-1.016494899099214,0.0,142.8014613005017,142.8014613005017,1.8792623351026998,3.500505208969116,-0.06501049548387527,0.013919952335045132,1.0,1840.5145899412578,-3.543544692340527,7,7,8,128.6330387313738,0.32290774257672267,0.0,1.1601077154425739,-295.0447796915369,139.51925213569956,1.9671600358021037,1.9595877095909955,0.00757232621110826,0,2.3757778530357236,nan
GT+smooth-jitter_controlled_forward3x6_SoftMS_local_prior_3frame_causal_heading_continuous_waypoint_RNN_polynomial_Kalman,1,controlled_gt_jitter,8.0,-297.1934722465171,144.77606952798035,0.7760406929360166,5.938346749660037,0,0,6,-296.4549618335672,140.908455782049,-297.9695129394531,138.8377227783203,-1,-296.4549560546875,140.90846252441406,-296.4549618335672,140.908455782049,0.0,0,0.0,0.0,827,/yh/study/uav-sat/v36_GvsK/v36_training_data/routes/route_C/vi/vi_000827.jpg,-297.9695129394531,138.8377227783203,1842.4729321024267,-1.2668271393215282,7,1.9608459815220847,1.9608459815220847,1,1.9608459815220847,140.92218866109937,-1.0304299634133494e-05,1842.4729321024267,-3.561500611824934,-296.6148461642248,140.68985783643654,2.2946734725033897,9.32515496533301,1,0.0,0,0,0.28790541160468014,1.0,1845.352294921875,-6.518074035644531,1,1,6,18,1,142.80417971579138,-301.3056945800781,148.95843505859375,-303.4207763671875,148.117919921875,1,-303.4207763671875,148.117919921875,1852.3514404296875,-5.539126873016357,0.8327570557594299,0.02129495143890381,4.0,4.0,1,1848.353271484375,-5.886981010437012,7.4782493298683255,20.922285079956055,8.284004211425781,0.28790541160468014,1848.353271484375,-5.886981010437012,1845.5146719843397,-5.386544540972656,2.8385995000353903,-0.5004364694643555,0.0,0,2.4510574769026054,2.4509917054195913,-0.017955919484407203,3.123939037322998,-0.02330436185002327,0.7648974061012268,0.04021469131112099,-1.0230571100660095,0.0,142.7948990895349,142.7948990895349,1.8727104284355385,3.5057718753814697,-0.06580224633216858,0.01836628846271334,1.0,1842.4729321024267,-3.8323290834002273,7,7,8,126.67469657020484,0.33321596764697176,0.0,1.1630930558009134,-296.4549618335672,140.908455782049,1.9795202562064724,1.9608459815220847,0.01867427468438776,0,2.5655019440786813,nan
GT+smooth-jitter_controlled_forward3x6_SoftMS_local_prior_3frame_causal_heading_continuous_waypoint_RNN_polynomial_Kalman,1,controlled_gt_jitter,8.0,-298.9236570156749,146.0319989681559,0.5674623690906915,5.958680486710595,0,0,6,-297.812356323874,142.36856626946584,-299.4911193847656,140.0733184814453,-1,-297.8123474121094,142.36856079101562,-297.812356323874,142.36856626946584,0.0,0,0.0,0.0,828,/yh/study/uav-sat/v36_GvsK/v36_training_data/routes/route_C/vi/vi_000828.jpg,-299.4911193847656,140.0733184814453,1844.430527003176,-1.3658479480335322,7,1.9600976802183878,1.9600976802183878,1,1.9600976802183878,140.92223805888818,4.9397788809091066e-05,1844.430527003176,-3.8504587947672797,-298.02432255995626,142.0787606108612,2.484610846733738,9.25421736379709,1,0.0,0,0,0.2856455342805758,1.0,1847.490234375,-6.510372161865234,1,1,6,18,1,142.8009315339542,-301.3056945800781,148.95843505859375,-303.43505859375,148.1715545654297,1,-303.43505859375,148.1715545654297,1852.3946533203125,-5.573986530303955,0.829460859298706,0.019665837287902832,4.0,4.0,1,1848.396484375,-5.917998790740967,6.037457674376534,20.89681053161621,8.277725219726562,0.2856455342805758,1848.396484375,-5.917998790740967,1847.4660522224476,-5.67177392633023,0.930432152552477,-0.246224864410737,0.0,1,2.450122100272985,2.450055023833516,-0.018129711367052628,3.1211535930633545,-0.02324623055756092,0.7620293498039246,0.04018068313598633,-1.01900381968043,0.0,142.79895237992048,142.79895237992048,1.8767143210323087,3.501558303833008,-0.06543806940317154,0.024614705886148763,1.0,1844.430527003176,-4.209508937502479,7,7,8,124.71710166945564,0.3435202593246066,0.0,1.1610559128449667,-297.812356323874,142.36856626946584,1.9936003706309429,1.9600976802183878,0.03350269041255505,0,2.84366098946893,nan
GT+smooth-jitter_controlled_forward3x6_SoftMS_local_prior_3frame_causal_heading_continuous_waypoint_RNN_polynomial_Kalman,1,controlled_gt_jitter,8.0,-300.74149612524235,147.39538215898227,0.3583879079607485,5.971294634568206,0,0,6,-299.3998831688915,143.74837218038684,-301.0998840332031,141.42408752441406,-1,-299.3998718261719,143.7483673095703,-299.3998831688915,143.74837218038684,0.0,0,0.0,0.0,829,/yh/study/uav-sat/v36_GvsK/v36_training_data/routes/route_C/vi/vi_000829.jpg,-301.0998840332031,141.42408752441406,1846.5264641405408,-1.5063763000470929,7,2.100642925750339,2.100642925750339,1,2.100642925750339,139.98213092283706,-0.9401071360511101,1846.5264641405408,-4.229008275461711,-299.4925707825536,143.62164730467867,2.7226319754146178,9.847752713834373,1,0.0,0,0,0.24385430831078442,1.0,1849.7623291015625,-6.537654399871826,1,1,6,18,1,142.800238803362,-301.2447204589844,158.47474670410156,-307.5966796875,151.99948120117188,1,-307.5966796875,151.99948120117188,1858.0135498046875,-6.206855297088623,0.8670914173126221,0.01122806966304779,4.0,4.0,1,1854.015380859375,-6.558926105499268,9.033943389141307,20.91811752319336,8.282803535461426,0.24385430831078442,1854.015380859375,-6.558926105499268,1849.4470634883955,-5.981367884174505,4.568317370979504,-0.5775582213247628,0.0,0,2.625803657187924,2.625731254702322,-0.01949933795923217,3.121976375579834,-0.023516032844781876,0.7640803456306458,0.040044963359832764,-1.0140965422051875,0.0,142.80385965739572,142.80385965739572,2.8217287345586612,3.503406047821045,-0.06550849229097366,0.009794072627697903,1.0,1846.5264641405408,-4.386012058376739,7,7,8,122.62116453209075,0.35455275005756126,0.0,1.0213334498294948,-299.3998831688915,143.74837218038684,2.1033558508877657,2.100642925750339,0.0027129251374264918,0,2.879635758329642,nan
GT+smooth-jitter_controlled_forward3x6_SoftMS_local_prior_3frame_causal_heading_continuous_waypoint_RNN_polynomial_Kalman,1,controlled_gt_jitter,8.0,-302.41375020217566,148.6286156253447,0.14911600876182166,5.976180322610321,0,0,6,-300.77536692854125,145.09635003351764,-302.5628662109375,142.65243530273438,-1,-300.7753601074219,145.09634399414062,-300.77536692854125,145.09635003351764,0.0,0,0.0,0.0,830,/yh/study/uav-sat/v36_GvsK/v36_training_data/routes/route_C/vi/vi_000830.jpg,-302.5628662109375,142.65243530273438,1848.4324619031443,-1.6341559769255356,7,1.9102761886368322,1.9102761886368322,1,1.9102761886368322,139.9825386282851,0.0004077054480524059,1848.4324619031443,-4.403883743135298,-300.92774983108114,144.88800823226245,2.769727766209758,10.120458177055932,1,0.0,0,0,0.2586252482569591,1.0,1851.8402099609375,-6.545833110809326,1,1,6,18,1,142.80150612361814,-301.2447204589844,158.47474670410156,-307.5970458984375,151.9686279296875,1,-307.5970458984375,151.9686279296875,1857.99560546875,-6.181735992431641,0.868554413318634,0.01745830476284027,4.0,4.0,1,1853.9974365234375,-6.531225204467773,7.412842204164895,20.902843475341797,8.27880859375,0.2586252482569591,1853.9974365234375,-6.531225204467773,1851.393681335851,-6.180615402759281,2.6037551875866045,-0.3506098017084931,0.0,0,2.3878452357960405,2.3877783550819243,-0.01787168475855833,3.1208152770996094,-0.023469530045986176,0.7625753879547119,0.04003744199872017,-1.0115733209153968,0.0,142.80638287868553,142.80638287868553,2.8238442504003998,3.5014960765838623,-0.06527768820524216,0.014504824279349874,1.0,1848.4324619031443,-4.662005526673099,7,7,8,120.71516676948733,0.3645854472592492,0.0,1.2105390884627771,-300.77536692854125,145.09635003351764,1.925876388969786,1.9102761886368322,0.01560020033295384,0,3.027849549747568,nan
GT+smooth-jitter_controlled_forward3x6_SoftMS_local_prior_3frame_causal_heading_continuous_waypoint_RNN_polynomial_Kalman,1,controlled_gt_jitter,8.0,-304.0855063727055,149.8537881187426,-0.06005471254922795,5.973340731047305,0,0,6,-302.4099011676887,146.08926933562515,-304.02545166015625,143.8804473876953,-1,-302.409912109375,146.08926391601562,-302.4099011676887,146.08926933562515,0.0,0,0.0,0.0,831,/yh/study/uav-sat/v36_GvsK/v36_training_data/routes/route_C/vi/vi_000831.jpg,-304.02545166015625,143.8804473876953,1850.3379412706702,-1.761898910231677,7,1.9097564968017575,1.9097564968017575,1,1.9097564968017575,139.98259819582952,5.9567544390089364e-05,1850.3379412706702,-4.679919173141495,-302.30279039833636,146.23571391863769,2.918020262909809,9.573180205343874,1,0.0,0,0,0.4100579621231929,1.0,1853.912841796875,-6.547799587249756,1,1,6,18,1,142.8032130305804,-301.2447204589844,158.47474670410156,-312.3737487792969,152.20382690429688,1,-312.3737487792969,152.20382690429688,1861.989990234375,-3.551635980606079,0.8567993640899658,0.0754452794790268,4.0,4.0,1,1857.9918212890625,-3.898919105529785,7.946617812066775,20.919212341308594,8.281740188598633,0.4100579621231929,1857.9918212890625,-3.898919105529785,1853.7156006665089,-3.898919105529785,4.276220622553548,0.0,0.0,1,2.387195621002197,2.387128407564677,-0.017913646468396587,3.126819610595703,-0.023598525673151016,0.7646361589431763,0.04006975516676903,-1.0245455576965434,0.0,142.7934106419044,142.7934106419044,2.810812446074863,3.5085129737854004,-0.06630904972553253,0.025970557206123065,1.0,1850.3379412706702,-4.498483970369355,7,7,8,118.80968740196141,0.37461541575844565,0.0,1.2170631137939456,-302.4099011676887,146.08926933562515,1.9124829200395532,1.9097564968017575,0.0027264232377957054,0,2.7365850601376684,nan
GT+smooth-jitter_controlled_forward3x6_SoftMS_local_prior_3frame_causal_heading_continuous_waypoint_RNN_polynomial_Kalman,1,controlled_gt_jitter,8.0,-305.84350274343205,151.10884819682238,-0.2688262297601773,5.962791067916142,0,0,6,-304.10905482686974,147.1498925795865,-305.5746765136719,145.14605712890625,-1,-304.10906982421875,147.14988708496094,-304.10905482686974,147.1498925795865,0.0,0,0.0,0.0,832,/yh/study/uav-sat/v36_GvsK/v36_training_data/routes/route_C/vi/vi_000832.jpg,-305.5746765136719,145.14605712890625,1852.3355471112625,-1.8688408076802252,7,2.0004663615763514,2.0004663615763514,1,2.0004663615763514,140.75354996609207,0.7709517702625573,1852.3355471112625,-4.517307482874664,-304.0111469513278,147.28375473083494,2.6484666751944395,8.735977887792728,1,0.0,0,0,0.4169935973322765,1.0,1856.0726318359375,-6.522977828979492,1,1,6,18,1,142.79978224790466,-301.2447204589844,158.47474670410156,-312.3631591796875,152.18064880371094,1,-312.3631591796875,152.18064880371094,1861.9677734375,-3.539179563522339,0.8557021617889404,0.07797814905643463,4.0,4.0,1,1857.9696044921875,-3.8893465995788574,5.985402762275156,20.94318199157715,8.286827087402344,0.4169935973322765,1857.9696044921875,-3.8893465995788574,1855.7322795039263,-3.8893465995788574,2.2373249882612543,0.0,0.0,1,2.5005829519704386,2.5005121025626242,-0.018823512505309274,3.1308767795562744,-0.023712266236543655,0.7669539451599121,0.04009098559617996,-1.0303269926638419,0.0,142.78762920693708,142.78762920693708,2.0340792408450072,3.513719320297241,-0.06685998290777206,0.034024054925730615,1.0,1852.3355471112625,-4.351461085174878,7,7,8,116.8120815613691,0.38513031505172246,0.0,1.130410417979923,-304.10905482686974,147.1498925795865,2.0030089423513293,2.0004663615763514,0.0025425807749779317,0,2.4826202774946537,nan
GT+smooth-jitter_controlled_forward3x6_SoftMS_local_prior_3frame_causal_heading_continuous_waypoint_RNN_polynomial_Kalman,1,controlled_gt_jitter,8.0,-307.60095556608263,152.35633220557082,-0.47690161100449163,5.944558523930208,0,0,6,-305.4765069037056,148.66434214315663,-307.1240539550781,146.41177368164062,-1,-305.47650146484375,148.66433715820312,-305.4765069037056,148.66434214315663,0.0,0,0.0,0.0,833,/yh/study/uav-sat/v36_GvsK/v36_training_data/routes/route_C/vi/vi_000833.jpg,-307.1240539550781,146.41177368164062,1854.3333391689393,-1.9757788368753348,7,2.00065210564065,2.00065210564065,1,2.00065210564065,140.75394568229265,0.0003957162005697806,1854.3333391689393,-4.370349423581748,-305.7104126446169,148.34454023248867,2.394570586706432,8.520213366604759,1,0.0,0,0,0.3824687899983302,1.0,1858.2276611328125,-6.492361545562744,1,1,6,18,1,142.7955286408773,-301.2142333984375,163.23291015625,-312.5344543457031,156.42063903808594,1,-312.5344543457031,156.42063903808594,1864.609130859375,-6.8603434562683105,0.8834927082061768,0.07028214633464813,4.0,4.0,1,1860.6109619140625,-7.210916519165039,8.17405736966763,20.94192886352539,8.286392211914062,0.3824687899983302,1860.6109619140625,-7.210916519165039,1857.6351283414347,-6.3514229270789935,2.975833572627745,-0.8594935920860456,0.0,1,2.5008151320508127,2.5007438004254956,-0.018888338406869706,3.1300103664398193,-0.023755338042974472,0.766133725643158,0.04004626348614693,-1.026443816677278,0.0,142.79151238292363,142.79151238292363,2.037566700631001,3.512446880340576,-0.06666440516710281,0.03544154014044658,1.0,1854.3333391689393,-4.7665629489669294,7,7,8,114.81428950369224,0.39564619454532257,0.0,1.1293582607991692,-305.4765069037056,148.66434214315663,2.0404613848442636,2.00065210564065,0.039809279203613546,0,2.790784112091582,nan
GT+smooth-jitter_controlled_forward3x6_SoftMS_local_prior_3frame_causal_heading_continuous_waypoint_RNN_polynomial_Kalman,1,controlled_gt_jitter,8.0,-309.3561046610999,153.59511958324018,-0.6839855204748985,5.918682205310501,0,0,6,-307.165998334976,149.73564425958526,-308.672119140625,147.6764373779297,-1,-307.1659851074219,149.7356414794922,-307.165998334976,149.73564425958526,0.0,0,0.0,0.0,834,/yh/study/uav-sat/v36_GvsK/v36_training_data/routes/route_C/vi/vi_000834.jpg,-308.672119140625,147.6764373779297,1856.3294504886921,-2.082641751714374,7,1.9989697555025174,1.9989697555025174,1,1.9989697555025174,140.7535205826546,-0.00042509963802640234,1856.3294504886921,-4.785485510740305,-307.0764879177689,149.8580251910493,2.702843759025924,8.445193396501544,1,0.0,0,0,0.41724332216743387,1.0,1860.3756103515625,-6.456086158752441,1,1,6,18,1,142.79412290256877,-305.94561767578125,163.26283264160156,-317.80810546875,156.27017211914062,1,-317.80810546875,156.27017211914062,1868.77685546875,-3.625580310821533,0.9083226323127747,0.08965454250574112,4.0,4.0,1,1864.7786865234375,-3.9763991832733154,8.658862903431515,20.921144485473633,8.281851768493652,0.41724332216743387,1864.7786865234375,-3.9763991832733154,1859.7268696246526,-3.9763991832733154,5.051816898784911,0.0,0.0,1,2.4987121943781467,2.498640543773751,-0.018922561773375274,3.12735652923584,-0.023777443915605545,0.7643733024597168,0.03999173268675804,-1.0177808956538805,0.0,142.80017530394704,142.80017530394704,2.046654721292425,3.5089223384857178,-0.06611991673707962,0.02733324112573726,1.0,1856.3294504886921,-4.633863588926227,7,7,8,112.81817818393944,0.40615322705337087,0.0,1.1283867737333224,-307.165998334976,149.73564425958526,2.0005173133468386,1.9989697555025174,0.0015475578443211457,0,2.551221837211821,nan
GT+smooth-jitter_controlled_forward3x6_SoftMS_local_prior_3frame_causal_heading_continuous_waypoint_RNN_polynomial_Kalman,1,controlled_gt_jitter,8.0,-311.1727131830496,154.8316699539503,-0.8897847162527328,5.885213044770601,0,0,6,-308.883648869721,150.85958775821362,-310.2829284667969,148.9464569091797,-1,-308.8836364746094,150.85958862304688,-308.883648869721,150.85958775821362,0.0,0,0.0,0.0,835,/yh/study/uav-sat/v36_GvsK/v36_training_data/routes/route_C/vi/vi_000835.jpg,-310.2829284667969,148.9464569091797,1858.3793672825998,-2.1567864284912712,7,2.0512572474067605,2.0512572474067605,1,2.0512572474067605,141.7464936052307,0.9929730225761007,1858.3793672825998,-4.653323272595548,-308.8090910967452,150.96152505209923,2.496536844104266,8.169594039164092,1,0.0,0,0,0.41144850346807393,1.0,1862.5718994140625,-6.3817219734191895,1,1,6,18,1,142.79624122170682,-305.94561767578125,163.26283264160156,-317.73272705078125,156.3312530517578,1,-317.73272705078125,156.3312530517578,1868.7520751953125,-3.719381332397461,0.9062243103981018,0.08687498420476913,4.0,4.0,1,1864.7537841796875,-4.073061943054199,6.656222849754204,20.94807243347168,8.287521362304688,0.41144850346807393,1864.7537841796875,-4.073061943054199,1861.760850667137,-4.073061943054199,2.9929335125505094,0.0,0.0,1,2.5640715592584504,2.5639977148409376,-0.01945968366932191,3.1308302879333496,-0.02398291975259781,0.7667965888977051,0.03991944342851639,-1.022832247431928,0.0,142.79512395216898,142.79512395216898,1.0486303469382772,3.513597011566162,-0.06675449758768082,0.03214716547638037,1.0,1858.3793672825998,-4.527029672615869,7,7,8,110.7682613900318,0.41694347816774713,0.0,1.079573040526589,-308.883648869721,150.85958775821362,2.052698796126411,2.0512572474067605,0.0014415487196504095,0,2.3702432441245525,nan
GT+smooth-jitter_controlled_forward3x6_SoftMS_local_prior_3frame_causal_heading_continuous_waypoint_RNN_polynomial_Kalman,1,controlled_gt_jitter,8.0,-312.98884496904816,156.0615446234913,-1.094008543266916,5.84421369087411,0,0,6,-310.5618045228442,152.03988624006578,-311.89483642578125,150.2173309326172,-1,-310.5617980957031,152.03988647460938,-310.5618045228442,152.03988624006578,0.0,0,0.0,0.0,836,/yh/study/uav-sat/v36_GvsK/v36_training_data/routes/route_C/vi/vi_000836.jpg,-311.89483642578125,150.2173309326172,1860.4306752846956,-2.2309722237842378,7,2.0526490327587403,2.0526490327587403,1,2.0526490327587403,141.7467502638501,0.0002566586193854431,1860.4306752846956,-4.5466023005784235,-310.5277978617582,152.08638101675822,2.315630076794187,7.138792552558774,1,0.0,0,0,0.4775452056861297,1.0,1864.7637939453125,-6.30225133895874,1,1,6,18,1,142.79585019337682,-305.94561767578125,163.26283264160156,-317.5735168457031,156.57559204101562,1,-317.5735168457031,156.57559204101562,1868.767822265625,-4.010588645935059,0.8928732872009277,0.11037643998861313,4.0,4.0,1,1864.76953125,-4.36245584487915,4.834138342523231,20.945425033569336,8.287015914916992,0.4775452056861297,1864.76953125,-4.36245584487915,1863.9939246003323,-4.36245584487915,0.7756066496675902,0.0,0.0,1,2.5658112909484254,2.565736637496738,-0.019572627962554195,3.131038188934326,-0.023947209119796753,0.7657798528671265,0.039951760321855545,-1.01542159890417,0.0,142.80253460069676,142.80253460069676,1.0557843368466497,3.513305902481079,-0.06624286621809006,0.05896002181138391,1.0,1860.4306752846956,-4.488998331462575,7,7,8,108.71695338793603,0.427741052255303,0.0,1.0783891561755858,-310.5618045228442,152.03988624006578,2.051660523179192,2.0526490327587403,0.0,0,2.2580261076783295,nan
GT+smooth-jitter_controlled_forward3x6_SoftMS_local_prior_3frame_causal_heading_continuous_waypoint_RNN_polynomial_Kalman,1,controlled_gt_jitter,8.0,-314.65601907861105,157.1679965352092,-1.2963694204079546,5.795758376029506,0,0,6,-312.01715168922243,153.2077357142001,-313.3596496582031,151.3722381591797,-1,-312.01715087890625,153.20773315429688,-312.01715168922243,153.2077357142001,0.0,0,0.0,0.0,837,/yh/study/uav-sat/v36_GvsK/v36_training_data/routes/route_C/vi/vi_000837.jpg,-313.3596496582031,151.3722381591797,1862.29479514354,-2.2983937315347784,7,1.8653387112920023,1.8653387112920023,1,1.8653387112920023,141.74658469951058,-0.00016556433952253903,1862.29479514354,-4.506810376798492,-312.0559048374046,153.1547514189674,2.208416645263741,7.460920879476369,1,0.0,0,0,0.39201286304358396,1.0,1866.7626953125,-6.2110981941223145,1,1,6,18,1,142.79818974661097,-320.1092529296875,168.11074829101562,-322.665283203125,161.14422607421875,1,-322.665283203125,161.14422607421875,1875.57470703125,-4.692202091217041,0.855479896068573,0.0679369568824768,4.0,4.0,1,1871.576416015625,-5.0435566902160645,9.679070496842353,20.960800170898438,8.289523124694824,0.39201286304358396,1871.576416015625,-5.0435566902160645,1865.6228305169097,-5.0435566902160645,5.953585498715258,0.0,0.0,0,2.3316733891150028,2.3316053535167556,-0.01781204533591613,3.135982036590576,-0.024015232920646667,0.7683806419372559,0.04000227525830269,-1.031434977413265,0.0,142.78652122218764,142.78652122218764,1.0399365226770774,3.5195298194885254,-0.06737993657588959,0.021974078279675673,1.0,1862.29479514354,-4.57245443239638,7,7,8,106.8528335290917,0.4375533146085877,0.0,1.2706433252985738,-312.01715168922243,153.2077357142001,1.8659870763006088,1.8653387112920023,0.000648365008606433,0,2.2740607008616207,nan
GT+smooth-jitter_controlled_forward3x6_SoftMS_local_prior_3frame_causal_heading_continuous_waypoint_RNN_polynomial_Kalman,1,controlled_gt_jitter,8.0,-316.41525397513533,158.33662770972126,-1.496583320838459,5.739932763432189,0,0,6,-313.5603666807116,154.45380287501303,-314.9186706542969,152.59669494628906,-1,-313.56036376953125,154.45379638671875,-313.5603666807116,154.45380287501303,0.0,0,0.0,0.0,838,/yh/study/uav-sat/v36_GvsK/v36_training_data/routes/route_C/vi/vi_000838.jpg,-314.9186706542969,152.59669494628906,1864.2760131359387,-2.3663360331868155,7,1.9823826295040425,1.9823826295040425,1,1.9823826295040425,141.85387036198188,0.10728566247129276,1864.2760131359387,-4.591409455106938,-313.6050924597354,154.39265264615503,2.2250734219201176,7.626771343727008,1,0.0,0,0,0.3956741752064601,1.0,1868.87255859375,-6.115784168243408,1,1,6,18,1,142.79410572037412,-320.1092529296875,168.11074829101562,-322.6546325683594,161.1583251953125,1,-322.6546325683594,161.1583251953125,1875.574462890625,-4.709869861602783,0.8585677146911621,0.07008080184459686,4.0,4.0,1,1871.576171875,-5.061977386474609,7.781953477183409,20.972522735595703,8.2919921875,0.3956741752064601,1871.576171875,-5.061977386474609,1867.6141171177565,-5.061977386474609,3.962054757243551,0.0,0.0,1,2.4779782868800533,2.4779057886374627,-0.018955022710559113,3.1379623413085938,-0.02399558201432228,0.7690144777297974,0.04006669297814369,-1.0342270306799193,0.0,142.783729168921,142.783729168921,0.9298588069391303,3.5218241214752197,-0.06754106283187866,0.02712227614281001,1.0,1864.2760131359387,-4.667170565174515,7,7,8,104.8716155366929,0.44798195235322125,0.0,1.1555797118045512,-313.5603666807116,154.45380287501303,1.9834807483848225,1.9823826295040425,0.0010981188807799303,0,2.300834531987688,nan
GT+smooth-jitter_controlled_forward3x6_SoftMS_local_prior_3frame_causal_heading_continuous_waypoint_RNN_polynomial_Kalman,1,controlled_gt_jitter,8.0,-318.17258069377414,159.49838223522255,-1.6943702445553614,5.676833773308491,0,0,6,-315.4129719831333,155.2779697341921,-316.47821044921875,153.82154846191406,-1,-315.4129638671875,155.27796936035156,-315.4129719831333,155.2779697341921,0.0,0,0.0,0.0,839,/yh/study/uav-sat/v36_GvsK/v36_training_data/routes/route_C/vi/vi_000839.jpg,-316.47821044921875,153.82154846191406,1866.2578840841743,-2.4342922781110916,7,1.9830356796295638,1.9830356796295638,1,1.9830356796295638,141.85411432574568,0.0002439637638111801,1866.2578840841743,-4.68612808563149,-315.14883300695044,155.6391072972807,2.2518358075204263,7.3729601562496185,1,0.0,0,0,0.5361697690523044,1.0,1870.976806640625,-6.016046047210693,0,0,6,18,1,142.79047398072638,-320.1092529296875,168.11074829101562,-327.11810302734375,161.37388610839844,1,-327.11810302734375,161.37388610839844,1879.3043212890625,-2.2488367557525635,0.8300266265869141,0.18771594762802124,4.0,4.0,0,1875.3060302734375,-2.5999255180358887,9.049662083881753,20.977275848388672,8.29269790649414,0.5361697690523044,1875.3060302734375,-2.5999255180358887,1869.9823509490682,-2.5999255180358887,5.32367932436937,0.0,0.0,1,2.478794599536955,2.4787221060683056,-0.01895752045697564,3.140502452850342,-0.024057287722826004,0.7696563601493835,0.04008183255791664,-1.0395924644380816,0.0,142.77836373516283,142.77836373516283,0.9242494094171567,3.524677276611328,-0.06797689199447632,0.06408300129819845,1.0,1866.2578840841743,-4.238702406649541,7,7,8,102.88974458845729,0.45841402709464746,0.0,1.157466773220778,-315.4129719831333,155.2779697341921,2.0276581117955006,1.9830356796295638,0.044622432165936754,0,1.8044101285384508,nan
GT+smooth-jitter_controlled_forward3x6_SoftMS_local_prior_3frame_causal_heading_continuous_waypoint_RNN_polynomial_Kalman,1,controlled_gt_jitter,8.0,-319.92641146938945,160.65236101483637,-1.8894546822800589,5.606569388859822,0,0,6,-317.20225432563905,156.1870181772251,-318.0369567871094,155.04579162597656,-1,-317.2022399902344,156.18701171875,-317.20225432563905,156.1870181772251,0.0,0,0.0,0.0,840,/yh/study/uav-sat/v36_GvsK/v36_training_data/routes/route_C/vi/vi_000840.jpg,-318.0369567871094,155.04579162597656,1868.2387542745262,-2.502224300134179,7,1.9820346794749066,1.9820346794749066,1,1.9820346794749066,141.85382276142295,-0.00029156432274397045,1868.2387542745262,-4.257667029827981,-317.00062635917345,156.46268908922826,1.755442729693839,6.989220511645084,1,0.0,0,0,0.5339065270460025,1.0,1873.07373046875,-5.91209602355957,1,1,6,18,1,142.78623542145957,-320.1092529296875,168.11074829101562,-327.0968322753906,161.6024169921875,1,-327.0968322753906,161.6024169921875,1879.422119140625,-2.4458518028259277,0.8341416120529175,0.15839916467666626,4.0,4.0,1,1875.423828125,-2.7964425086975098,7.191095228893327,20.976238250732422,8.292720794677734,0.5339065270460025,1875.423828125,-2.7964425086975098,1871.9569972239026,-2.7964425086975098,3.4668309010973206,0.0,0.0,1,2.4775433493436334,2.4774707649020944,-0.018964623178440176,3.1399526596069336,-0.024095240980386734,0.7687953114509583,0.04004561901092529,-1.0323211944580741,0.0,142.78563500514284,142.78563500514284,0.9318122437199081,3.523705005645752,-0.06756798177957535,0.0670429474396352,1.0,1868.2387542745262,-3.9161289081113746,7,7,8,100.90887439810541,0.4688408340959867,0.0,1.157917980132027,-317.20225432563905,156.1870181772251,2.0069629724994025,1.9820346794749066,0.02492829302449584,0,1.413904607977233,nan
GT+smooth-jitter_controlled_forward3x6_SoftMS_local_prior_3frame_causal_heading_continuous_waypoint_RNN_polynomial_Kalman,1,controlled_gt_jitter,8.0,-321.74825308149207,161.80783815426145,-2.0815660697733227,5.529258442347387,0,0,6,-318.6466174367039,157.6732449212117,-319.66668701171875,156.27857971191406,-1,-318.6466064453125,157.67324829101562,-318.6466174367039,157.6732449212117,0.0,0,0.0,0.0,841,/yh/study/uav-sat/v36_GvsK/v36_training_data/routes/route_C/vi/vi_000841.jpg,-319.66668701171875,156.27857971191406,1870.2819632981057,-2.5351477841218157,7,2.043474264539382,2.043474264539382,1,2.043474264539382,142.8947939494325,1.0409711880095678,1870.2819632981057,-3.9357079943118647,-318.83986245206506,157.40903539433646,1.4005602101900487,7.193725584147967,1,0.0,0,0,0.4280402900612727,1.0,1875.226318359375,-5.769205093383789,1,1,6,18,1,142.78602528642088,-320.1092529296875,168.11074829101562,-327.17474365234375,166.12860107421875,1,-327.17474365234375,166.12860107421875,1882.1571044921875,-6.053144931793213,0.8555305004119873,0.08235906064510345,4.0,4.0,1,1878.1588134765625,-6.399848461151123,8.773863462402693,21.01140022277832,8.298757553100586,0.4280402900612727,1878.1588134765625,-6.399848461151123,1873.7090740957742,-5.991974472912965,4.449739380788334,-0.40787398823815835,0.0,1,2.5543428306742277,2.5542677925386723,-0.01957908620048999,3.151946783065796,-0.024136532098054886,0.773341178894043,0.040256187319755554,-1.0689053951999548,0.0,142.74905080440095,142.74905080440095,0.1457431450315405,3.53792667388916,-0.07002007216215134,0.04253690131768701,1.0,1870.2819632981057,-4.263046213977101,7,7,8,98.86566537452592,0.4795957771790939,0.0,1.1084725185264137,-318.6466174367039,157.6732449212117,2.0724513820946213,2.043474264539382,0.02897711755523913,0,1.7278984298552558,nan
GT+smooth-jitter_controlled_forward3x6_SoftMS_local_prior_3frame_causal_heading_continuous_waypoint_RNN_polynomial_Kalman,1,controlled_gt_jitter,8.0,-323.56328591137986,162.95371263277687,-2.2704392316923516,5.445030381800314,0,0,6,-320.3544123430505,158.7917336746981,-321.2928466796875,157.50868225097656,-1,-320.3544006347656,158.79173278808594,-320.3544123430505,158.7917336746981,0.0,0,0.0,0.0,842,/yh/study/uav-sat/v36_GvsK/v36_training_data/routes/route_C/vi/vi_000842.jpg,-321.2928466796875,157.50868225097656,1872.3207049434814,-2.5680115292974537,7,2.0390065037503544,2.0390065037503544,1,2.0390065037503544,142.89444986080537,-0.0003440886271347096,1872.3207049434814,-4.282571841196531,-320.2806512991738,158.89258166018456,1.7145603118990795,7.573551945865669,1,0.0,0,0,0.40406405720476063,1.0,1877.3677978515625,-5.62258243560791,0,0,6,18,1,142.77308421237782,-320.07879638671875,172.868896484375,-332.145263671875,165.93905639648438,1,-332.145263671875,165.93905639648438,1886.05712890625,-2.965794801712036,0.8886361122131348,0.08005180209875107,4.0,4.0,0,1882.058837890625,-3.312138795852661,9.766522343448234,21.002506256103516,8.297632217407227,0.40406405720476063,1882.058837890625,-3.312138795852661,1875.6818811007945,-3.312138795852661,6.376956789830548,0.0,0.0,0,2.5487581296879425,2.548683337241421,-0.019525627219429555,3.1490437984466553,-0.023944133892655373,0.7711046934127808,0.040355078876018524,-1.053129259042812,0.0,142.7648269405581,142.7648269405581,0.12962292024726307,3.5339300632476807,-0.0687301978468895,0.024022791235195077,1.0,1872.3207049434814,-4.15762782265037,7,7,8,96.82692372915022,0.4903272050967148,0.0,1.1100372946963009,-320.3544123430505,158.7917336746981,2.0414652908680684,2.0390065037503544,0.0024587871177139675,0,1.5896162933529434,nan
GT+smooth-jitter_controlled_forward3x6_SoftMS_local_prior_3frame_causal_heading_continuous_waypoint_RNN_polynomial_Kalman,1,controlled_gt_jitter,8.0,-325.23135802702535,163.98430455988503,-2.4558148141347407,5.35402501886941,0,0,6,-321.9334059130536,159.78167119341092,-322.7755432128906,158.63027954101562,-1,-321.93341064453125,159.78167724609375,-321.9334059130536,159.78167119341092,0.0,0,0.0,0.0,843,/yh/study/uav-sat/v36_GvsK/v36_training_data/routes/route_C/vi/vi_000843.jpg,-322.7755432128906,158.63027954101562,1874.1795946133225,-2.5979896205235367,7,1.8591313806709666,1.8591313806709666,1,1.8591313806709666,142.8940341119663,-0.0004157488390684464,1874.1795946133225,-4.175357511971778,-321.8443397538965,159.90344472390794,1.57736789144822,7.734250737839438,1,0.0,0,0,0.41808806974057117,1.0,1879.322509765625,-5.469668865203857,1,1,6,18,1,142.77019418858526,-320.07879638671875,172.868896484375,-332.1566162109375,165.91067504882812,1,-332.1566162109375,165.91067504882812,1886.0494384765625,-2.936184883117676,0.8904410004615784,0.08605848252773285,4.0,4.0,1,1882.0511474609375,-3.28792142868042,7.901730831450855,21.040603637695312,8.306107521057129,0.41808806974057117,1882.0511474609375,-3.28792142868042,1877.579336805109,-3.28792142868042,4.47181065582845,0.0,0.0,1,2.3239142258387084,2.323846592865392,-0.017729689321407803,3.152508020401001,-0.024297937750816345,0.7740744948387146,0.04018691927194595,-1.0581684445464006,0.0,142.75978775505453,142.75978775505453,0.1342463569117831,3.5388638973236084,-0.06957021355628967,0.030549153537099222,1.0,1874.1795946133225,-4.02448811999081,7,7,8,94.9680340593091,0.5001119370385759,0.0,1.2933766397300344,-321.9334059130536,159.78167119341092,1.8636515192133984,1.8591313806709666,0.0045201385424318286,0,1.4264984994672598,nan
GT+smooth-jitter_controlled_forward3x6_SoftMS_local_prior_3frame_causal_heading_continuous_waypoint_RNN_polynomial_Kalman,1,controlled_gt_jitter,8.0,-327.1043891679298,165.18553044198225,-2.6374397050391685,5.256392258388503,0,0,6,-323.71734477863004,160.9540168776275,-324.4669494628906,159.92913818359375,-1,-323.71734619140625,160.95401000976562,-323.71734477863004,160.9540168776275,0.0,0,0.0,0.0,844,/yh/study/uav-sat/v36_GvsK/v36_training_data/routes/route_C/vi/vi_000844.jpg,-324.4669494628906,159.92913818359375,1876.3115900891858,-2.6478310374126686,7,2.1325779882430917,2.1325779882430917,1,2.1325779882430917,142.4787494329463,-0.4152846790200061,1876.3115900891858,-4.044940026055219,-323.6421623413389,161.05680822853964,1.3971089886425507,8.000085417434985,1,0.0,0,0,0.3353465789890662,1.0,1881.54345703125,-5.333483695983887,1,1,6,18,1,142.76655188348866,-320.07879638671875,172.868896484375,-332.22796630859375,165.89613342285156,1,-332.22796630859375,165.89613342285156,1886.0985107421875,-2.882326126098633,0.8940468430519104,0.05375517159700394,4.0,4.0,1,1882.1002197265625,-3.234386444091797,5.818271248731868,21.01683807373047,8.300889015197754,0.3353465789890662,1882.1002197265625,-3.234386444091797,1879.4837931814056,-3.234386444091797,2.6164265451568114,0.0,0.0,0,2.665722485303865,2.6656440287842162,-0.020451906064408793,3.1486871242523193,-0.024160344153642654,0.7717704772949219,0.04022059217095375,-1.0482367091629674,0.0,142.76971949043795,142.76971949043795,0.2909700574916563,3.5339066982269287,-0.06871140748262405,0.022257388437949315,1.0,1876.3115900891858,-3.917588305613865,7,7,8,92.83603858344583,0.5113342298787776,0.0,1.0161091360092276,-323.71734477863004,160.9540168776275,2.134673811010806,2.1325779882430917,0.0020958227677141394,0,1.2697572682011953,nan
GT+smooth-jitter_controlled_forward3x6_SoftMS_local_prior_3frame_causal_heading_continuous_waypoint_RNN_polynomial_Kalman,1,controlled_gt_jitter,8.0,-328.82147613304727,166.26361993524296,-2.8150674416410375,5.15229181024296,0,0,6,-325.11580148985166,162.328989066549,-326.00640869140625,161.111328125,-1,-325.1158142089844,162.32899475097656,-325.11580148985166,162.328989066549,0.0,0,0.0,0.0,845,/yh/study/uav-sat/v36_GvsK/v36_training_data/routes/route_C/vi/vi_000845.jpg,-326.00640869140625,161.111328125,1878.2520665433144,-2.6932061935686615,7,1.9410068969027483,1.9410068969027483,1,1.9410068969027483,142.47842371293436,-0.0003257200119460639,1878.2520665433144,-3.936203991339458,-325.272601533874,162.11460803649902,1.24299779777078,8.215960412972802,1,0.0,0,0,0.41829535532359036,1.0,1883.56591796875,-5.189971923828125,0,0,6,18,1,142.7676605085683,-324.7796936035156,177.656982421875,-335.4779968261719,171.20556640625,1,-335.4779968261719,171.20556640625,1891.856201171875,-5.249145984649658,0.841505229473114,0.0753755271434784,4.0,4.0,0,1887.85791015625,-5.601320743560791,10.036401832930403,21.03921127319336,8.305692672729492,0.41829535532359036,1887.85791015625,-5.601320743560791,1881.6523787704543,-5.601320743560791,6.205531385795713,0.0,0.0,1,2.4262586211284356,2.4261872048226256,-0.01861568572559298,3.153280258178711,-0.024353884160518646,0.7741909027099609,0.040172070264816284,-1.053894560394971,0.0,142.76406163920595,142.76406163920595,0.2856379262715987,3.539698362350464,-0.0693848729133606,0.029579401637658303,1.0,1878.2520665433144,-4.201807981992299,7,7,8,90.89556212931717,0.5215484143197321,0.0,1.2122733612759626,-325.11580148985166,162.328989066549,1.961180688633355,1.9410068969027483,0.020173791730606627,0,1.508601788423613,nan
GT+smooth-jitter_controlled_forward3x6_SoftMS_local_prior_3frame_causal_heading_continuous_waypoint_RNN_polynomial_Kalman,1,controlled_gt_jitter,8.0,-330.5332278913223,167.33457171718823,-2.9884586042129437,5.0418928841804185,0,0,6,-326.57750882825883,163.615142068193,-327.5447692871094,162.2926788330078,-1,-326.5775146484375,163.61514282226562,-326.57750882825883,163.615142068193,0.0,0,0.0,0.0,846,/yh/study/uav-sat/v36_GvsK/v36_training_data/routes/route_C/vi/vi_000846.jpg,-327.5447692871094,162.2926788330078,1880.191160797323,-2.7385525472694696,7,1.9396244011979829,1.9396244011979829,1,1.9396244011979829,142.4783198138685,-0.00010389906586462223,1880.191160797323,-4.220477825987589,-326.6699106361918,163.48880795338673,1.4819252787181187,8.676040393635985,1,0.0,0,0,0.31021993476513776,1.0,1885.579833984375,-5.043848514556885,1,1,6,18,1,142.76640087227497,-324.7796936035156,177.656982421875,-335.5456848144531,171.22825622558594,1,-335.5456848144531,171.22825622558594,1891.9241943359375,-5.227499961853027,0.8460498452186584,0.033145174384117126,4.0,4.0,1,1887.9259033203125,-5.57241678237915,8.237537763189636,21.015478134155273,8.299503326416016,0.31021993476513776,1887.9259033203125,-5.57241678237915,1883.294265617927,-5.57241678237915,4.631637702385435,0.0,0.0,0,2.4245305014974785,2.4244586178396212,-0.018669843995290317,3.1538472175598145,-0.02419627085328102,0.771998405456543,0.040281087160110474,-1.0612899477188023,0.0,142.7566662518821,142.7566662518821,0.27834643801363207,3.5391640663146973,-0.06961987167596817,0.015638228155580216,1.0,1880.191160797323,-4.376997481855988,7,7,8,88.95646787530865,0.5317553232037318,0.0,1.2142228163618316,-326.57750882825883,163.615142068193,1.9469920099453886,1.9396244011979829,0.007367608747405718,0,1.6384449345865209,nan
GT+smooth-jitter_controlled_forward3x6_SoftMS_local_prior_3frame_causal_heading_continuous_waypoint_RNN_polynomial_Kalman,1,controlled_gt_jitter,8.0,-332.94995321683365,168.96135409284432,-3.1573811953492585,4.9253738682349475,0,0,6,-329.0901024045546,164.99641464919878,-329.7925720214844,164.03598022460938,-1,-329.090087890625,164.9964141845703,-329.0901024045546,164.99641464919878,0.0,0,0.0,0.0,847,/yh/study/uav-sat/v36_GvsK/v36_training_data/routes/route_C/vi/vi_000847.jpg,-329.7925720214844,164.03598022460938,1883.0346271121007,-2.818653679271504,7,2.8445943251408754,2.8445943251408754,1,2.8445943251408754,142.20434701250585,-0.27397280136264895,1883.0346271121007,-4.401226458895445,-328.8582958424868,165.31334650886944,1.5825727796239375,8.275711625671493,1,0.0,0,0,0.49007548112038524,1.0,1888.4908447265625,-4.930177688598633,0,0,6,18,1,142.7629937818179,-339.0043029785156,172.98855590820312,-340.247314453125,171.06671142578125,1,-340.247314453125,171.06671142578125,1895.623779296875,-2.3214898109436035,0.7950513958930969,0.09386773407459259,4.0,4.0,0,1891.62548828125,-2.6700196266174316,8.592146862641778,21.04322624206543,8.305601119995117,0.49007548112038524,1891.62548828125,-2.6700196266174316,1886.6323346851818,-2.6700196266174316,4.993153596068261,0.0,0.0,1,3.152909392494372,3.1528162956237793,-0.024228977039456367,3.157930850982666,-0.024304453283548355,0.7748950719833374,0.04029909148812294,-1.0689237513333494,0.0,142.74903244826757,142.74903244826757,0.5446854357617339,3.5446839332580566,-0.07029377669095993,0.04647256207332856,1.0,1883.0346271121007,-4.008568737855837,7,7,8,86.1130015605309,0.54672262122427,0.0,0.3133365258417906,-329.0901024045546,164.99641464919878,2.8672356761663726,2.8445943251408754,0.022641351025497247,0,1.1899150585843652,nan
GT+smooth-jitter_controlled_forward3x6_SoftMS_local_prior_3frame_causal_heading_continuous_waypoint_RNN_polynomial_Kalman,1,controlled_gt_jitter,8.0,-335.57435758612087,170.74689171803016,-3.321611004089609,4.802921991467658,0,0,6,-331.3462471992155,167.18335886474435,-332.25274658203125,165.9439697265625,-1,-331.34625244140625,167.18336486816406,-331.3462471992155,167.18335886474435,0.0,0,0.0,0.0,848,/yh/study/uav-sat/v36_GvsK/v36_training_data/routes/route_C/vi/vi_000848.jpg,-332.25274658203125,165.9439697265625,1886.1467324395155,-2.9063077664696197,7,3.1133394944858397,3.1133394944858397,1,3.1133394944858397,142.20461689303238,0.00026988052653341535,1886.1467324395155,-4.0328392276677345,-331.5876956455816,166.8532443742882,1.1265314611981527,7.750415902916973,1,0.0,0,0,0.5286216186321154,1.0,1891.6632080078125,-4.822041988372803,1,1,6,18,1,142.75810731507528,-339.0043029785156,172.98855590820312,-340.617919921875,175.34571838378906,1,-340.617919921875,175.34571838378906,1898.448974609375,-5.556482791900635,0.843750536441803,0.1499250829219818,4.0,4.0,1,1894.45068359375,-5.91085147857666,8.830792019398691,21.072744369506836,8.312397003173828,0.5286216186321154,1894.45068359375,-5.91085147857666,1889.850441890754,-5.91085147857666,4.600241702996165,0.0,0.0,1,3.1557227293194097,3.1556293964385986,-0.024270489811897278,3.1599950790405273,-0.02453916147351265,0.777306318283081,0.04019972309470177,-1.069325771999028,0.0,142.74863042760188,142.74863042760188,0.5440135345695218,3.547947645187378,-0.07066401094198227,0.06023989912293446,1.0,1886.1467324395155,-4.441829360876043,7,7,8,83.00089623311607,0.5631039680560025,0.0,0.04665558455468766,-331.3462471992155,167.18335886474435,3.1421194019934395,3.1133394944858397,0.028779907507599845,0,1.535521594406437,nan
GT+smooth-jitter_controlled_forward3x6_SoftMS_local_prior_3frame_causal_heading_continuous_waypoint_RNN_polynomial_Kalman,1,controlled_gt_jitter,8.0,-337.25143976671103,171.8271377569145,-3.4809319542110337,4.67473297175825,0,0,6,-333.14766559377017,168.00397059460795,-333.7705078125,167.15240478515625,-1,-333.1476745605469,168.00396728515625,-333.14766559377017,168.00397059460795,0.0,0,0.0,0.0,849,/yh/study/uav-sat/v36_GvsK/v36_training_data/routes/route_C/vi/vi_000849.jpg,-333.7705078125,167.15240478515625,1888.0851893319666,-2.9856760199551915,7,1.9400810404600355,1.9400810404600355,1,1.9400810404600355,141.47334519634572,-0.7312716966866541,1888.0851893319666,-4.4605799669923805,-332.8997942239891,168.34286667021104,1.4749039470371432,7.679790329801084,1,0.0,0,0,0.5265292065179721,1.0,1893.654541015625,-4.703887462615967,0,0,6,18,1,142.75479040445958,-353.19842529296875,173.0782928466797,-347.0940246582031,174.67739868164062,1,-347.0940246582031,174.67739868164062,1903.2816162109375,-1.1938652992248535,0.8475549221038818,0.14604470133781433,4.0,4.0,0,1899.2833251953125,-1.5386325120925903,11.29124358640814,21.06744956970215,8.309967041015625,0.5265292065179721,1899.2833251953125,-1.5386325120925903,1891.783144649891,-2.2418067762377265,7.500180545421474,0.7031742641451362,0.0,1,2.4251013005750446,2.425028810719791,-0.018750606116337807,3.1662657260894775,-0.02444853074848652,0.7773634791374207,0.04036537930369377,-1.092257064920288,0.0,142.72569913468064,142.72569913468064,1.252353938334916,3.554220199584961,-0.07203063368797302,0.053407436644717296,1.0,1888.0851893319666,-4.040710027586932,7,7,8,81.06243934066498,0.5733075220276098,0.0,1.226184685629442,-333.14766559377017,168.00397059460795,1.9795231353610563,1.9400810404600355,0.0394420949010208,0,1.0550340076317086,nan
GT+smooth-jitter_controlled_forward3x6_SoftMS_local_prior_3frame_causal_heading_continuous_waypoint_RNN_polynomial_Kalman,1,controlled_gt_jitter,8.0,-338.9214218364435,172.90029409667824,-3.6351364360529206,4.541010649412624,0,0,6,-334.96694690711314,168.79589120174862,-335.2862854003906,168.35928344726562,-1,-334.9669494628906,168.7958984375,-334.96694690711314,168.79589120174862,0.0,0,0.0,0.0,850,/yh/study/uav-sat/v36_GvsK/v36_training_data/routes/route_C/vi/vi_000850.jpg,-335.2862854003906,168.35928344726562,1890.021126313573,-3.0649590840659595,7,1.937559754177,1.937559754177,1,1.937559754177,141.47281377716612,-0.0005314191795889314,1890.021126313573,-4.059422195837964,-334.69920137608364,169.1619597388544,0.9944631117719678,7.483407993300422,1,0.0,0,0,0.5209009008443728,1.0,1895.635986328125,-4.584201812744141,0,0,6,18,1,142.7446084066761,-353.19842529296875,173.0782928466797,-347.0240173339844,174.68569946289062,1,-347.0240173339844,174.68569946289062,1903.22998046875,-1.241894245147705,0.8577882051467896,0.12285511940717697,4.0,4.0,0,1899.231689453125,-1.5898951292037964,9.327930478868717,21.04415512084961,8.305618286132812,0.5209009008443728,1899.231689453125,-1.5898951292037964,1893.703603790895,-1.849935709444749,5.5280856622300245,0.26004058024095267,0.0,1,2.42194969272125,2.4218774058221655,-0.018712168251032273,3.1587605476379395,-0.024185143411159515,0.774000346660614,0.04042766988277435,-1.068051728275409,0.0,142.74990447132552,142.74990447132552,1.2770906941593838,3.5450706481933594,-0.07006337493658066,0.06059588705322358,1.0,1890.021126313573,-3.6058873644908855,7,7,8,79.12650235905863,0.5834978118165529,0.0,1.2212007934609395,-334.96694690711314,168.79589120174862,1.984168023402495,1.937559754177,0.04660826922549499,0,0.5409282804248774,nan
GT+smooth-jitter_controlled_forward3x6_SoftMS_local_prior_3frame_causal_heading_continuous_waypoint_RNN_polynomial_Kalman,1,controlled_gt_jitter,8.0,-340.73449559198235,174.0862622616751,-3.784025621279204,4.401966607378226,0,0,6,-336.98740956075414,169.63379090211959,-336.9504699707031,169.68429565429688,-1,-336.9873962402344,169.6337890625,-336.98740956075414,169.63379090211959,0.0,0,0.0,0.0,851,/yh/study/uav-sat/v36_GvsK/v36_training_data/routes/route_C/vi/vi_000851.jpg,-336.9504699707031,169.68429565429688,1892.1465897653156,-3.1519806225188893,7,2.127244140395743,2.127244140395743,1,2.127244140395743,141.4734398928376,0.0006261156714884175,1892.1465897653156,-3.62632944212158,-336.6704368446465,170.0671641055558,0.47434881960269604,7.038509788912126,1,0.0,0,0,0.5344797955787555,1.0,1897.799560546875,-4.471097469329834,1,1,6,18,1,142.7464620559838,-353.19842529296875,173.0782928466797,-347.1817626953125,174.50440979003906,1,-347.1817626953125,174.50440979003906,1903.250244140625,-1.002441644668579,0.8330993056297302,0.16946941614151,4.0,4.0,1,1899.2518310546875,-1.3558292388916016,7.3287525250278724,21.082359313964844,8.314361572265625,0.5344797955787555,1899.2518310546875,-1.3558292388916016,1895.8664092031572,-1.3944377794166334,3.385421851530283,0.03860854052503182,0.0,1,2.6590551754946783,2.6589765978261592,-0.020442077630694347,3.1621158123016357,-0.024520467966794968,0.7772097587585449,0.0402698740363121,-1.070857548642109,0.0,142.7470986509588,142.7470986509588,1.2736587581211953,3.550018548965454,-0.07074383646249771,0.07923787950075559,1.0,1892.1465897653156,-3.0894085576206605,7,7,8,77.00103890731594,0.5946857217097219,0.0,1.0348716719058926,-336.98740956075414,169.63379090211959,2.18731461903399,2.127244140395743,0.06007047863824688,0,0.06257206489821819,nan
GT+smooth-jitter_controlled_forward3x6_SoftMS_local_prior_3frame_causal_heading_continuous_waypoint_RNN_polynomial_Kalman,1,controlled_gt_jitter,8.0,-342.40208017017596,175.12885249372908,-3.9274097600197235,4.257819778885338,0,0,6,-338.5960095697141,170.70513471287825,-338.47467041015625,170.87103271484375,-1,-338.59600830078125,170.70513916015625,-338.5960095697141,170.70513471287825,0.0,0,0.0,0.0,852,/yh/study/uav-sat/v36_GvsK/v36_training_data/routes/route_C/vi/vi_000852.jpg,-338.47467041015625,170.87103271484375,1894.0774345628233,-3.210034032768844,7,1.9317173267599317,1.9317173267599317,1,1.9317173267599317,142.09580138974417,0.6223614969065404,1894.0774345628233,-3.1080600190308934,-338.53487104872323,170.78872486227823,0.10197401373791226,7.678472543197873,1,0.0,0,0,0.27562734353903684,1.0,1899.760986328125,-4.328156471252441,0,0,6,18,1,142.7466848909055,-357.9298095703125,173.1082000732422,-352.6297302246094,174.13775634765625,1,-352.6297302246094,174.13775634765625,1907.43115234375,2.509723424911499,0.7852730751037598,0.005937248468399048,4.0,4.0,0,1903.432861328125,2.162014961242676,10.78809159930442,21.067087173461914,8.310124397277832,0.27562734353903684,1903.432861328125,2.162014961242676,1897.0854097575557,-1.3032749021914825,6.347451570569321,3.4652898634341582,0.0,0,2.4146466584499144,2.414574622609664,-0.01865146141023284,3.1649229526519775,-0.024429544806480408,0.7769595980644226,0.040380265563726425,-1.0808829856832185,0.0,142.7370732139177,142.7370732139177,0.6412718241735454,3.5526905059814453,-0.07126950472593307,0.011330852208925737,1.0,1894.0774345628233,-3.004497323886073,7,7,8,75.07019410980826,0.604849207510665,0.0,1.2332056258920459,-338.5960095697141,170.70513471287825,1.9327109327773002,1.9317173267599317,0.0009936060173685313,0,0.20553670888275444,nan
GT+smooth-jitter_controlled_forward3x6_SoftMS_local_prior_3frame_causal_heading_continuous_waypoint_RNN_polynomial_Kalman,1,controlled_gt_jitter,8.0,-344.21180645791975,176.28166286464554,-4.065108459872876,4.108796043356489,0,0,6,-340.4186397221468,171.80106114170792,-340.1466979980469,172.17286682128906,-1,-340.41864013671875,171.80105590820312,-340.4186397221468,171.80106114170792,0.0,0,0.0,0.0,853,/yh/study/uav-sat/v36_GvsK/v36_training_data/routes/route_C/vi/vi_000853.jpg,-340.1466979980469,172.17286682128906,1896.1955452146312,-3.273717327829749,7,2.119067789234598,2.119067789234598,1,2.119067789234598,142.09581521410337,1.3824359215515215e-05,1896.1955452146312,-3.024949431365718,-340.29355880770964,171.9720749666327,0.2487678964640421,8.069489847100824,1,0.0,0,0,0.3736650722062961,1.0,1901.90234375,-4.19026517868042,0,0,6,18,1,142.74332080929585,-353.19842529296875,173.0782928466797,-352.3105163574219,178.25,1,-352.3105163574219,178.25,1909.6011962890625,-0.9979037046432495,0.7725103497505188,0.04234454035758972,4.0,4.0,0,1905.6029052734375,-1.3457789421081543,9.602883405267603,21.076072692871094,8.312078475952148,0.3736650722062961,1905.6029052734375,-1.3457789421081543,1899.4731241631985,-1.3457789421081543,6.129781110238947,0.0,0.0,0,2.6488347365432476,2.6487557782509463,-0.02045210747964548,3.1658496856689453,-0.024463392794132233,0.7770723700523376,0.04037727043032646,-1.0803398789224967,0.0,142.73761632067843,142.73761632067843,0.6418011065750518,3.553673505783081,-0.07128970324993134,0.02304904562106623,1.0,1896.1955452146312,-2.8130745544410374,7,7,8,72.95208345800035,0.6159984140974726,0.0,1.0467818964343474,-340.4186397221468,171.80106114170792,2.1267429111117613,2.119067789234598,0.007675121877163349,0,0.4606427733886984,nan
GT+smooth-jitter_controlled_forward3x6_SoftMS_local_prior_3frame_causal_heading_continuous_waypoint_RNN_polynomial_Kalman,1,controlled_gt_jitter,8.0,-345.86559108301304,177.31297693254092,-4.196950946294279,3.95512781144718,0,0,6,-342.0407257062391,172.84912421506553,-341.66864013671875,173.35784912109375,-1,-342.04071044921875,172.84912109375,-342.0407257062391,172.84912421506553,0.0,0,0.0,0.0,854,/yh/study/uav-sat/v36_GvsK/v36_training_data/routes/route_C/vi/vi_000854.jpg,-341.66864013671875,173.35784912109375,1898.1235313073153,-3.3316875851367556,7,1.9288574142003154,1.9288574142003154,1,1.9288574142003154,142.09571831969,-9.689441337244504e-05,1898.1235313073153,-2.8316986445027292,-341.9638099785175,172.95428536497977,0.49998894063400023,8.6204307450296,1,0.0,0,0,0.2827717082536594,1.0,1903.845947265625,-4.0463690757751465,1,1,6,18,1,142.7413242596241,-357.9298095703125,173.1082000732422,-352.26434326171875,178.36553955078125,1,-352.26434326171875,178.36553955078125,1909.632080078125,-1.1184192895889282,0.774783194065094,0.006487220525741577,4.0,4.0,1,1905.6337890625,-1.4658640623092651,7.738557292393039,21.105501174926758,8.318282127380371,0.2827717082536594,1905.6337890625,-1.4658640623092651,1901.1511535050129,-1.4658640623092651,4.482635557487175,0.0,0.0,0,2.411071767750394,2.410999836688585,-0.018624090061691963,3.1742284297943115,-0.024601975455880165,0.7811009287834167,0.04045877605676651,-1.0995430624956932,0.0,142.71841313710522,142.71841313710522,0.6226948174152277,3.5640385150909424,-0.07277800142765045,0.01286247354194361,1.0,1898.1235313073153,-2.7014108990228696,7,7,8,71.02409736531632,0.6261468523886821,0.0,1.245371015593996,-342.0407257062391,172.84912421506553,1.9312170115045124,1.9288574142003154,0.002359597304196992,0,0.6302766861138722,nan
GT+smooth-jitter_controlled_forward3x6_SoftMS_local_prior_3frame_causal_heading_continuous_waypoint_RNN_polynomial_Kalman,1,controlled_gt_jitter,8.0,-347.5309672219048,178.27128150537598,-4.322776303936044,3.7970536001025477,0,0,6,-343.6546340851954,173.8638393901071,-343.20819091796875,174.47422790527344,-1,-343.6546325683594,173.8638458251953,-343.6546340851954,173.8638393901071,0.0,0,0.0,0.0,855,/yh/study/uav-sat/v36_GvsK/v36_training_data/routes/route_C/vi/vi_000855.jpg,-343.20819091796875,174.47422790527344,1900.0252298607224,-3.323889522347207,7,1.9017145416213241,1.9017145416213241,1,1.9017145416213241,144.05290068183203,1.9571823621420348,1900.0252298607224,-2.7198068205677868,-343.56481279702774,173.98664535229847,0.6040827017794466,9.245266211497984,1,0.0,0,0,0.27330528813961896,1.0,1905.7559814453125,-3.836700916290283,0,0,6,18,1,142.7333054040951,-357.9298095703125,173.1082000732422,-356.2303161621094,178.7428436279297,1,-356.2303161621094,178.7428436279297,1913.055908203125,0.918364405632019,0.7878742218017578,0.005580678582191467,4.0,4.0,0,1909.0574951171875,0.5672627091407776,9.834779171479195,21.135618209838867,8.325113296508789,0.27330528813961896,1909.0574951171875,0.5672627091407776,1903.0268194031064,-0.9188530951374154,6.0306757140811005,1.486115804278193,0.0,0,2.377143177026655,2.377071995997364,-0.018395921544916986,3.1766562461853027,-0.02482151798903942,0.7828179001808167,0.04036052152514458,-1.1008422925418766,0.0,142.71711390705903,142.71711390705903,1.3357867747729903,3.567317247390747,-0.07319056987762451,0.011134841102932587,1.0,1900.0252298607224,-2.5676583136482023,7,7,8,69.12239881190914,0.6361569196246277,0.0,1.2749417045639786,-343.6546340851954,173.8638393901071,1.906396375921118,1.9017145416213241,0.004681834299793852,0,0.7562312086989986,nan
GT+smooth-jitter_controlled_forward3x6_SoftMS_local_prior_3frame_causal_heading_continuous_waypoint_RNN_polynomial_Kalman,1,controlled_gt_jitter,8.0,-349.33369956768684,179.32947397060138,-4.4424336985462025,3.634817598531077,0,0,6,-345.5167826003306,174.8394339007878,-344.8912658691406,175.6946563720703,-1,-345.51678466796875,174.8394317626953,-345.5167826003306,174.8394339007878,0.0,0,0.0,0.0,856,/yh/study/uav-sat/v36_GvsK/v36_training_data/routes/route_C/vi/vi_000856.jpg,-344.8912658691406,175.6946563720703,1902.104199298065,-3.315344791461013,7,2.0789869970325405,2.0789869970325405,1,2.0789869970325405,144.0534451160423,0.0005444342102547583,1902.104199298065,-2.587876090671522,-345.32072901097183,175.10748338185638,0.7274687007894554,9.360984581605624,1,0.0,0,0,0.33526586312416945,1.0,1907.835693359375,-3.626568078994751,0,0,6,18,1,142.72763837479638,-353.19842529296875,173.0782928466797,-356.3505859375,178.58761596679688,1,-356.3505859375,178.58761596679688,1913.0614013671875,1.1146572828292847,0.7862586975097656,0.030009493231773376,4.0,4.0,0,1909.0631103515625,0.7707796096801758,8.06987333680596,21.08807373046875,8.314265251159668,0.33526586312416945,1909.0631103515625,0.7707796096801758,1905.2761804216564,-0.6846874165166421,3.7869299299060923,1.455467026196818,0.0,1,2.5987337462906757,2.598655099393185,-0.02021777702331949,3.1718204021453857,-0.02441997081041336,0.7778455018997192,0.04054107517004013,-1.0911767210926624,0.0,142.72677947850826,142.72677947850826,1.3266656375340309,3.560018539428711,-0.07195760309696198,0.02301249595840901,1.0,1902.104199298065,-2.2557804204173264,7,7,8,67.04342937456664,0.6471000966134249,0.0,1.0928334051128452,-345.5167826003306,174.8394339007878,2.1022325612763364,2.0789869970325405,0.02324556424379587,0,1.059564371043658,nan
GT+smooth-jitter_controlled_forward3x6_SoftMS_local_prior_3frame_causal_heading_continuous_waypoint_RNN_polynomial_Kalman,1,controlled_gt_jitter,8.0,-350.9834254013469,180.2774155639024,-4.555782579081251,3.4686692260117606,0,0,6,-347.1633501439619,175.80286847335313,-346.4276428222656,176.80874633789062,-1,-347.1633605957031,175.80287170410156,-347.1633501439619,175.80286847335313,0.0,0,0.0,0.0,857,/yh/study/uav-sat/v36_GvsK/v36_training_data/routes/route_C/vi/vi_000857.jpg,-346.4276428222656,176.80874633789062,1904.0019849006176,-3.307572997675283,7,1.897801515974514,1.897801515974514,1,1.897801515974514,144.0525920263932,-0.0008530896490875726,1904.0019849006176,-2.2741304842556347,-347.03773844319534,175.97460800292126,1.0334425134196288,9.828020343382317,1,0.0,0,0,0.3282686026728526,1.0,1909.7269287109375,-3.4177744388580322,0,0,6,18,1,142.7273377397512,-362.66119384765625,173.13809204101562,-361.1916809082031,183.0846405029297,1,-361.1916809082031,183.0846405029297,1919.6236572265625,0.3428584635257721,0.9172134399414062,0.05602063238620758,4.0,4.0,0,1915.6253662109375,-0.004076153039932251,12.083711536097196,21.130741119384766,8.3238525390625,0.3282686026728526,1915.6253662109375,-0.004076153039932251,1907.1547235579678,-0.3824872898454279,8.470642652969584,0.37841113680549565,0.0,0,2.3722518949681426,2.3721809223448944,-0.018350063838308218,3.1778159141540527,-0.024757083505392075,0.7813228368759155,0.04043043404817581,-1.097939141979504,0.0,142.72001705762142,142.72001705762142,1.332574968771785,3.567735195159912,-0.07291834056377411,0.01402185211321077,1.0,1904.0019849006176,-2.0613565070268702,7,7,8,65.14564377201401,0.657089567051274,0.0,1.2800143981795387,-347.1633501439619,175.80286847335313,1.9077187558322513,1.897801515974514,0.009917239857737181,0,1.2462164906484061,nan
GT+smooth-jitter_controlled_forward3x6_SoftMS_local_prior_3frame_causal_heading_continuous_waypoint_RNN_polynomial_Kalman,1,controlled_gt_jitter,8.0,-352.76581175621226,181.16553138363835,-4.662692859727894,3.298862682466479,0,0,6,-348.90121518134526,176.77549105071674,-348.1031188964844,177.86666870117188,-1,-348.9012145996094,176.77549743652344,-348.90121518134526,176.77549105071674,0.0,0,0.0,0.0,858,/yh/study/uav-sat/v36_GvsK/v36_training_data/routes/route_C/vi/vi_000858.jpg,-348.1031188964844,177.86666870117188,1905.9788850159332,-3.172348236351167,7,1.9815195689192826,1.9815195689192826,1,1.9815195689192826,147.73103108958318,3.6784390631899737,1905.9788850159332,-2.0805911234891314,-348.7476407010616,176.98546200753557,1.0917571128620525,10.138946739245723,1,0.0,0,0,0.32198861855629834,1.0,1911.6898193359375,-3.082376480102539,0,0,6,18,1,142.72477545831708,-362.66119384765625,173.13809204101562,-361.35711669921875,182.8318328857422,1,-361.35711669921875,182.8318328857422,1919.6080322265625,0.6445764303207397,0.9030876159667969,0.050400957465171814,4.0,4.0,0,1915.609619140625,0.29647740721702576,10.23639541664826,21.143775939941406,8.326335906982422,0.32198861855629834,1915.609619140625,0.29647740721702576,1909.114353716963,-0.19930990287123906,6.495265423661978,0.4957873100882648,0.0,0,2.4768994611491033,2.476824775830997,-0.01923461646226111,3.1817750930786133,-0.02478260174393654,0.7835558652877808,0.04050035774707794,-1.1103395638610736,0.0,142.70761663573984,142.70761663573984,5.023414453843328,3.5727944374084473,-0.07377941161394119,0.015549053472510871,1.0,1905.9788850159332,-1.8204509234011175,7,7,8,63.16874365669838,0.667495476567061,0.0,1.2002555241593307,-348.90121518134526,176.77549105071674,1.9915244327290813,1.9815195689192826,0.010004863809798703,0,1.3518973129500433,nan
GT+smooth-jitter_controlled_forward3x6_SoftMS_local_prior_3frame_causal_heading_continuous_waypoint_RNN_polynomial_Kalman,1,controlled_gt_jitter,8.0,-354.54069400735796,182.0496524644182,-4.763045081576725,3.1256564927384884,0,0,6,-350.5972661524975,177.80339433916305,-349.77764892578125,178.9239959716797,-1,-350.5972595214844,177.8033905029297,-350.5972661524975,177.80339433916305,0.0,0,0.0,0.0,859,/yh/study/uav-sat/v36_GvsK/v36_training_data/routes/route_C/vi/vi_000859.jpg,-349.77764892578125,178.9239959716797,1907.9546702208247,-3.0372016488662976,7,1.9804019228370018,1.9804019228370018,1,1.9804019228370018,147.73097592300266,-5.516658052213439e-05,1907.9546702208247,-1.8397061483451849,-350.4845936773898,177.9574430285144,1.197495500521125,10.613823837691285,1,0.0,0,0,0.2520720155871287,1.0,1913.6444091796875,-2.7481839656829834,0,0,6,18,1,142.71876990776767,-362.66119384765625,173.13809204101562,-361.43792724609375,182.91455078125,1,-361.43792724609375,182.91455078125,1919.7220458984375,0.6255177855491638,0.9270757436752319,0.02771170437335968,4.0,4.0,0,1915.7237548828125,0.2806972563266754,8.447906819456273,21.103328704833984,8.317272186279297,0.2520720155871287,1915.7237548828125,0.2806972563266754,1910.8978682636894,-0.07378732262642229,4.825886619123186,0.3544845789530975,0.0,0,2.475502403546252,2.4754275158597605,-0.01925522494406744,3.1751699447631836,-0.024527300149202347,0.7790800929069519,0.0405438169836998,-1.0958171943034514,0.0,142.72213900529746,142.72213900529746,5.0088369177051835,3.563976764678955,-0.07242774218320847,0.010114023566122185,1.0,1907.9546702208247,-1.6488499581449012,7,7,8,61.192958451806874,0.677895517472238,0.0,1.1947680219261818,-350.5972661524975,177.80339433916305,1.9832231511217453,1.9804019228370018,0.0028212282847435155,0,1.388351690721423,nan
GT+smooth-jitter_controlled_forward3x6_SoftMS_local_prior_3frame_causal_heading_continuous_waypoint_RNN_polynomial_Kalman,1,controlled_gt_jitter,8.0,-356.3089095088127,182.9306668052937,-4.8567305537345895,2.9493130455280805,0,0,6,-352.25054505549446,178.88980721058326,-351.4521789550781,179.98135375976562,-1,-352.25054931640625,178.88980102539062,-352.25054505549446,178.88980721058326,0.0,0,0.0,0.0,860,/yh/study/uav-sat/v36_GvsK/v36_training_data/routes/route_C/vi/vi_000860.jpg,-351.4521789550781,179.98135375976562,1909.930473441852,-2.9020796935031297,7,1.9804182161965131,1.9804182161965131,1,1.9804182161965131,147.73022937904304,-0.0007465439596040832,1909.930473441852,-1.6680321030963559,-352.1807023331564,178.98529796665852,1.2340475904067747,11.31611984354098,1,0.0,0,0,0.2048108549750224,1.0,1915.5916748046875,-2.415419816970825,0,0,6,18,1,142.71994907589485,-372.0021057128906,192.23052978515625,-366.4160461425781,183.6450653076172,1,-366.4160461425781,183.6450653076172,1924.17138671875,2.9747326374053955,0.9212120771408081,0.007517233490943909,4.0,4.0,0,1920.1729736328125,2.625221014022827,11.638722579099616,21.14781379699707,8.327598571777344,0.2048108549750224,1920.1729736328125,2.625221014022827,1912.7437032930334,0.019905807612431436,7.429270339779215,2.6053152064103955,0.0,0,2.4755227702456413,2.4754484505478427,-0.01918214495145458,3.1803693771362305,-0.024897560477256775,0.7828611731529236,0.040397778153419495,-1.0989379504239125,0.0,142.719018249177,142.719018249177,5.011211129866041,3.5710527896881104,-0.07320103794336319,0.0054970852396667045,1.0,1909.930473441852,-1.5497253393023278,7,7,8,59.21715523077961,0.6882956532098635,0.0,1.1999511609397173,-352.25054505549446,178.88980721058326,1.9782881636107104,1.9804182161965131,0.0,0,1.3523543542008192,nan
GT+smooth-jitter_controlled_forward3x6_SoftMS_local_prior_3frame_causal_heading_continuous_waypoint_RNN_polynomial_Kalman,1,controlled_gt_jitter,8.0,-358.1280691983182,183.74933091602907,-4.943651473708822,2.770098127943118,0,0,6,-353.9361757214332,179.95141003004875,-353.1844177246094,180.97923278808594,-1,-353.9361877441406,179.951416015625,-353.9361757214332,179.95141003004875,0.0,0,0.0,0.0,861,/yh/study/uav-sat/v36_GvsK/v36_training_data/routes/route_C/vi/vi_000861.jpg,-353.1844177246094,180.97923278808594,1911.9177425562086,-2.6848812198606455,7,1.999103226406438,1.999103226406438,1,1.999103226406438,150.0553380620465,2.3251086830034593,1911.9177425562086,-1.5691978486803808,-353.8430644613775,180.0787141259401,1.115683371180276,11.868274689722378,1,0.0,0,0,0.18783744889859114,1.0,1917.5433349609375,-2.0022549629211426,0,0,6,18,1,142.71962325452708,-372.0021057128906,192.23052978515625,-366.4351806640625,183.48147583007812,1,-366.4351806640625,183.48147583007812,1924.0902099609375,3.1180691719055176,0.9253131747245789,0.0016301125288009644,4.0,4.0,0,1920.091796875,2.771611213684082,9.827943512448751,21.125774383544922,8.322023391723633,0.18783744889859114,1920.091796875,2.771611213684082,1914.6842955406798,0.09073394200229457,5.407501334320251,2.680877271681788,0.0,0,2.498879033008047,2.4988031621129654,-0.019472509378053022,3.180664300918579,-0.02472762204706669,0.7820611000061035,0.040527697652578354,-1.1062808306684992,0.0,142.71167536893242,142.71167536893242,7.343662693114087,3.5709431171417236,-0.07342181354761124,0.006374885342631057,1.0,1911.9177425562086,-1.4114764500691879,7,7,8,57.22988611642296,0.6987561425523975,0.0,1.1815610745121412,-353.9361757214332,179.95141003004875,1.9920721091993965,1.999103226406438,0.0,0,1.273404769791493,nan
GT+smooth-jitter_controlled_forward3x6_SoftMS_local_prior_3frame_causal_heading_continuous_waypoint_RNN_polynomial_Kalman,1,controlled_gt_jitter,8.0,-359.94056062655096,184.56549908455665,-5.023721026941607,2.5882804566269573,0,0,6,-355.69497054638975,180.9133380982741,-354.9168395996094,181.9772186279297,-1,-355.6949768066406,180.91334533691406,-355.69497054638975,180.9133380982741,0.0,0,0.0,0.0,862,/yh/study/uav-sat/v36_GvsK/v36_training_data/routes/route_C/vi/vi_000862.jpg,-354.9168395996094,181.9772186279297,1913.9052225197715,-2.4676608618288514,7,1.9993152051407879,1.9993152051407879,1,1.9993152051407879,150.0553050055431,-3.3056503422286994e-05,1913.9052225197715,-1.4309257591021536,-355.52887900966317,181.14042269476155,1.036735102726693,11.959066096339805,1,0.0,0,0,0.24951105136040602,1.0,1919.488037109375,-1.5910120010375977,1,1,6,18,1,142.71684144654418,-372.0021057128906,192.23052978515625,-366.3255615234375,183.75123596191406,1,-366.3255615234375,183.75123596191406,1924.1610107421875,2.8356194496154785,0.9219346642494202,0.025556281208992004,4.0,4.0,1,1920.16259765625,2.485822916030884,7.980710816471074,21.173114776611328,8.332479476928711,0.24951105136040602,1920.16259765625,2.485822916030884,1916.8413779110126,0.3307674756425163,3.321219745237342,2.1550554403883675,0.0,0,2.4991440064259844,2.499068324242669,-0.01944930903296571,3.187309503555298,-0.025044048205018044,0.7861005663871765,0.04044056311249733,-1.1187097472455128,0.0,142.6992464523554,142.6992464523554,7.356058553187678,3.579583168029785,-0.07472553849220276,0.011030336007670033,1.0,1913.9052225197715,-1.149582885486946,7,7,8,55.24240615286004,0.7092177417526047,0.0,1.18799429841451,-355.69497054638975,180.9133380982741,2.004660780464802,1.9993152051407879,0.00534557532401414,0,1.3180779763419126,nan
GT+smooth-jitter_controlled_forward3x6_SoftMS_local_prior_3frame_causal_heading_continuous_waypoint_RNN_polynomial_Kalman,1,controlled_gt_jitter,8.0,-361.74719305526355,185.37997654334143,-5.096863465419781,2.4041312064273788,0,0,6,-357.4149281366008,181.9304666506357,-356.65032958984375,182.97584533691406,-1,-357.4149169921875,181.9304656982422,-357.4149281366008,181.9304666506357,0.0,0,0.0,0.0,863,/yh/study/uav-sat/v36_GvsK/v36_training_data/routes/route_C/vi/vi_000863.jpg,-356.65032958984375,182.97584533691406,1915.8939429464494,-2.250327213596819,7,2.000560633957326,2.000560633957326,1,2.000560633957326,150.05467053223333,-0.0006344733097545398,1915.8939429464494,-1.16914729030617,-357.28860712156074,182.1031759728179,1.081179923290638,12.310543819623389,1,0.0,0,0,0.2726793872154132,1.0,1921.4271240234375,-1.1818633079528809,0,0,6,18,1,142.71068317723376,-372.0021057128906,192.23052978515625,-371.4503479003906,188.72418212890625,1,-371.4503479003906,188.72418212890625,1931.2332763671875,1.847160816192627,0.9314546585083008,0.03691801428794861,4.0,4.0,0,1927.2349853515625,1.5060210227966309,11.946940817951312,21.161231994628906,8.328512191772461,0.2726793872154132,1927.2349853515625,1.5060210227966309,1918.8938112612918,0.630773698599262,8.341174090270671,0.8752473241973688,0.0,0,2.5007007924466573,2.5006242595414867,-0.019564404819223887,3.1909568309783936,-0.02497633546590805,0.7849880456924438,0.04053729027509689,-1.1391703259562262,0.0,142.6787858736447,142.6787858736447,7.375884658588637,3.582648754119873,-0.07594921439886093,0.008481388618336017,1.0,1915.8939429464494,-0.9551718038377993,7,7,8,53.25368572618214,0.7196858704414957,0.0,1.1903961970210677,-357.4149281366008,181.9304666506357,1.9982003413456295,2.000560633957326,0.0,0,1.295155409759014,nan
GT+smooth-jitter_controlled_forward3x6_SoftMS_local_prior_3frame_causal_heading_continuous_waypoint_RNN_polynomial_Kalman,1,controlled_gt_jitter,8.0,-363.4637038625952,186.206342116674,-5.163014165329555,2.21792353757242,0,0,6,-359.0770174661403,182.9270034003913,-358.3006896972656,183.98841857910156,-1,-359.0770263671875,182.927001953125,-359.0770174661403,182.9270034003913,0.0,0,0.0,0.0,864,/yh/study/uav-sat/v36_GvsK/v36_training_data/routes/route_C/vi/vi_000864.jpg,-358.3006896972656,183.98841857910156,1917.8237988476108,-2.0933263992160183,7,1.9362316635577594,1.9362316635577594,1,1.9362316635577594,148.468934125063,-1.5857364071703484,1917.8237988476108,-0.9741116572358146,-358.9614211884666,183.08504958738158,1.1192147419802205,12.691449048119061,1,0.0,0,0,0.23742651510600005,1.0,1923.3004150390625,-0.8355135321617126,0,0,6,18,1,142.69951912631367,-372.0021057128906,192.23052978515625,-371.58001708984375,188.44776916503906,1,-371.58001708984375,188.44776916503906,1931.1746826171875,2.1468167304992676,0.9307329058647156,0.022658079862594604,4.0,4.0,0,1927.1763916015625,1.8087892532348633,10.133977392237114,21.112998962402344,8.318365097045898,0.23742651510600005,1927.1763916015625,1.8087892532348633,1920.7267217641522,0.7676420926890857,6.449669837410239,1.0411471605457778,0.0,0,2.4202895794471995,2.42021547188137,-0.018939853398015256,3.1858131885528564,-0.02445058897137642,0.7817305326461792,0.04083147272467613,-1.1269755568016975,0.0,142.69098064279922,142.69098064279922,5.777953482263761,3.5759072303771973,-0.0743807777762413,0.007117496619749995,1.0,1917.8237988476108,-0.7783028304832912,7,7,8,51.32382982502082,0.7298441509385282,0.0,1.249581524995097,-359.0770174661403,182.9270034003913,1.937943867345644,1.9362316635577594,0.0017122037878845031,0,1.315023568732705,nan
GT+smooth-jitter_controlled_forward3x6_SoftMS_local_prior_3frame_causal_heading_continuous_waypoint_RNN_polynomial_Kalman,1,controlled_gt_jitter,8.0,-365.1734441266636,187.031107049073,-5.222119663772962,2.0299321223151794,0,0,6,-360.71836154617193,183.9524622109824,-359.9513244628906,185.0011749267578,-1,-360.7183532714844,183.9524688720703,-360.71836154617193,183.9524622109824,0.0,0,0.0,0.0,865,/yh/study/uav-sat/v36_GvsK/v36_training_data/routes/route_C/vi/vi_000865.jpg,-359.9513244628906,185.0011749267578,1919.7539845346832,-1.9363112323425344,7,1.9365615273489056,1.9365615273489056,1,1.9365615273489056,148.46856619786814,-0.00036792719484352666,1919.7539845346832,-0.7970451383184952,-360.62389332474044,184.08162157916843,1.139266094024041,13.18740444726385,1,0.0,0,0,0.2051308574116603,1.0,1925.1673583984375,-0.49186888337135315,0,0,6,18,1,142.6965307051084,-376.7639465332031,187.5022735595703,-374.8311462402344,188.87747192382812,1,-374.8311462402344,188.87747192382812,1934.052490234375,3.719297170639038,0.9171842932701111,0.006759122014045715,4.0,4.0,0,1930.0540771484375,3.3718714714050293,11.587437657578944,21.184398651123047,8.334711074829102,0.2051308574116603,1930.0540771484375,3.3718714714050293,1922.5680943925654,0.8914207764107446,7.485982755872193,2.4804506949942846,0.0,0,2.420701909186132,2.420629351849307,-0.01874230783520401,3.189547061920166,-0.024876223877072334,0.786105751991272,0.040617719292640686,-1.1339064912619679,0.0,142.68404970833896,142.68404970833896,5.784516489529187,3.581808090209961,-0.07546292990446091,0.005326215834016862,1.0,1919.7539845346832,-0.6370251794050946,7,7,8,49.39364413794834,0.7400041673464065,0.0,1.2529855345712604,-360.71836154617193,183.9524622109824,1.9353491057878218,1.9365615273489056,0.0,0,1.2992860529374435,nan
GT+smooth-jitter_controlled_forward3x6_SoftMS_local_prior_3frame_causal_heading_continuous_waypoint_RNN_polynomial_Kalman,1,controlled_gt_jitter,8.0,-367.04092234257655,187.95548394153633,-5.274137674607809,1.8404326720050732,0,0,6,-362.5659444552606,185.02241957135587,-361.76678466796875,186.11505126953125,-1,-362.5659484863281,185.0224151611328,-362.5659444552606,185.02241957135587,0.0,0,0.0,0.0,866,/yh/study/uav-sat/v36_GvsK/v36_training_data/routes/route_C/vi/vi_000866.jpg,-361.76678466796875,186.11505126953125,1921.8769047776204,-1.7636094508209097,7,2.129933394078941,2.129933394078941,1,2.129933394078941,148.46878609687352,0.00021989900538385893,1921.8769047776204,-0.6577218054173106,-362.4196484711702,185.22243918204552,1.1058876454035924,13.310232306401094,1,0.0,0,0,0.23620349783066663,1.0,1927.220458984375,-0.13550451397895813,0,0,6,18,1,142.69216237224734,-376.7639465332031,187.5022735595703,-374.8740539550781,188.5665283203125,1,-374.8740539550781,188.5665283203125,1933.903564453125,3.9956045150756836,0.9123895168304443,0.01813332736492157,4.0,4.0,0,1929.9052734375,3.6557857990264893,9.686307253696132,21.148025512695312,8.325691223144531,0.23620349783066663,1929.9052734375,3.6557857990264893,1924.7764643966548,1.0820139660032893,5.128809040845228,2.5737718330231996,0.0,0,2.6624167425986762,2.662336297491633,-0.020696626012216026,3.1885831356048584,-0.024597885087132454,0.7831904292106628,0.04077955335378647,-1.1397772522970055,0.0,142.6781789473039,142.6781789473039,5.790607149569609,3.5793862342834473,-0.07542258501052856,0.007900834441153647,1.0,1921.8769047776204,-0.4099106684169407,7,7,8,47.270723895011145,0.7511786904222525,0.0,1.0586497415259175,-362.5659444552606,185.02241957135587,2.135034275831161,2.129933394078941,0.005100881752220232,0,1.3536987824039586,nan
GT+smooth-jitter_controlled_forward3x6_SoftMS_local_prior_3frame_causal_heading_continuous_waypoint_RNN_polynomial_Kalman,1,controlled_gt_jitter,8.0,-368.6739565171109,188.7261022223745,-5.319037083517156,1.6497014655385571,0,0,6,-364.27662361264044,185.81622323241362,-363.35491943359375,187.07640075683594,-1,-364.276611328125,185.81622314453125,-364.27662361264044,185.81622323241362,0.0,0,0.0,0.0,867,/yh/study/uav-sat/v36_GvsK/v36_training_data/routes/route_C/vi/vi_000867.jpg,-363.35491943359375,187.07640075683594,1923.7262956984262,-1.6019985212127914,7,1.8564387602417052,1.8564387602417052,1,1.8564387602417052,148.81212032147516,0.34333422460164376,1923.7262956984262,-0.42787380807664316,-364.04806717679963,186.12871143639092,1.1741247131361123,12.637098094336782,1,0.0,0,0,0.2810271071231738,1.0,1928.993408203125,0.20656071603298187,1,1,6,18,1,142.6872682215419,-372.0021057128906,192.23052978515625,-374.81427001953125,188.99609375,1,-374.81427001953125,188.99609375,1934.1090087890625,3.613589286804199,0.9246713519096375,0.038764774799346924,4.0,4.0,1,1930.110595703125,3.2654662132263184,8.028169124464565,21.17498779296875,8.333146095275879,0.2810271071231738,1930.110595703125,3.2654662132263184,1926.7491202430149,1.3858209186765937,3.3614754601101158,1.8796452945497248,0.0,1,2.3205484503021316,2.320478923802841,-0.017963139659702452,3.187833547592163,-0.024792026728391647,0.7848273515701294,0.04065624251961708,-1.1195875332755651,0.0,142.69836866632536,142.69836866632536,6.113751655149812,3.5794763565063477,-0.07441838085651398,0.014150001232770795,1.0,1923.7262956984262,-0.04072148406296472,7,7,8,45.42133297420543,0.7609134233165088,0.0,1.331394787350458,-364.27662361264044,185.81622323241362,1.8858810757315796,1.8564387602417052,0.029442315489874415,0,1.5612770371498086,nan
GT+smooth-jitter_controlled_forward3x6_SoftMS_local_prior_3frame_causal_heading_continuous_waypoint_RNN_polynomial_Kalman,1,controlled_gt_jitter,8.0,-370.45445417246043,189.58934727759222,-5.356797922460452,1.458014880131287,0,0,6,-365.99778375188714,186.9006550578336,-365.09765625,188.13133239746094,-1,-365.9977722167969,186.90065002441406,-365.99778375188714,186.9006550578336,0.0,0,0.0,0.0,868,/yh/study/uav-sat/v36_GvsK/v36_training_data/routes/route_C/vi/vi_000868.jpg,-365.09765625,188.13133239746094,1925.7557194287433,-1.4246522484154884,7,2.0371579167186686,2.0371579167186686,1,2.0371579167186686,148.8122041189177,8.379744253435954e-05,1925.7557194287433,-0.060483614992651674,-365.9029969425433,187.03025000756065,1.36416863342282,13.073311518608438,1,0.0,0,0,0.21416224110487853,1.0,1930.940185546875,0.5609181523323059,0,0,6,18,1,142.69115342524088,-376.7639465332031,187.5022735595703,-379.1902770996094,188.69012451171875,1,-379.1902770996094,188.69012451171875,1937.46044921875,6.443938732147217,0.8884729146957397,0.0040551722049713135,4.0,4.0,0,1933.462158203125,6.103514671325684,10.773230516181272,21.164512634277344,8.328903198242188,0.21416224110487853,1933.462158203125,6.103514671325684,1928.5946655917817,1.6428840828303979,4.867492611343279,4.460630588495286,0.0,0,2.546447395898336,2.546370711082449,-0.01976213092968695,3.1917519569396973,-0.02486918307840824,0.7854188084602356,0.04063849523663521,-1.1551712180257447,0.0,142.6627849815752,142.6627849815752,6.149419137342526,3.5836410522460938,-0.07681238651275635,0.0054860807334145365,1.0,1925.7557194287433,0.10007600079017079,7,7,8,43.39190924388828,0.771595804051511,0.0,1.1545940402210286,-365.99778375188714,186.9006550578336,2.034301995504959,2.0371579167186686,0.0,0,1.5247282492056735,nan
GT+smooth-jitter_controlled_forward3x6_SoftMS_local_prior_3frame_causal_heading_continuous_waypoint_RNN_polynomial_Kalman,1,controlled_gt_jitter,8.0,-372.22981855026393,190.45311840776597,-5.38741132370141,1.2656489253441041,0,0,6,-367.8527777734603,187.80606503239989,-366.8424072265625,189.18746948242188,-1,-367.852783203125,187.80606079101562,-367.8527777734603,187.80606503239989,0.0,0,0.0,0.0,869,/yh/study/uav-sat/v36_GvsK/v36_training_data/routes/route_C/vi/vi_000869.jpg,-366.8424072265625,189.18746948242188,1927.7874805164638,-1.2470898794570329,7,2.039505212654673,2.039505212654673,1,2.039505212654673,148.81253548632182,0.0003313674041260263,1927.7874805164638,0.08024789157039594,-367.6260047185206,188.11611495240254,1.3273377710274064,12.521428764957403,1,0.0,0,0,0.3075838418639079,1.0,1932.883056640625,0.9118204712867737,0,0,6,18,1,142.6812244646218,-376.7639465332031,187.5022735595703,-379.3780517578125,192.80101013183594,1,-379.3780517578125,192.80101013183594,1940.038818359375,3.2367095947265625,0.8761109113693237,0.038704171776771545,4.0,4.0,0,1936.0404052734375,2.89206600189209,9.232734072547252,21.173738479614258,8.331892013549805,0.3075838418639079,1936.0404052734375,2.89206600189209,1930.8833360815895,1.937761230645844,5.157069191847951,0.9543047712462456,0.0,1,2.549381515818341,2.549304406947313,-0.019828109219774848,3.1920480728149414,-0.024722155183553696,0.7858123779296875,0.04077363759279251,-1.1438351317159334,0.0,142.67412106788498,142.67412106788498,6.138414418436841,3.584153413772583,-0.07589863240718842,0.014387398971354562,1.0,1927.7874805164638,0.46437934217069654,7,7,8,41.36014815616778,0.7822904880533583,0.0,1.1525428601602683,-367.8527777734603,187.80606503239989,2.0641632789380266,2.039505212654673,0.02465806628335354,0,1.7114692216277403,nan
GT+smooth-jitter_controlled_forward3x6_SoftMS_local_prior_3frame_causal_heading_continuous_waypoint_RNN_polynomial_Kalman,1,controlled_gt_jitter,8.0,-373.9666045513078,191.30513280960272,-5.4108794536515425,1.0728787812824168,0,0,6,-369.63889511650194,188.75131627854316,-368.55572509765625,190.2322540283203,-1,-369.6388854980469,188.75131225585938,-369.63889511650194,188.75131627854316,0.0,0,0.0,0.0,870,/yh/study/uav-sat/v36_GvsK/v36_training_data/routes/route_C/vi/vi_000870.jpg,-368.55572509765625,190.2322540283203,1929.7871685162315,-1.0789209811961729,7,2.00674683873114,2.00674683873114,1,2.00674683873114,148.62508059110388,-0.18745489521795036,1929.7871685162315,0.44491515202139514,-369.455325936424,189.002296755978,1.5238361332175456,12.321432741163209,1,0.0,0,0,0.25172109473112975,1.0,1934.7879638671875,1.2494374513626099,0,0,6,18,1,142.67873827576392,-376.7639465332031,187.5022735595703,-379.3171691894531,193.021728515625,1,-379.3171691894531,193.021728515625,1940.1199951171875,3.022615671157837,0.8868078589439392,0.018712401390075684,4.0,4.0,0,1936.1217041015625,2.6804869174957275,7.366104046955208,21.15562629699707,8.328010559082031,0.25172109473112975,1936.1217041015625,2.6804869174957275,1932.729401526742,2.2102549583277593,3.3923025748203615,0.4702319591679682,0.0,1,2.5084335484139246,2.5083580310853364,-0.019464190149301414,3.1892507076263428,-0.024660026654601097,0.7838597297668457,0.04076339304447174,-1.132796478800135,0.0,142.68515972080078,142.68515972080078,5.939920870303093,3.5803959369659424,-0.07507650554180145,0.01138384016602952,1.0,1929.7871685162315,0.755863449858676,7,7,8,39.36046015640005,0.7928163473136102,0.0,1.182503868895203,-369.63889511650194,188.75131627854316,2.0208203981179604,2.00674683873114,0.014073559386820644,0,1.8347844310548311,nan
GT+smooth-jitter_controlled_forward3x6_SoftMS_local_prior_3frame_causal_heading_continuous_waypoint_RNN_polynomial_Kalman,1,controlled_gt_jitter,8.0,-375.6961058076703,192.15689484577814,-5.427215426810894,0.8799783418718891,0,0,6,-371.41568281292695,189.70899256375012,-370.2688903808594,191.27691650390625,-1,-371.4156799316406,189.70899963378906,-371.41568281292695,189.70899256375012,0.0,0,0.0,0.0,871,/yh/study/uav-sat/v36_GvsK/v36_training_data/routes/route_C/vi/vi_000871.jpg,-370.2688903808594,191.27691650390625,1931.786661290847,-0.9107436351278667,7,2.0065530083877134,2.0065530083877134,1,2.0065530083877134,148.62578811893167,0.0007075278277783104,1931.786661290847,0.7364390635077777,-371.2413092026704,189.947400622966,1.6471826986356521,12.238686863596804,1,0.0,0,0,0.28003465998534116,1.0,1936.686767578125,1.58295738697052,0,0,6,18,1,142.68098583488768,-376.7030029296875,197.01858520507812,-384.22576904296875,193.68634033203125,1,-384.22576904296875,193.68634033203125,1944.4742431640625,5.3839826583862305,0.9546858668327332,0.04497098922729492,4.0,4.0,0,1940.475830078125,5.037094593048096,10.529882895946994,21.19911003112793,8.3375883102417,0.28003465998534116,1940.475830078125,5.037094593048096,1934.8067566058066,2.5484962524835906,5.669073472318361,2.488598340564505,0.0,0,2.508191260484642,2.508116044441809,-0.0194243863508984,3.193779468536377,-0.024984005838632584,0.7870899438858032,0.04062759131193161,-1.1421793444507342,0.0,142.6757768551502,142.6757768551502,5.95001126378147,3.5865187644958496,-0.07617710530757904,0.01131658324202917,1.0,1931.786661290847,1.0318109623962488,7,7,8,37.36096738178463,0.8033411789573152,0.0,1.1872264601486635,-371.41568281292695,189.70899256375012,2.0184445460341656,2.0065530083877134,0.011891537646452122,0,1.9425545975241447,nan
GT+smooth-jitter_controlled_forward3x6_SoftMS_local_prior_3frame_causal_heading_continuous_waypoint_RNN_polynomial_Kalman,1,controlled_gt_jitter,8.0,-377.2625235223946,192.91372122894273,-5.43644320012899,0.6872197640989949,0,0,6,-373.0691941153591,190.52688449665746,-371.8260803222656,192.22650146484375,-1,-373.0691833496094,190.52688598632812,-373.0691941153591,190.52688449665746,0.0,0,0.0,0.0,872,/yh/study/uav-sat/v36_GvsK/v36_training_data/routes/route_C/vi/vi_000872.jpg,-371.8260803222656,192.22650146484375,1933.604130019813,-0.7579053843992996,7,1.8238837988357355,1.8238837988357355,1,1.8238837988357355,148.62487868408124,-0.0009094348504296828,1933.604130019813,1.0140569322605397,-372.8721631336544,190.79627029353637,1.7719623166597889,11.917233668073584,1,0.0,0,0,0.2799424054062739,1.0,1938.3978271484375,1.8968274593353271,1,1,6,18,1,142.6791627079878,-376.7030029296875,197.01858520507812,-384.2001953125,193.68043518066406,1,-384.2001953125,193.68043518066406,1944.4501953125,5.373651504516602,0.953926682472229,0.04476706683635712,4.0,4.0,1,1940.4517822265625,5.0296525955200195,8.965833375405031,21.1718807220459,8.331539154052734,0.2799424054062739,1940.4517822265625,5.0296525955200195,1936.6239716346804,2.825961901180892,3.8278105918821907,2.2036906943391275,0.0,1,2.279854748544669,2.2797856190606205,-0.01775403013570917,3.191218376159668,-0.024709973484277725,0.7846760153770447,0.04077526181936264,-1.1331353202159913,0.0,142.68482087938492,142.68482087938492,5.940057804696297,3.5827701091766357,-0.07518866658210754,0.013780794819068179,1.0,1933.604130019813,1.3478082098784596,7,7,8,35.54349865281853,0.8129078813895086,0.0,1.3673345773239325,-373.0691941153591,190.52688449665746,1.8447348972645845,1.8238837988357355,0.020851098428849024,0,2.1057135942777205,nan
GT+smooth-jitter_controlled_forward3x6_SoftMS_local_prior_3frame_causal_heading_continuous_waypoint_RNN_polynomial_Kalman,1,controlled_gt_jitter,8.0,-378.97643924502506,193.74519345865406,-5.438597448150088,0.4948730240837406,0,0,6,-374.80876835712326,191.51267713987147,-373.537841796875,193.2503204345703,-1,-374.80877685546875,191.51268005371094,-374.80876835712326,191.51267713987147,0.0,0,0.0,0.0,873,/yh/study/uav-sat/v36_GvsK/v36_training_data/routes/route_C/vi/vi_000873.jpg,-373.537841796875,193.2503204345703,1935.5901846960028,-0.5737330414326121,7,1.9945758017004072,1.9945758017004072,1,1.9945758017004072,149.11600035987254,0.49112167579130755,1935.5901846960028,1.328453602357782,-374.66080289678905,191.7149793011754,1.9021866437903983,11.980776257387813,1,0.0,0,0,0.2368494616783038,1.0,1940.2720947265625,2.237523317337036,1,1,6,18,1,142.68114303596028,-376.7030029296875,197.01858520507812,-384.3311767578125,193.5455322265625,1,-384.3311767578125,193.5455322265625,1944.4761962890625,5.559863090515137,0.961405873298645,0.02917531132698059,4.0,4.0,1,1940.477783203125,5.215263843536377,7.576351635253152,21.20775032043457,8.338775634765625,0.2368494616783038,1940.477783203125,5.215263843536377,1938.4915207156182,3.0692552141269838,1.9862624875068846,2.146008629409393,0.0,0,2.493219752125509,2.4931446270837365,-0.019354607520677712,3.1974904537200928,-0.025056835263967514,0.7877865433692932,0.04064476117491722,-1.1510975437943611,0.0,142.66685865580655,142.66685865580655,6.449141704065974,3.5905637741088867,-0.07688112556934357,0.009846392960681348,1.0,1935.5901846960028,1.5790926693847906,7,7,8,33.557443976628804,0.8233619782321993,0.0,1.2029146520196856,-374.80876835712326,191.51267713987147,1.9994763509539741,1.9945758017004072,0.004900549253566977,0,2.152825710817369,nan
GT+smooth-jitter_controlled_forward3x6_SoftMS_local_prior_3frame_causal_heading_continuous_waypoint_RNN_polynomial_Kalman,1,controlled_gt_jitter,8.0,-380.68277737442423,194.57702445055747,-5.433723419346127,0.3032054808309015,0,0,6,-376.4727947581806,192.6006892488835,-375.2490539550781,194.27381896972656,-1,-376.4728088378906,192.60069274902344,-376.4727947581806,192.6006892488835,0.0,0,0.0,0.0,874,/yh/study/uav-sat/v36_GvsK/v36_training_data/routes/route_C/vi/vi_000874.jpg,-375.2490539550781,194.27381896972656,1937.5756068245742,-0.38962635163401327,7,1.9939398942418467,1.9939398942418467,1,1.9939398942418467,149.11580020959323,-0.00020015027930238944,1937.5756068245742,1.559643708346763,-376.39981087881716,192.70047467517304,1.9492700599807748,12.556323917675734,1,0.0,0,0,0.2378130407965556,1.0,1942.140380859375,2.573456287384033,1,1,6,18,1,142.67614355093124,-395.6894836425781,187.62185668945312,-391.17364501953125,192.25527954101562,1,-391.17364501953125,192.25527954101562,1949.2374267578125,10.640754699707031,0.8911617398262024,0.014107033610343933,4.0,4.0,1,1945.239013671875,10.299166679382324,13.152113935301793,21.171510696411133,8.33090591430664,0.2378130407965556,1945.239013671875,10.299166679382324,1940.4795926867646,3.3020352256610797,4.759420985110321,6.997131453721245,0.0,0,2.4924248678023084,2.492348984302539,-0.019448961038027634,3.1933465003967285,-0.024751825258135796,0.7846646904945374,0.040785957127809525,-1.138813982180622,0.0,142.6791422174203,142.6791422174203,6.4366579921729326,3.58488392829895,-0.07562243193387985,0.004805094200716197,1.0,1937.5756068245742,1.6832712859608376,7,7,8,31.57202184805743,0.833812745501873,0.0,1.1994066061548818,-376.4727947581806,192.6006892488835,1.9881534681137407,1.9939398942418467,0.0,0,2.0728976375948505,nan
GT+smooth-jitter_controlled_forward3x6_SoftMS_local_prior_3frame_causal_heading_continuous_waypoint_RNN_polynomial_Kalman,1,controlled_gt_jitter,8.0,-382.3848284342358,195.4114011262199,-5.421876774079558,0.11248144848554509,0,0,6,-378.1766466502607,193.63952484932483,-376.96295166015625,195.29891967773438,-1,-378.1766357421875,193.6395263671875,-378.1766466502607,193.63952484932483,0.0,0,0.0,0.0,875,/yh/study/uav-sat/v36_GvsK/v36_training_data/routes/route_C/vi/vi_000875.jpg,-376.96295166015625,195.29891967773438,1939.564142426994,-0.20522742826696236,7,1.9970670507096606,1.9970670507096606,1,1.9970670507096606,149.11590086676534,0.00010065717209968282,1939.564142426994,1.6638637517243942,-378.066374762287,193.79029139455608,1.8690911799913263,12.885129261303609,1,0.0,0,0,0.21662675905589018,1.0,1944.0068359375,2.904803514480591,0,0,6,18,1,142.6771930521859,-395.5676574707031,206.65447998046875,-391.2012939453125,197.20297241210938,1,-391.2012939453125,197.20297241210938,1952.1806640625,6.663569450378418,0.8778913021087646,0.002713024616241455,4.0,4.0,0,1948.1822509765625,6.318734169006348,10.808971731614552,21.219709396362305,8.341245651245117,0.21662675905589018,1948.1822509765625,6.318734169006348,1942.4098660143977,3.371297904166613,5.772384962164735,2.9474362648397348,0.0,0,2.496333813387076,2.4962583711375954,-0.019407534236443393,3.2018320560455322,-0.025147220119833946,0.789534330368042,0.040677543729543686,-1.1563305359156486,0.0,142.66162566368527,142.66162566368527,6.4542752030800585,3.5957696437835693,-0.07738829404115677,0.006476348774585855,1.0,1939.564142426994,1.8506535813143696,7,7,8,29.583486245637516,0.8442799013219328,0.0,1.2047650053358716,-378.1766466502607,193.63952484932483,1.9955677575289628,1.9970670507096606,0.0,0,2.0558810095812867,nan
GT+smooth-jitter_controlled_forward3x6_SoftMS_local_prior_3frame_causal_heading_continuous_waypoint_RNN_polynomial_Kalman,1,controlled_gt_jitter,8.0,-384.93370201795665,196.76872593804757,-5.4031234046753776,-0.07703822210869751,0,0,6,-380.65184742184965,195.31273677076632,-379.53057861328125,196.84576416015625,-1,-380.65185546875,195.312744140625,-380.65184742184965,195.31273677076632,0.0,0,0.0,0.0,876,/yh/study/uav-sat/v36_GvsK/v36_training_data/routes/route_C/vi/vi_000876.jpg,-379.53057861328125,196.84576416015625,1942.5497745027224,0.062049827770396825,7,2.9975716877520995,2.9975716877520995,1,2.9975716877520995,148.93350470381856,-0.18239616294675995,1942.5497745027224,1.8256480209460701,-380.5717236414414,195.4222840523536,1.7635981931756515,13.434397713886437,1,0.0,0,0,0.21284965145949278,1.0,1946.8653564453125,3.3139796257019043,0,0,6,18,1,142.67174448221894,-400.4208679199219,187.65174865722656,-396.3284606933594,197.04132080078125,1,-396.3284606933594,197.04132080078125,1956.2235107421875,9.820882797241211,0.893705427646637,0.004681289196014404,4.0,4.0,0,1952.22509765625,9.471687316894531,13.496412701229861,21.209230422973633,8.340126037597656,0.21284965145949278,1952.22509765625,9.471687316894531,1945.385111044236,3.5268499458542335,6.839986612014037,5.944837371040299,0.0,1,3.198416231012465,3.1983184814453125,-0.025005560368299484,3.1954402923583984,-0.025063836947083473,0.7873854041099548,0.040629226714372635,-1.127566688330021,0.0,142.6903895112709,142.6903895112709,6.2431151925476716,3.5883445739746094,-0.07537699490785599,0.004474672738711453,1.0,1942.5497745027224,1.9613698949755154,7,7,8,26.597854169909226,0.8599955244769749,0.0,0.19786860460629896,-380.65184742184965,195.31273677076632,2.987684219212015,2.9975716877520995,0.0,0,1.8993200672051314,nan
GT+smooth-jitter_controlled_forward3x6_SoftMS_local_prior_3frame_causal_heading_continuous_waypoint_RNN_polynomial_Kalman,1,controlled_gt_jitter,8.0,-387.4773622361642,198.1285039120923,-5.377539238117297,-0.2650965517748977,0,0,6,-383.15174524783606,196.95538546304655,-382.0998229980469,198.3936004638672,-1,-383.1517333984375,196.95538330078125,-383.15174524783606,196.95538546304655,0.0,0,0.0,0.0,877,/yh/study/uav-sat/v36_GvsK/v36_training_data/routes/route_C/vi/vi_000877.jpg,-382.0998229980469,198.3936004638672,1945.5372976053202,0.3294813950541679,7,2.9994689416187046,2.9994689416187046,1,2.9994689416187046,148.9332197782163,-0.00028492560225333753,1945.5372976053202,1.936332282209488,-383.0484318243828,197.09663821763593,1.6068508871552734,13.82632121427473,1,0.0,0,0,0.2430121200120822,1.0,1949.7213134765625,3.7180979251861572,1,1,6,18,1,142.67827019436237,-400.4208679199219,187.65174865722656,-396.3749694824219,196.88583374023438,1,-396.3749694824219,196.88583374023438,1956.1693115234375,9.97383975982666,0.8869584798812866,0.015261948108673096,4.0,4.0,1,1952.1708984375,9.634737014770508,11.42770502546157,21.202056884765625,8.33652400970459,0.2430121200120822,1952.1708984375,9.634737014770508,1948.4555809353535,3.6873022802294235,3.7153175021465827,5.947434734541084,0.0,1,3.196833430927499,3.196735382080078,-0.02503761276602745,3.202643394470215,-0.025136636570096016,0.7880975008010864,0.04068511724472046,-1.1584569659033441,0.0,142.65949923369757,142.65949923369757,6.273720544518741,3.595860004425049,-0.07750926166772842,0.005584087613061724,1.0,1945.5372976053202,2.1113351511708736,7,7,8,23.610331067311392,0.8757211015261688,0.0,0.20317445285151026,-383.15174524783606,196.95538546304655,2.991284651553832,2.9994689416187046,0.0,0,1.7818537561166568,nan
GT+smooth-jitter_controlled_forward3x6_SoftMS_local_prior_3frame_causal_heading_continuous_waypoint_RNN_polynomial_Kalman,1,controlled_gt_jitter,8.0,-389.10512823480866,198.93309591261817,-5.3452100219180325,-0.45144083054589806,0,0,6,-384.78064985982877,197.98896633220167,-383.7599182128906,199.38453674316406,-1,-384.7806396484375,197.9889678955078,-384.78064985982877,197.98896633220167,0.0,0,0.0,0.0,878,/yh/study/uav-sat/v36_GvsK/v36_training_data/routes/route_C/vi/vi_000878.jpg,-383.7599182128906,199.38453674316406,1947.4622377129583,0.509693531105279,7,1.9333573989239161,1.9333573989239161,1,1.9333573989239161,149.1663752653224,0.23315548710606426,1947.4622377129583,2.092385662486729,-384.6942648515255,198.10707412468614,1.582692131381439,14.365394202841253,1,0.0,0,0,0.24208624604705725,1.0,1951.5101318359375,4.0296311378479,0,0,6,18,1,142.67170040615446,-405.1522216796875,187.681640625,-400.50189208984375,196.73440551757812,1,-400.50189208984375,196.73440551757812,1959.410888671875,12.532404899597168,0.9299213886260986,0.02434343844652176,4.0,4.0,0,1955.4124755859375,12.18654727935791,14.1264006631214,21.232627868652344,8.344083786010742,0.24208624604705725,1955.4124755859375,12.18654727935791,1950.3779748895877,3.841827968464374,5.034500696349779,8.344719310893536,0.0,0,2.4166967486548954,2.416622455378116,-0.018949488684144335,3.2050437927246094,-0.025315366685390472,0.790906548500061,0.04063429683446884,-1.1560625577124315,0.0,142.6618936418885,142.6618936418885,6.504481623433893,3.599663257598877,-0.0776398554444313,0.00430388295510357,1.0,1947.4622377129583,2.2387134462638256,7,7,8,21.68539095967327,0.8858535065112296,0.0,1.2716863938006933,-384.78064985982877,197.98896633220167,1.92914998070512,1.9333573989239161,0.0,0,1.7290199151585268,nan
GT+smooth-jitter_controlled_forward3x6_SoftMS_local_prior_3frame_causal_heading_continuous_waypoint_RNN_polynomial_Kalman,1,controlled_gt_jitter,8.0,-390.7276788476524,199.74051976976693,-5.306231093746145,-0.6358230036705755,0,0,6,-386.45494825030585,198.96331446495208,-385.42144775390625,200.3763427734375,-1,-386.4549560546875,198.96331787109375,-386.45494825030585,198.96331446495208,0.0,0,0.0,0.0,879,/yh/study/uav-sat/v36_GvsK/v36_training_data/routes/route_C/vi/vi_000879.jpg,-385.42144775390625,200.3763427734375,1949.3888489901915,0.6900504100744205,7,1.9350347845334328,1.9350347845334328,1,1.9350347845334328,149.16603000643212,-0.0003452588902457602,1949.3888489901915,2.2196712538520993,-386.3244636124117,199.1417163987772,1.5296208437776992,14.519847618249928,1,0.0,0,0,0.2063324714041129,1.0,1953.29638671875,4.3358001708984375,0,0,6,18,1,142.6682680226531,-405.1522216796875,187.681640625,-399.9659118652344,202.61932373046875,1,-399.9659118652344,202.61932373046875,1962.4525146484375,7.466002941131592,0.9428952932357788,0.012896187603473663,4.0,4.0,0,1958.4541015625,7.120071887969971,11.114134262547946,21.222929000854492,8.34221076965332,0.2063324714041129,1958.4541015625,7.120071887969971,1952.2062632865527,3.9101198316688857,6.247838275947198,3.209952056301085,0.0,0,2.418793480666791,2.418718523727869,-0.019042192411726288,3.2026894092559814,-0.02525184489786625,0.7896769642829895,0.04063582420349121,-1.1475569444833558,0.0,142.67039925511756,142.67039925511756,6.495630751314572,3.596707820892334,-0.07698173820972443,0.005831453139696796,1.0,1949.3888489901915,2.440699511590578,7,7,8,19.758779682440093,0.8959947081165431,0.0,1.2676546247225486,-386.45494825030585,198.96331446495208,1.9371704582065912,1.9350347845334328,0.002135673673158367,0,1.7506491015161743,nan
GT+smooth-jitter_controlled_forward3x6_SoftMS_local_prior_3frame_causal_heading_continuous_waypoint_RNN_polynomial_Kalman,1,controlled_gt_jitter,8.0,-392.50762486003265,200.6480186313607,-5.260707135423257,-0.818000045397096,0,0,6,-388.3197243092618,199.99925007923486,-387.2469177246094,201.4660186767578,-1,-388.3197326660156,199.99925231933594,-388.3197243092618,199.99925007923486,0.0,0,0.0,0.0,880,/yh/study/uav-sat/v36_GvsK/v36_training_data/routes/route_C/vi/vi_000880.jpg,-387.2469177246094,201.4660186767578,1951.5055617732846,0.8881947567159011,7,2.125966647954715,2.125966647954715,1,2.125966647954715,149.1657991074921,-0.0002308989400351487,1951.5055617732846,2.4197612614560486,-388.151082209398,200.2298218708693,1.531566504740174,14.36558654145759,1,0.0,0,0,0.2297384099996463,1.0,1955.268798828125,4.654112815856934,1,1,6,18,1,142.66901400737652,-400.2685852050781,211.44252014160156,-399.9269104003906,202.77365112304688,1,-399.9269104003906,202.77365112304688,1962.5120849609375,7.318413734436035,0.9477977156639099,0.023337095975875854,4.0,4.0,1,1958.513671875,6.9701995849609375,9.279245116309808,21.23025131225586,8.344009399414062,0.2297384099996463,1958.513671875,6.9701995849609375,1954.3873424007836,4.148829637955465,4.126329474216346,2.821369947005472,0.0,0,2.6574583099433937,2.6573758218905548,-0.02093825013452908,3.2026238441467285,-0.025294847786426544,0.7901530861854553,0.040611423552036285,-1.1421191534086736,0.0,142.67583704619224,142.67583704619224,6.489962061299854,3.596886157989502,-0.07669901847839355,0.007561243107613737,1.0,1951.5055617732846,2.7054245404122064,7,7,8,17.642066899346958,0.9071365566708187,0.0,1.0766571961920137,-388.3197243092618,199.99925007923486,2.133202368973637,2.125966647954715,0.007235721018922003,0,1.8172297836963454,nan
GT+smooth-jitter_controlled_forward3x6_SoftMS_local_prior_3frame_causal_heading_continuous_waypoint_RNN_polynomial_Kalman,1,controlled_gt_jitter,8.0,-394.04069160920136,201.55663274554806,-5.208751911935753,-0.9977343198816396,0,0,6,-389.99439050982375,200.96503458703367,-388.8319396972656,202.5543670654297,-1,-389.994384765625,200.9650421142578,-389.99439050982375,200.96503458703367,0.0,0,0.0,0.0,881,/yh/study/uav-sat/v36_GvsK/v36_training_data/routes/route_C/vi/vi_000881.jpg,-388.8319396972656,202.5543670654297,1953.4274143672562,0.9454614658297179,7,1.9227056116129106,1.9227056116129106,1,1.9227056116129106,145.52473129634384,-3.641067811148257,1953.4274143672562,2.686463233463407,-389.85974486366007,201.14912555777468,1.7410017676336877,14.487195824921196,1,0.0,0,0,0.2350017012989894,1.0,1957.0426025390625,4.825778961181641,0,0,6,18,1,142.6714021189868,-400.2685852050781,211.44252014160156,-403.98834228515625,203.47113037109375,1,-403.98834228515625,203.47113037109375,1966.2020263671875,9.15312385559082,0.9579659700393677,0.027679428458213806,4.0,4.0,0,1962.20361328125,8.812902450561523,11.786360550493256,21.229042053222656,8.342059135437012,0.2350017012989894,1962.20361328125,8.812902450561523,1956.3236690458284,4.42421604060674,5.879944235421545,4.388686409954785,0.0,0,2.4033820145161378,2.4033072164287366,-0.018961306948799085,3.2085697650909424,-0.02534976415336132,0.7909066677093506,0.04066364839673042,-1.1719433878629457,0.0,142.64601281173796,142.64601281173796,2.878718484605869,3.6031665802001953,-0.07872941344976425,0.006208614520591247,1.0,1953.4274143672562,2.9145398336204638,7,7,8,15.72021430537535,0.917252709753422,0.0,1.2858641534780317,-389.99439050982375,200.96503458703367,1.9331959545811124,1.9227056116129106,0.010490342968201727,0,1.9690783677907435,nan
GT+smooth-jitter_controlled_forward3x6_SoftMS_local_prior_3frame_causal_heading_continuous_waypoint_RNN_polynomial_Kalman,1,controlled_gt_jitter,8.0,-395.7244626055073,202.57575538780145,-5.150487996132291,-1.1747939286047904,0,0,6,-391.8657454323251,201.98440721268912,-390.573974609375,203.75054931640625,-1,-391.8657531738281,201.98440551757812,-391.8657454323251,201.98440721268912,0.0,0,0.0,0.0,882,/yh/study/uav-sat/v36_GvsK/v36_training_data/routes/route_C/vi/vi_000882.jpg,-390.573974609375,203.75054931640625,1955.539659243826,1.0083835920157074,7,2.1131818692576543,2.1131818692576543,1,2.1131818692576543,145.5242481493623,-0.00048314698152461234,1955.539659243826,2.893684141477082,-391.6869669572095,202.22883771578634,1.8853005494613777,14.273679874717827,1,0.0,0,0,0.26459362376097595,1.0,1959.0032958984375,4.997217655181885,1,1,6,18,1,142.6625158294332,-400.2685852050781,211.44252014160156,-404.0098876953125,203.3746337890625,1,-404.0098876953125,203.3746337890625,1966.1624755859375,9.243730545043945,0.9531723260879517,0.0384615957736969,4.0,4.0,1,1962.1640625,8.896279335021973,10.300563953150528,21.24552345275879,8.346858024597168,0.26459362376097595,1962.1640625,8.896279335021973,1958.5172917091686,4.680263620682693,3.6467707908313076,4.21601571433928,0.0,0,2.641477336572068,2.6413950025941,-0.020855692143381732,3.209219455718994,-0.025346599519252777,0.7933023571968079,0.040720317512750626,-1.1654012405768372,0.0,142.6525549590241,142.6525549590241,2.871693190338236,3.6050236225128174,-0.0783240795135498,0.008344518982859568,1.0,1955.539659243826,3.1965174520772104,7,7,8,13.607969428805575,0.9283710403612688,0.0,1.0960375864613399,-391.8657454323251,201.98440721268912,2.1309832932019526,2.1131818692576543,0.01780142394429829,0,2.1881338600614946,nan
GT+smooth-jitter_controlled_forward3x6_SoftMS_local_prior_3frame_causal_heading_continuous_waypoint_RNN_polynomial_Kalman,1,controlled_gt_jitter,8.0,-397.2451651321492,203.49003621410174,-5.086046479805495,-1.348953043710777,0,0,6,-393.575256761493,202.90280901994737,-392.15911865234375,204.8389892578125,-1,-393.57525634765625,202.90280151367188,-393.575256761493,202.90280901994737,0.0,0,0.0,0.0,883,/yh/study/uav-sat/v36_GvsK/v36_training_data/routes/route_C/vi/vi_000883.jpg,-392.15911865234375,204.8389892578125,1957.4616644146922,1.0656484693079076,7,1.922858066266919,1.922858066266919,1,1.922858066266919,145.5245413265171,0.00029317715477194807,1957.4616644146922,3.1775370251735,-393.405877850939,203.13438819799993,2.1118885558655967,14.11757419090864,1,0.0,0,0,0.2599014582074061,1.0,1960.7705078125,5.157011032104492,1,1,6,18,1,142.65902955147044,-400.2685852050781,211.44252014160156,-404.04241943359375,203.18795776367188,1,-404.04241943359375,203.18795776367188,1966.0784912109375,9.413610458374023,0.9523153305053711,0.03639619052410126,4.0,4.0,1,1962.080078125,9.071125984191895,9.242154264070253,21.24102783203125,8.345365524291992,0.2599014582074061,1962.080078125,9.071125984191895,1960.4263934247626,4.95637443121572,1.6536847002374104,4.114751552976174,0.0,1,2.403572582833649,2.4034976397625547,-0.018980426903710712,3.2091996669769287,-0.02542814053595066,0.7917948961257935,0.040634557604789734,-1.1676215856656202,0.0,142.65033461393529,142.65033461393529,2.874206712581791,3.6042442321777344,-0.07857242226600647,0.008164821967957472,1.0,1957.4616644146922,3.4644483896189433,7,7,8,11.68596425793936,0.9384879965706195,0.0,1.2863416007100097,-393.575256761493,202.90280901994737,1.9405903390794528,1.922858066266919,0.017732272812533756,0,2.3987999203110437,nan
GT+smooth-jitter_controlled_forward3x6_SoftMS_local_prior_3frame_causal_heading_continuous_waypoint_RNN_polynomial_Kalman,1,controlled_gt_jitter,8.0,-398.6619594941455,204.59888899886255,-5.015566671879844,-1.5199922267233976,0,0,6,-395.2927768932436,203.8679028206063,-393.6463928222656,206.11888122558594,-1,-395.29278564453125,203.86790466308594,-395.2927768932436,203.8679028206063,0.0,0,0.0,0.0,884,/yh/study/uav-sat/v36_GvsK/v36_training_data/routes/route_C/vi/vi_000884.jpg,-393.6463928222656,206.11888122558594,1959.4176985997524,0.9106059829894578,7,1.9621691837575486,1.9621691837575486,1,1.9621691837575486,139.2859565864245,-6.238584740092574,1959.4176985997524,3.4450441558291587,-395.1426053456408,204.07322120084035,2.5344381728396512,14.03908514475498,1,0.0,0,0,0.19143791067961607,1.0,1962.568603515625,5.098414421081543,0,0,6,18,1,142.65598627530838,-400.2381286621094,216.20068359375,-407.42108154296875,208.80621337890625,1,-407.42108154296875,208.80621337890625,1970.5712890625,7.3530097007751465,0.9263692498207092,0.003302633762359619,4.0,4.0,0,1966.572998046875,7.0185017585754395,9.40769371224497,21.229963302612305,8.341285705566406,0.19143791067961607,1966.572998046875,7.0185017585754395,1962.1941528541213,5.110916708450525,4.378845192753672,1.9075850501249143,0.0,0,2.452711479696936,2.4526347217529487,-0.019404233789784744,3.2143049240112305,-0.02539030835032463,0.7914824485778809,0.040739696472883224,-1.194799868868453,0.0,142.62315633073246,142.62315633073246,3.3371997443079504,3.609156608581543,-0.0802948996424675,0.006892124149031565,1.0,1959.4176985997524,3.6994201196531016,7,7,8,9.729930072879199,0.9487840730298353,0.0,1.252135740253682,-395.2927768932436,203.8679028206063,1.9700968115904902,1.9621691837575486,0.007927627832941653,0,2.7888141366636026,nan
GT+smooth-jitter_controlled_forward3x6_SoftMS_local_prior_3frame_causal_heading_continuous_waypoint_RNN_polynomial_Kalman,1,controlled_gt_jitter,8.0,-400.0729848469511,205.71113549638739,-4.939195784451106,-1.687698732128232,0,0,6,-397.0357496188428,204.79842511686337,-395.1337890625,207.39883422851562,-1,-397.0357360839844,204.79843139648438,-397.0357496188428,204.79842511686337,0.0,0,0.0,0.0,885,/yh/study/uav-sat/v36_GvsK/v36_training_data/routes/route_C/vi/vi_000885.jpg,-395.1337890625,207.39883422851562,1961.3738673455714,0.7555862969711826,7,1.9623015224914033,1.9623015224914033,1,1.9623015224914033,139.28693068241756,0.0009740959930423747,1961.3738673455714,3.6800313556155304,-396.860243220095,205.03838195347336,2.924445058644342,13.727971329359434,1,0.0,0,0,0.18709368127945813,1.0,1964.3641357421875,5.033672332763672,1,1,6,18,1,142.6444957626903,-400.2381286621094,216.20068359375,-407.50775146484375,208.71383666992188,1,-407.50775146484375,208.71383666992188,1970.5592041015625,7.4791059494018555,0.932192862033844,0.002846136689186096,4.0,4.0,1,1966.560791015625,7.137411117553711,8.22385950752838,21.25565528869629,8.348040580749512,0.18709368127945813,1966.560791015625,7.137411117553711,1964.13837496909,5.338735929726637,2.422416046535092,1.7986751878270746,0.0,1,2.452876903114254,2.4528002726802827,-0.01938876403757129,3.212996482849121,-0.025537218898534775,0.7928037643432617,0.04062831774353981,-1.1856656647923245,0.0,142.6322905348086,142.6322905348086,3.345359852391036,3.608517646789551,-0.07990866899490356,0.008170388567787608,1.0,1961.3738673455714,3.97732208779076,7,7,8,7.7737613270601855,0.9590808577833498,0.0,1.2506949603577178,-397.0357496188428,204.79842511686337,1.9758101290392347,1.9623015224914033,0.01350860654783137,0,3.221735790819566,nan
GT+smooth-jitter_controlled_forward3x6_SoftMS_local_prior_3frame_causal_heading_continuous_waypoint_RNN_polynomial_Kalman,1,controlled_gt_jitter,8.0,-401.4790673672083,206.8276528579709,-4.85708860744268,-1.8518667953494188,0,0,6,-398.79012234888006,205.71517829213818,-396.6219787597656,208.6795196533203,-1,-398.7901306152344,205.71517944335938,-398.79012234888006,205.71517829213818,0.0,0,0.0,0.0,886,/yh/study/uav-sat/v36_GvsK/v36_training_data/routes/route_C/vi/vi_000886.jpg,-396.6219787597656,208.6795196533203,1963.3311089138174,0.6004438595646765,7,1.9633806896154182,1.9633806896154182,1,1.9633806896154182,139.28583296605962,-0.0010977163579458929,1963.3311089138174,3.957864136003196,-398.6040410241659,205.96959343796306,3.357420276438449,13.362434338167118,1,0.0,0,0,0.21994241345290097,1.0,1966.158203125,4.962564945220947,1,1,6,18,1,142.64022390625126,-400.2685852050781,211.44252014160156,-407.5312805175781,208.6383819580078,1,-407.5312805175781,208.6383819580078,1970.5181884765625,7.546635627746582,0.9281523823738098,0.015096724033355713,4.0,4.0,1,1966.519775390625,7.203047752380371,7.332255591954026,21.24642562866211,8.34677791595459,0.21994241345290097,1966.519775390625,7.203047752380371,1966.1859505508128,5.670769118200482,0.33382483981213396,1.5322786341798884,0.0,1,2.454225862019273,2.4541487261200117,-0.019457951787563883,3.2102348804473877,-0.025297190994024277,0.7918282747268677,0.04077016934752464,-1.1707170487418113,0.0,142.64723915085912,142.64723915085912,3.361406184799496,3.6052958965301514,-0.07858991622924805,0.009496439645085607,1.0,1963.3311089138174,4.2730677619856445,7,7,8,5.816519758814195,0.9693832896067468,0.0,1.2468541908319695,-398.79012234888006,205.71517829213818,1.9794595374179618,1.9633806896154182,0.01607884780254354,0,3.6726239024208818,nan
GT+smooth-jitter_controlled_forward3x6_SoftMS_local_prior_3frame_causal_heading_continuous_waypoint_RNN_polynomial_Kalman,1,controlled_gt_jitter,8.0,-402.790861030085,207.93066474179665,-4.769407172663118,-2.0122979046877196,0,0,6,-400.65856416226796,206.33743799862302,-398.0214538574219,209.94296264648438,-1,-400.6585693359375,206.33743286132812,-400.65856416226796,206.33743799862302,0.0,0,0.0,0.0,887,/yh/study/uav-sat/v36_GvsK/v36_training_data/routes/route_C/vi/vi_000887.jpg,-398.0214538574219,209.94296264648438,1965.2065657873695,0.40684566385660814,7,1.8854226968866519,1.8854226968866519,1,1.8854226968866519,137.9243469392638,-1.3614860267958067,1965.2065657873695,4.25444515426092,-400.29289476458945,206.83739055042778,3.8475994904043187,10.852712059006288,1,0.0,0,0,0.45781568158034236,1.0,1967.8681640625,4.846695423126221,1,1,6,18,1,142.6426792525362,-400.2381286621094,216.20068359375,-410.80535888671875,209.5857696533203,1,-410.80535888671875,209.5857696533203,1973.3931884765625,9.3773775100708,0.8336382508277893,0.08945292234420776,4.0,4.0,1,1969.394775390625,9.028292655944824,9.534751111353005,21.274450302124023,8.353348731994629,0.45781568158034236,1969.394775390625,9.028292655944824,1968.7155589117156,6.359841028868485,0.679216478909531,2.6684516270763394,0.0,1,2.356778371108315,2.35670479462437,-0.018622607724724613,3.20974063873291,-0.025496769696474075,0.793260395526886,0.04062408581376076,-1.168892854624889,0.0,142.64906334497604,142.64906334497604,4.724716405712224,3.6055147647857666,-0.07875221967697144,0.03496014901667826,1.0,1965.2065657873695,4.873853470684487,7,7,8,3.941062885262056,0.9792552271799956,0.0,1.3243179418462583,-400.65856416226796,206.33743799862302,1.9693354087942654,1.8854226968866519,0.08391271190761351,0,4.467007806827878,nan
GT+smooth-jitter_controlled_forward3x6_SoftMS_local_prior_3frame_causal_heading_continuous_waypoint_RNN_polynomial_Kalman,1,controlled_gt_jitter,8.0,-404.23686728306564,209.16367269805485,-4.6763204080656084,-2.1688010568279594,0,0,6,-402.62529987112146,207.14226508336228,-399.560546875,211.3324737548828,-1,-402.62530517578125,207.1422576904297,-402.62529987112146,207.14226508336228,0.0,0,0.0,0.0,888,/yh/study/uav-sat/v36_GvsK/v36_training_data/routes/route_C/vi/vi_000888.jpg,-399.560546875,211.3324737548828,1967.2691392753322,0.19391599501165274,7,2.0735352509953606,2.0735352509953606,1,2.0735352509953606,137.9239086612581,-0.00043827800569622914,1967.2691392753322,4.853313573596652,-402.31123500903027,207.57166259442434,4.659397578585019,9.972929388327804,1,0.0,0,0,0.3881318541205302,1.0,1969.1475830078125,4.705132484436035,1,1,6,18,1,142.64491368489013,-400.2381286621094,216.20068359375,-410.8800048828125,209.5788116455078,1,-410.8800048828125,209.5788116455078,1973.437255859375,9.437992095947266,0.8364217877388,0.06219176948070526,4.0,4.0,1,1969.4388427734375,9.10041332244873,9.104584349797788,21.23227310180664,8.342878341674805,0.3881318541205302,1969.4388427734375,9.10041332244873,1969.4388427734375,6.843731132895527,0.0,2.256682189553204,0.0,1,2.591919063744201,2.5918376773301675,-0.020539897087835674,3.2110812664031982,-0.025229545310139656,0.7906534671783447,0.040817998349666595,-1.180122005785507,0.0,142.63783419381542,142.63783419381542,4.713925532557303,3.605543851852417,-0.0790955126285553,0.01760991451910444,1.0,1967.2691392753322,5.385308836833717,7,7,8,1.8784893972993473,0.990112099977524,0.0,1.1375460154078376,-402.62529987112146,207.14226508336228,2.1250402313390064,2.0735352509953606,0.05150498034364581,0,5.191392841822062,nan
GT+smooth-jitter_controlled_forward3x6_SoftMS_local_prior_3frame_causal_heading_continuous_waypoint_RNN_polynomial_Kalman,1,controlled_gt_jitter,8.0,-405.54028405646267,210.27676843021942,-4.5780037830251645,-2.321192995561823,0,0,6,-404.5854912905873,207.64421466640968,-400.9622802734375,212.59796142578125,-1,-404.5854797363281,207.6442108154297,-404.5854912905873,207.64421466640968,0.0,0,0.0,0.0,889,/yh/study/uav-sat/v36_GvsK/v36_training_data/routes/route_C/vi/vi_000889.jpg,-400.9622802734375,212.59796142578125,1969.147626006999,6.41204012939266e-07,7,1.8884691063110075,1.8884691063110075,1,1.8884691063110075,137.92421432252553,0.00030566126742912825,1969.147626006999,5.366690200442396,-404.13052016725294,208.26626282125272,5.366689559238362,7.321931513789743,1,0.0,0,0,0.527805252555646,1.0,1970.431640625,4.969642162322998,1,1,6,18,1,142.6424358203253,-409.7313537597656,211.50230407714844,-411.7342529296875,212.5062255859375,1,-411.7342529296875,212.5062255859375,1976.1986083984375,8.144124984741211,0.834703803062439,0.11768317222595215,4.0,4.0,1,1972.2001953125,7.801518440246582,7.769429384781273,21.266651153564453,8.350664138793945,0.527805252555646,1972.2001953125,7.801518440246582,1972.2001953125,7.587568867159212,0.0,0.21394957308736995,0.0,1,2.3605863828887594,2.360512956426794,-0.018618636391320872,3.213883876800537,-0.02547426149249077,0.7930153608322144,0.04070693254470825,-1.1820683962555492,0.0,142.63588780334538,142.63588780334538,4.711673480819831,3.609517812728882,-0.07960035651922226,0.06594290529156972,1.0,1969.147626006999,6.137366935534184,7,7,8,2.6656326213014836e-06,0.9999999859687743,0.0,1.3254147704895296,-404.5854912905873,207.64421466640968,2.023438604175818,1.8884691063110075,0.13496949786481038,0,6.137366294330167,nan
GT+smooth-jitter_controlled_forward3x6_SoftMS_local_prior_3frame_causal_heading_continuous_waypoint_RNN_polynomial_Kalman,1,controlled_gt_jitter,8.0,-406.96469021499286,211.56511013592086,-4.474638945461578,-2.469298433415065,0,0,6,-406.3239593567725,208.77301565767513,-402.49005126953125,214.03440856933594,-1,-406.323974609375,208.77301025390625,-406.3239593567725,208.77301565767513,0.0,0,0.0,0.0,890,/yh/study/uav-sat/v36_GvsK/v36_training_data/routes/route_C/vi/vi_000890.jpg,-402.49005126953125,214.03440856933594,1971.2353624386128,0.19703022553405022,8,2.0970132600276306,2.0970132600276306,1,2.0970132600276306,136.76465310506939,-1.1595612174561505,1971.2353624386128,6.116636312697923,-405.97589324648754,209.2443247119426,5.924187509622804,6.322180166612968,1,0.0,0,0,0.48922381270293147,1.0,1972.3399658203125,5.186997413635254,1,1,6,18,1,142.37597595376556,-409.7313537597656,211.50230407714844,-411.6436462402344,212.62869262695312,1,-411.6436462402344,212.62869262695312,1976.230712890625,7.995185852050781,0.8325746059417725,0.1017821729183197,4.0,4.0,1,1972.2322998046875,7.650208473205566,7.312115993752491,21.271669387817383,8.3522367477417,0.48922381270293147,1972.2322998046875,7.650208473205566,1972.2322998046875,7.650208473205566,0.0,0.0,0.0,0,2.621266575034538,2.621184598358177,-0.020730622836261196,3.214142084121704,-0.025415586307644844,0.793761134147644,0.04077288508415222,-1.1761854689460527,0.0,142.3776027127268,142.3776027127268,5.612949607657403,3.610158681869507,-0.07915107160806656,0.01978754639588614,1.0,1971.2353624386128,6.7025392413161295,8,8,9,119.09378749894118,0.017228152809017468,0.0,1.1171288240940735,-406.3239593567725,208.77301565767513,2.07279108812913,2.0970132600276306,0.0,0,6.510077310776606,nan
GT+smooth-jitter_controlled_forward3x6_SoftMS_local_prior_3frame_causal_heading_continuous_waypoint_RNN_polynomial_Kalman,1,controlled_gt_jitter,8.0,-408.24776100789614,212.7295790409657,-4.36641335164612,-2.61295025590932,0,0,6,-407.7085464540431,210.15605522818248,-403.88134765625,215.342529296875,-1,-407.70855712890625,210.1560516357422,-407.7085464540431,210.15605522818248,0.0,0,0.0,0.0,891,/yh/study/uav-sat/v36_GvsK/v36_training_data/routes/route_C/vi/vi_000891.jpg,-403.88134765625,215.342529296875,1973.136595771255,0.3764662541470804,8,1.9096820346628325,1.9096820346628325,1,1.9096820346628325,136.76486504925242,0.00021194418301958878,1973.136595771255,6.683662438693381,-407.62986603465225,210.26011425286214,6.315246053229258,6.8014428308584325,1,0.0,0,0,0.3208067851102725,1.0,1974.061767578125,5.380167484283447,1,1,6,18,1,141.72934367485564,-414.43231201171875,216.29034423828125,-416.32183837890625,211.6353759765625,1,-416.32183837890625,211.6353759765625,1978.577392578125,12.162334442138672,0.8158976435661316,0.030746430158615112,4.0,4.0,1,1974.5789794921875,11.821728706359863,11.26168956030494,21.27196502685547,8.351362228393555,0.3208067851102725,1974.5789794921875,11.821728706359863,1974.5789794921875,8.56299363412533,0.0,3.2587350722345323,0.0,0,2.3871025433285404,2.3870279048826237,-0.01887680262274851,3.2162153720855713,-0.025552786886692047,0.7934895157814026,0.0406905822455883,-1.189954810147681,0.0,141.7166317323149,141.7166317323149,4.9517666830624965,3.612072706222534,-0.08023720979690552,0.007863394197107212,1.0,1973.136595771255,6.814118902744765,8,8,9,117.1925541662989,0.03291728851879184,0.0,1.3065333374227388,-407.7085464540431,210.15605522818248,1.9570078905097272,1.9096820346628325,0.04732585584689475,0,6.445693438494316,nan
GT+smooth-jitter_controlled_forward3x6_SoftMS_local_prior_3frame_causal_heading_continuous_waypoint_RNN_polynomial_Kalman,1,controlled_gt_jitter,8.0,-409.52546202821173,213.8980041882555,-4.253519889539844,-2.7519897082288676,0,0,6,-409.1068511408847,211.51800826117426,-405.2719421386719,216.64999389648438,-1,-409.1068420410156,211.51800537109375,-409.1068511408847,211.51800826117426,0.0,0,0.0,0.0,892,/yh/study/uav-sat/v36_GvsK/v36_training_data/routes/route_C/vi/vi_000892.jpg,-405.2719421386719,216.64999389648438,1975.0368728006397,0.5558092366319968,8,1.908721219501126,1.908721219501126,1,1.908721219501126,136.76478162741503,-8.34218373719181e-05,1975.0368728006397,6.795203149776478,-409.04339901147796,211.666581468125,6.249662900874167,7.35652494738009,1,0.0,0,0,0.315507042590417,1.0,1975.783203125,5.56669282913208,1,1,6,18,1,140.76476880253747,-414.43231201171875,216.29034423828125,-416.3089294433594,211.59779357910156,1,-416.3089294433594,211.59779357910156,1978.5406494140625,12.17748737335205,0.8160049915313721,0.028650149703025818,4.0,4.0,1,1974.542236328125,11.83803653717041,11.40056291513795,21.268373489379883,8.350492477416992,0.315507042590417,1974.542236328125,11.83803653717041,1974.542236328125,8.665789770050667,0.0,3.1722467671197436,0.0,0,2.3859015243764077,2.3858265398622986,-0.01891575296828689,3.2167346477508545,-0.02548060193657875,0.7930766940116882,0.04075341671705246,-1.1914278898525823,0.0,140.77771669313373,140.77771669313373,4.012935065718689,3.6123857498168945,-0.08023299276828766,0.005089407877000926,1.0,1974.9973349668348,6.944052380068388,8,8,9,115.33181497071915,0.04827226323900414,0.0395378338048431,1.3080134282497284,-409.1068511408847,211.51800826117426,1.9519662039386856,1.908721219501126,0.04324498443755953,0,6.406543812094197,nan
GT+smooth-jitter_controlled_forward3x6_SoftMS_local_prior_3frame_causal_heading_continuous_waypoint_RNN_polynomial_Kalman,1,controlled_gt_jitter,8.0,-410.7921928734693,215.10358634116673,-4.136156496516135,-2.886266564106699,0,0,6,-410.6393615068614,212.93557780832387,-406.6560363769531,217.98985290527344,-1,-410.6393737792969,212.93557739257812,-410.6393615068614,212.93557780832387,0.0,0,0.0,0.0,893,/yh/study/uav-sat/v36_GvsK/v36_training_data/routes/route_C/vi/vi_000893.jpg,-406.6560363769531,217.98985290527344,1976.9571627851806,0.7088628192394872,8,1.9263797714564392,1.9263797714564392,1,1.9263797714564392,135.93036442453663,-0.8344172028784069,1976.9571627851806,6.924971062218571,-410.5072735811818,213.0971398534614,6.226609752554487,6.625729660668923,1,0.0,0,0,0.45754482168320576,1.0,1977.525146484375,5.7204270362854,1,1,6,18,1,139.54657345213823,-414.37139892578125,225.80665588378906,-415.96978759765625,217.6895294189453,1,-415.96978759765625,217.6895294189453,1982.8878173828125,7.896579265594482,0.7900355458259583,0.07975198328495026,4.0,4.0,1,1978.889404296875,7.552746295928955,6.828723881258207,21.27873420715332,8.353565216064453,0.45754482168320576,1978.889404296875,7.552746295928955,1978.889404296875,7.552746295928955,0.0,0.0,0.0,1,2.407974714320549,2.4078991108674477,-0.01908131784981739,3.2165896892547607,-0.025513898581266403,0.7943637371063232,0.040752194821834564,-1.1836666605213322,0.0,139.54800640448178,139.54800640448178,3.6176419799451454,3.612894296646118,-0.07978786528110504,0.02186225656327931,1.0,1976.9571627851806,7.133656266627918,8,8,9,113.37198715237342,0.06444492552190476,0.0,1.2902099177983215,-410.6393615068614,212.93557780832387,2.087604235201674,1.9263797714564392,0.1612244637452347,0,6.435260355743455,nan
GT+smooth-jitter_controlled_forward3x6_SoftMS_local_prior_3frame_causal_heading_continuous_waypoint_RNN_polynomial_Kalman,1,controlled_gt_jitter,8.0,-412.0540460359968,216.31350806208226,-4.0145257723249435,-3.0156392767849196,0,0,6,-412.0897942597201,214.40316103231956,-408.0395202636719,219.3291473388672,-1,-412.08978271484375,214.40316772460938,-412.0897942597201,214.40316103231956,0.0,0,0.0,0.0,894,/yh/study/uav-sat/v36_GvsK/v36_training_data/routes/route_C/vi/vi_000894.jpg,-408.0395202636719,219.3291473388672,1978.8766256822948,0.8618315456744017,8,1.9255485568184518,1.9255485568184518,1,1.9255485568184518,135.92980279839838,-0.0005616261382480077,1978.8766256822948,7.114573248366967,-412.02773644024086,214.5011581867193,6.2622158637581515,6.22926861757118,1,0.0,0,0,0.45125557649496945,1.0,1979.26708984375,5.867631912231445,1,1,6,18,1,138.16266687023543,-414.37139892578125,225.80665588378906,-415.8663024902344,217.69854736328125,1,-415.8663024902344,217.69854736328125,1982.826171875,7.812961578369141,0.7857739925384521,0.07629874348640442,4.0,4.0,1,1978.8277587890625,7.472095012664795,6.627625166550723,21.289613723754883,8.35522174835205,0.45125557649496945,1978.8277587890625,7.472095012664795,1978.8277587890625,7.472095012664795,0.0,0.0,0.0,0,2.406935696023065,2.4068600464514107,-0.019083018260951056,3.2201178073883057,-0.025676896795630455,0.7950066328048706,0.04068811237812042,-1.19665202407229,0.0,138.1622277093527,138.1622277093527,2.2324249109543004,3.6167209148406982,-0.08088207989931107,0.0007264421792217117,1.0,1978.8611804657392,7.227207474951972,8,8,9,111.46796947181484,0.08015703790243915,0.015445216555690422,1.2945692505698538,-412.0897942597201,214.40316103231956,2.0633845230394883,1.9255485568184518,0.13783596622103644,0,6.377308251555618,nan
GT+smooth-jitter_controlled_forward3x6_SoftMS_local_prior_3frame_causal_heading_continuous_waypoint_RNN_polynomial_Kalman,1,controlled_gt_jitter,8.0,-413.4500223322994,217.66224046422494,-3.888834588158773,-3.139975111946948,0,0,6,-414.2728777751696,215.45115438361205,-409.5611877441406,220.80221557617188,-1,-414.27288818359375,215.45115661621094,-414.2728777751696,215.45115438361205,0.0,0,0.0,0.0,895,/yh/study/uav-sat/v36_GvsK/v36_training_data/routes/route_C/vi/vi_000895.jpg,-409.5611877441406,220.80221557617188,1980.9878091509142,1.0300763515390707,8,2.1178767558269422,2.1178767558269422,1,2.1178767558269422,135.9297271550799,-7.564331849697334e-05,1980.9878091509142,7.206152407145303,-413.63612875703393,216.15143395250257,6.183438684875916,5.188609931530233,1,0.0,0,0,0.6593210031581233,1.0,1981.201904296875,6.02373743057251,1,1,6,18,1,136.5316160306582,-414.37139892578125,225.80665588378906,-419.66363525390625,219.01727294921875,1,-419.66363525390625,219.01727294921875,1986.32568359375,9.790923118591309,0.5917757153511047,0.27021849155426025,4.0,13.097688674926758,1,1982.3272705078125,9.451565742492676,8.39394650425601,21.277132034301758,17.450273513793945,0.6593210031581233,1982.3272705078125,9.451565742492676,1982.3272705078125,9.451565742492676,0.0,0.0,0.0,1,2.6473459447836776,2.647262215097371,-0.021055067806669398,3.2196621894836426,-0.025553636252880096,0.7944130301475525,0.04077523574233055,-1.1947530180396149,0.0,136.5256799559392,136.5256799559392,0.5959528008593301,3.6159746646881104,-0.0805797278881073,0.06332612935434878,1.0,1980.9878091509142,8.15264106883241,8,8,9,109.34134078663975,0.09770615482205544,0.0,1.1017854336567003,-414.2728777751696,215.45115438361205,2.4215994094359483,2.1178767558269422,0.3037226536090061,0,7.12978813395024,nan
GT+smooth-jitter_controlled_forward3x6_SoftMS_local_prior_3frame_causal_heading_continuous_waypoint_RNN_polynomial_Kalman,1,controlled_gt_jitter,8.0,-414.7946940833041,219.04340100696948,-3.759293692679069,-3.259150262561762,0,0,6,-415.3768103643131,217.65626583412975,-411.035400390625,222.30255126953125,-1,-415.3768005371094,217.65626525878906,-415.3768103643131,217.65626583412975,0.0,0,0.0,0.0,896,/yh/study/uav-sat/v36_GvsK/v36_training_data/routes/route_C/vi/vi_000896.jpg,-411.035400390625,222.30255126953125,1983.0880887585363,1.144687387784801,8,2.1034044118577437,2.1034044118577437,1,2.1034044118577437,134.4968305486686,-1.4328966064112612,1983.0880887585363,8.131754148064545,-415.8155958386386,217.20039638535778,6.991584440118371,4.7876772893209605,1,0.0,0,0,0.676172979358472,1.0,1983.1270751953125,6.119908809661865,1,1,6,18,1,134.90306985172424,-414.37139892578125,225.80665588378906,-419.6208801269531,225.32542419433594,1,-419.6208801269531,225.32542419433594,1991.03125,5.589386940002441,0.5754753351211548,0.479897677898407,4.0,4.0,1,1987.0328369140625,5.248581886291504,5.564450743163036,21.288204193115234,8.354803085327148,0.676172979358472,1987.0328369140625,5.248581886291504,1987.0328369140625,5.666068732123065,0.0,-0.4174868458315619,0.0,1,2.6292555148221792,2.6291725502073233,-0.02088692076786546,3.220484972000122,-0.02565314806997776,0.795261025428772,0.0407148152589798,-1.1997600803097632,0.0,134.8942043729033,134.8942043729033,0.3973738242346593,3.61721134185791,-0.08105152100324631,0.21723361608054909,1.0,1983.0880887585363,7.499022256342055,8,8,9,107.2410611790177,0.11503783696054329,0.0,1.1170805601423783,-415.3768103643131,217.65626583412975,2.4660056104107575,2.1034044118577437,0.36260119855301376,0,6.358915702135267,nan
GT+smooth-jitter_controlled_forward3x6_SoftMS_local_prior_3frame_causal_heading_continuous_waypoint_RNN_polynomial_Kalman,1,controlled_gt_jitter,8.0,-416.0021243959396,220.29388120672323,-3.626117315861455,-3.373049945620526,0,0,6,-416.4634668674226,219.52101837475323,-412.3760070800781,223.66693115234375,-1,-416.4634704589844,219.52101135253906,-416.4634668674226,219.52101837475323,0.0,0,0.0,0.0,897,/yh/study/uav-sat/v36_GvsK/v36_training_data/routes/route_C/vi/vi_000897.jpg,-412.3760070800781,223.66693115234375,1984.9980360225823,1.248899714279097,8,1.912788216303603,1.912788216303603,1,1.912788216303603,134.49646013374095,-0.000370414927670283,1984.9980360225823,7.4800001229189155,-416.75607840796397,219.23150894777265,6.233618128356115,5.06714511688653,1,0.0,0,0,0.6247991429603472,1.0,1984.863525390625,6.199466228485107,1,1,6,18,1,133.50067703931236,-414.37139892578125,225.80665588378906,-416.5218811035156,226.75238037109375,1,-416.5218811035156,226.75238037109375,1990.0537109375,2.3206748962402344,0.6688823103904724,0.23873943090438843,4.0,4.0,1,1986.0552978515625,1.9862658977508545,1.2147019417528715,21.260974884033203,8.34820556640625,0.6247991429603472,1986.0552978515625,1.9862658977508545,1986.0552978515625,5.099081537034342,0.0,-3.112815639283488,0.0,0,2.390985270379504,2.390909601304864,-0.019022133423139378,3.2218692302703857,-0.025458183139562607,0.7941824793815613,0.040876034647226334,-1.2106996954825964,0.0,133.48397487891415,133.48397487891415,1.0124852548267969,3.618046522140503,-0.08148451149463654,0.03798030161263046,1.0,1984.9980360225823,7.068372594723057,8,8,9,105.33111391497174,0.1307988807575634,0.0,1.3090810139667828,-416.4634668674226,219.52101837475323,2.1582688418062927,1.912788216303603,0.2454806255026898,0,5.822020291320401,nan
GT+smooth-jitter_controlled_forward3x6_SoftMS_local_prior_3frame_causal_heading_continuous_waypoint_RNN_polynomial_Kalman,1,controlled_gt_jitter,8.0,-417.20717413870005,221.55078015202372,-3.48952277151254,-3.481568480788767,0,0,6,-417.1546590325862,221.70897919308956,-413.7176513671875,225.0323486328125,-1,-417.1546630859375,221.708984375,-417.1546590325862,221.70897919308956,0.0,0,0.0,0.0,898,/yh/study/uav-sat/v36_GvsK/v36_training_data/routes/route_C/vi/vi_000898.jpg,-413.7176513671875,225.0323486328125,1986.9094477327124,1.3532048602697484,8,1.9142555443573495,1.9142555443573495,1,1.9142555443573495,134.496846120437,0.00038598669604467974,1986.9094477327124,7.04940740057089,-417.81991794211496,221.07878617207032,5.697301745805357,4.547557219106508,1,0.0,0,0,0.7436923550403491,1.0,1986.603271484375,6.2729949951171875,1,1,6,18,1,132.24962678999717,-414.37139892578125,225.80665588378906,-419.7413330078125,227.07382202148438,1,-419.7413330078125,227.07382202148438,1992.4228515625,4.52415132522583,0.4527128338813782,0.5985755920410156,4.0,4.0,1,1988.4244384765625,4.1895318031311035,3.172681560028537,21.275081634521484,8.351286888122559,0.7436923550403491,1988.4244384765625,4.1895318031311035,1988.4244384765625,4.472315014754313,0.0,-0.28278321162320985,0.0,1,2.392819430446687,2.392744271361647,-0.018965194152166725,3.2235140800476074,-0.02551370859146118,0.7945770025253296,0.040867410600185394,-1.2130176909321695,0.0,132.23645242230526,132.23645242230526,2.260393698131741,3.6198835372924805,-0.0817297101020813,0.10493615010683656,1.0,1986.9094477327124,6.13304903156412,8,8,9,103.41970220484164,0.14657200928556266,0.0,1.309258535690258,-417.1546590325862,221.70897919308956,2.2945411636661857,1.9142555443573495,0.3802856193088362,0,4.780983803036134,nan
GT+smooth-jitter_controlled_forward3x6_SoftMS_local_prior_3frame_causal_heading_continuous_waypoint_RNN_polynomial_Kalman,1,controlled_gt_jitter,8.0,-418.3824754206334,222.85614077103168,-3.3497300593052803,-3.584609351038624,0,0,6,-418.09890583698626,223.5959010397587,-415.0327453613281,226.4407501220703,-1,-418.0989074707031,223.5959014892578,-418.09890583698626,223.5959010397587,0.0,0,0.0,0.0,899,/yh/study/uav-sat/v36_GvsK/v36_training_data/routes/route_C/vi/vi_000899.jpg,-415.0327453613281,226.4407501220703,1988.8355666992966,1.409175342964831,8,1.9269320092749422,1.9269320092749422,1,1.9269320092749422,133.03780271346605,-1.4590434069709457,1988.8355666992966,6.113973159515764,-418.48816724052153,223.24730365263883,4.705107938861008,4.304715574511115,1,0.0,0,0,0.6901783751285449,1.0,1988.359619140625,6.292168617248535,1,1,6,18,1,131.22336961201574,-414.37139892578125,225.80665588378906,-420.33648681640625,227.07830810546875,1,-420.33648681640625,227.07830810546875,1992.819580078125,4.967800617218018,0.5500109791755676,0.5110854506492615,4.0,4.0,1,1988.8211669921875,4.627058029174805,3.2186457064898373,21.299379348754883,8.357589721679688,0.6901783751285449,1988.8211669921875,4.627058029174805,1988.8211669921875,4.627058029174805,0.0,0.0,0.0,0,2.4086650115936776,2.4085894729449366,-0.019075872048355907,3.2235748767852783,-0.02562759630382061,0.7961908578872681,0.040816690772771835,-1.203097801658078,0.0,131.2270488107156,131.2270488107156,1.810753902750463,3.6207621097564697,-0.08126041293144226,0.027322913588761624,1.0,1988.830482468364,5.591369901582507,8,8,9,101.49866746919007,0.1624245478211359,0.005084230932652645,1.296642867510336,-418.09890583698626,223.5959010397587,2.109994332470347,1.9269320092749422,0.18306232319540494,0,4.182643465993408,nan
GT+smooth-jitter_controlled_forward3x6_SoftMS_local_prior_3frame_causal_heading_continuous_waypoint_RNN_polynomial_Kalman,1,controlled_gt_jitter,8.0,-419.56496317615694,224.17796114135425,-3.206961467172575,-3.682085245364508,0,0,6,-419.07005316278435,225.4311612271808,-416.3580017089844,227.86004638671875,-1,-419.070068359375,225.43116760253906,-419.07005316278435,225.4311612271808,0.0,0,0.0,0.0,900,/yh/study/uav-sat/v36_GvsK/v36_training_data/routes/route_C/vi/vi_000900.jpg,-416.3580017089844,227.86004638671875,1990.7765782462636,1.4655708072258669,8,1.9418306501464515,1.9418306501464515,1,1.9418306501464515,133.03757333503137,-0.00022937843467513085,1990.7765782462636,5.572106327014985,-419.4178285270516,225.12118204283158,4.106570107861291,4.54621679773329,1,0.0,0,0,0.5704295383727923,1.0,1990.1331787109375,6.305855751037598,1,1,6,18,1,130.5072818385865,-409.5791015625,235.29307556152344,-420.86529541015625,230.80865478515625,1,-420.86529541015625,230.80865478515625,1995.9683837890625,2.8990087509155273,0.7677361369132996,0.14655044674873352,4.0,4.0,1,1991.969970703125,2.559419631958008,1.6160136016750601,21.30449104309082,8.358753204345703,0.5704295383727923,1991.969970703125,2.559419631958008,1991.969970703125,3.280897588699877,0.0,-0.721477956741869,0.0,0,2.4272883126830638,2.4272118711770254,-0.0192635745675219,3.2244842052459717,-0.02573106624186039,0.7963185906410217,0.040753237903118134,-1.2026879903078773,0.0,130.50857338466986,130.50857338466986,2.5289999503615266,3.6217331886291504,-0.08139009773731232,0.052611664658973246,1.0,1990.7765782462636,5.106236389456196,8,8,9,99.55257169129037,0.178483892163292,0.0,1.2826535550995202,-419.07005316278435,225.4311612271808,2.0763687254294223,1.9418306501464515,0.1345380752829708,0,3.640701334397288,nan
GT+smooth-jitter_controlled_forward3x6_SoftMS_local_prior_3frame_causal_heading_continuous_waypoint_RNN_polynomial_Kalman,1,controlled_gt_jitter,8.0,-420.8640839971527,225.63329321998373,-3.0614411748870887,-3.773918083727199,0,0,6,-419.8676269362398,227.22690510162386,-417.8026428222656,229.40721130371094,-1,-419.86761474609375,227.22689819335938,-419.8676269362398,227.22690510162386,0.0,0,0.0,0.0,901,/yh/study/uav-sat/v36_GvsK/v36_training_data/routes/route_C/vi/vi_000901.jpg,-417.8026428222656,229.40721130371094,1992.8924537049127,1.527038441314997,8,2.116768108828629,2.116768108828629,1,2.116768108828629,133.0373448536611,-0.00022848137027010993,1992.8924537049127,5.085174216035734,-420.4724908986517,227.05513956134112,3.5581357804666482,4.6771301393884555,1,0.0,0,0,0.5784197615421192,1.0,1992.083984375,6.318820476531982,1,1,6,18,1,130.17396135880244,-409.5791015625,235.29307556152344,-420.60546875,230.8155975341797,1,-420.60546875,230.8155975341797,1995.8018798828125,2.6994409561157227,0.7532084584236145,0.1551186889410019,4.0,4.0,1,1991.803466796875,2.363093614578247,1.376569611821259,21.28616714477539,8.354177474975586,0.5784197615421192,1991.803466796875,2.363093614578247,1991.803466796875,2.7807816094912368,0.0,-0.4176879949129897,0.0,0,2.6459601360357867,2.645876305941252,-0.021062173420462536,3.224424362182617,-0.0256146639585495,0.7954728007316589,0.04083011671900749,-1.2070192907370174,0.0,130.1837828057809,130.1837828057809,2.853562047880186,3.6212475299835205,-0.08149890601634979,0.055452537295581125,1.0,1992.622565878926,4.517742516290577,8,8,9,97.70658405862797,0.19371713575846664,0.2698878259866433,1.107656253353988,-419.8676269362398,227.22690510162386,1.9648969404789853,2.116768108828629,0.0,0,3.002980939970324,nan
GT+smooth-jitter_controlled_forward3x6_SoftMS_local_prior_3frame_causal_heading_continuous_waypoint_RNN_polynomial_Kalman,1,controlled_gt_jitter,8.0,-422.0042762073007,226.9729230117228,-2.913394859644442,-3.86003902441,0,0,6,-421.3528908263242,228.77692280520193,-419.09088134765625,230.8329620361328,-1,-421.3529052734375,228.77691650390625,-421.3528908263242,228.77692280520193,0.0,0,0.0,0.0,902,/yh/study/uav-sat/v36_GvsK/v36_training_data/routes/route_C/vi/vi_000902.jpg,-419.09088134765625,230.8329620361328,1994.813841408045,1.5513888736258938,8,1.9215419977981552,1.9215419977981552,1,1.9215419977981552,132.09942214192742,-0.9379227117336818,1994.813841408045,4.498644574952749,-421.30255744064436,228.88493610491204,2.9472557013268657,5.209904085382061,1,0.0,0,0,0.3261773543393985,1.0,1993.8428955078125,6.288996696472168,1,1,6,18,1,130.16858150472632,-419.0723571777344,230.59469604492188,-424.64141845703125,230.72100830078125,1,-424.64141845703125,230.72100830078125,1998.3985595703125,5.790613651275635,0.6863544583320618,0.004395157098770142,4.0,4.0,1,1994.400146484375,5.450878143310547,3.921372215724496,21.315784454345703,8.360811233520508,0.3261773543393985,1994.400146484375,5.450878143310547,1994.400146484375,5.450878143310547,0.0,0.0,0.0,0,2.401927497247694,2.401851571323929,-0.01909794133782731,3.226372003555298,-0.02580084837973118,0.7970399260520935,0.04073605313897133,-1.2119934827217849,0.0,130.1613376622247,130.1613376622247,1.9380844797027201,3.6239662170410156,-0.08210423588752747,0.004060644891948821,1.0,1994.7660546849181,4.607808450484245,8,8,9,95.56309525263588,0.21140538379841392,0.0477867231268192,1.3048300057571427,-421.3528908263242,228.77692280520193,2.1467565545711365,1.9215419977981552,0.2252145567729813,0,3.0567931236363513,nan
GT+smooth-jitter_controlled_forward3x6_SoftMS_local_prior_3frame_causal_heading_continuous_waypoint_RNN_polynomial_Kalman,1,controlled_gt_jitter,8.0,-423.1445800661713,228.32100986142112,-2.7630493044525237,-3.940388454008583,0,0,6,-422.4928324013514,230.4017813689551,-420.38153076171875,232.2613983154297,-1,-422.4928283691406,230.4017791748047,-422.4928324013514,230.4017813689551,0.0,0,0.0,0.0,903,/yh/study/uav-sat/v36_GvsK/v36_training_data/routes/route_C/vi/vi_000903.jpg,-420.38153076171875,232.2613983154297,1996.7388379034057,1.5757734359535265,8,1.925150932792381,1.925150932792381,1,1.925150932792381,132.09907677029526,-0.00034537163215633154,1996.7388379034057,4.5886143810680435,-422.642423254788,230.2700229878378,3.0128409451145415,4.784552869048918,1,0.0,0,0,0.6547633813655749,1.0,1995.608154296875,6.25366735458374,1,1,6,18,1,130.16604611716207,-423.8037414550781,230.62457275390625,-426.12078857421875,234.53750610351562,1,-426.12078857421875,234.53750610351562,2002.2403564453125,4.378198146820068,0.6144018769264221,0.3150132894515991,4.0,4.0,1,1998.241943359375,4.039212226867676,2.8858026073078498,21.29206085205078,8.35597038269043,0.6547633813655749,1998.241943359375,4.039212226867676,1998.241943359375,4.039212226867676,0.0,0.0,0.0,1,2.406438665990476,2.4063621175694374,-0.019194069416201043,3.2231221199035645,-0.025568900629878044,0.7957396507263184,0.04085143655538559,-1.2022459490025306,0.0,130.17108519594396,130.17108519594396,1.9279915743513094,3.620086908340454,-0.08111628890037537,0.0266897893382491,1.0,1996.7388379034057,4.389271223606958,8,8,9,93.59031203414825,0.2276849551216258,0.0,1.2979711871111834,-422.4928324013514,230.4017813689551,1.9848506610517385,1.925150932792381,0.05969972825935743,0,2.8134977876534584,nan
GT+smooth-jitter_controlled_forward3x6_SoftMS_local_prior_3frame_causal_heading_continuous_waypoint_RNN_polynomial_Kalman,1,controlled_gt_jitter,8.0,-424.40637785972245,229.81166790198972,-2.610632010113088,-4.014915960314958,0,0,6,-423.63036378069313,231.8733824971774,-421.7957458496094,233.8265838623047,-1,-423.63037109375,231.87338256835938,-423.63036378069313,231.8733824971774,0.0,0,0.0,0.0,904,/yh/study/uav-sat/v36_GvsK/v36_training_data/routes/route_C/vi/vi_000904.jpg,-421.7957458496094,233.8265838623047,1998.8481259152502,1.6024978452780714,8,2.10945730247471,2.10945730247471,1,2.10945730247471,132.09922250330845,0.00014573301318921453,1998.8481259152502,4.368302538688096,-423.8712576945896,231.99849026966905,2.7658046934099745,4.535148022156598,1,0.0,0,0,0.6517120795286074,1.0,1997.560791015625,6.215274810791016,1,1,6,18,1,130.1678098000718,-423.8037414550781,230.62457275390625,-426.0753173828125,234.420166015625,1,-426.0753173828125,234.420166015625,2002.1221923828125,4.421633243560791,0.6199496984481812,0.2325495183467865,4.0,4.0,1,1998.123779296875,4.086231231689453,2.587201105118415,21.277496337890625,8.352045059204102,0.6517120795286074,1998.123779296875,4.086231231689453,1998.123779296875,4.086231231689453,0.0,0.0,0.0,0,2.636821628093387,2.636738252582883,-0.020968684918862068,3.2207415103912354,-0.0254722498357296,0.7937684059143066,0.040835559368133545,-1.2156192459540038,0.0,130.1577118989925,130.1577118989925,1.9415106043159724,3.616704225540161,-0.08180113881826401,0.006680827402733014,1.0,1998.595020811382,4.270222780908675,8,8,9,91.73412912617196,0.2430023309772925,0.2531051038681653,1.1112842079165253,-423.63036378069313,231.8733824971774,1.859996645043273,2.10945730247471,0.0,0,2.679704932597828,nan
GT+smooth-jitter_controlled_forward3x6_SoftMS_local_prior_3frame_causal_heading_continuous_waypoint_RNN_polynomial_Kalman,1,controlled_gt_jitter,8.0,-426.2252917100032,232.004722323914,-2.456370811565696,-4.083580288390688,0,0,6,-426.1244713121684,233.71109817002883,-423.7689208984375,236.0883026123047,-1,-426.1244812011719,233.7111053466797,-426.1244713121684,233.71109817002883,0.0,0,0.0,0.0,905,/yh/study/uav-sat/v36_GvsK/v36_training_data/routes/route_C/vi/vi_000905.jpg,-423.7689208984375,236.0883026123047,2001.849557194664,1.5882938889212446,8,3.0014648885868107,3.0014648885868107,1,3.0014648885868107,131.10218694719907,-0.9970355561093707,2001.8172898696096,4.244675056691499,-425.7409917757855,234.30831987545957,2.6565771377377314,4.436650742702714,1,0.0,0,0,0.6253435300624743,1.0,2000.40869140625,6.13069486618042,1,1,6,18,1,130.16427549734146,-428.53515625,230.6544647216797,-429.8899230957031,235.13961791992188,1,-429.8899230957031,235.13961791992188,2005.183349609375,6.808654308319092,0.6678925156593323,0.2515319585800171,4.0,4.0,1,2001.1849365234375,6.473049640655518,4.929762609976539,21.26455307006836,8.349677085876465,0.6253435300624743,2001.1849365234375,6.473049640655518,2001.1849365234375,6.473049640655518,0.0,0.0,0.0,0,3.2223703340589624,3.222269058227539,-0.025547724217176437,3.219688892364502,-0.02522626891732216,0.7936006188392639,0.04101298749446869,-1.2065867476634853,0.0,130.166744397283,130.166744397283,0.9354425499160826,3.6155879497528076,-0.08087242394685745,0.058212582424160636,1.0,2001.6225891224399,4.927186550597349,8,8,9,88.70656081511412,0.26798607667923907,0.22696807222405369,0.21822400377769124,-426.1244713121684,233.71109817002883,3.098026996784474,3.0014648885868107,0.09656210819766331,0,3.346598080439874,nan
GT+smooth-jitter_controlled_forward3x6_SoftMS_local_prior_3frame_causal_heading_continuous_waypoint_RNN_polynomial_Kalman,1,controlled_gt_jitter,8.0,-428.05867221028103,234.22207418175233,-2.3004934993435566,-4.146349280161741,0,0,6,-427.70362267046625,236.51837431157347,-425.7581787109375,238.36842346191406,-1,-427.70361328125,236.51837158203125,-427.70362267046625,236.51837431157347,0.0,0,0.0,0.0,906,/yh/study/uav-sat/v36_GvsK/v36_training_data/routes/route_C/vi/vi_000906.jpg,-425.7581787109375,238.36842346191406,2004.875427861679,1.5739956403366475,8,3.025904448824461,3.025904448824461,1,3.025904448824461,131.10259148317775,0.0004045359786726737,2004.8434391132846,4.901815626795092,-428.23429403108196,236.14485379499513,3.3279737292076197,4.448694852017167,1,0.0,0,0,0.6321014242208377,1.0,2003.284423828125,6.0409111976623535,1,1,6,18,1,130.16513962299317,-418.98101806640625,244.86915588378906,-429.0133056640625,240.6773681640625,1,-429.0133056640625,240.6773681640625,2008.7596435546875,2.4905779361724854,0.6556054353713989,0.21613919734954834,4.0,4.0,1,2004.76123046875,2.1540422439575195,0.5911811117786852,21.256694793701172,8.347810745239258,0.6321014242208377,2004.76123046875,2.1540422439575195,2004.76123046875,2.50884827683071,0.0,-0.35480603287319035,0.0,1,3.2209499138140996,3.2208499908447266,-0.025370923802256584,3.2185802459716797,-0.025493614375591278,0.7943003177642822,0.040797535330057144,-1.2165225384717382,0.0,130.15680860647475,130.15680860647475,0.9457828767030082,3.614806890487671,-0.08185829222202301,0.05794391107127526,1.0,2004.7729819844426,4.256706750497402,8,8,9,85.5561679531114,0.29398338079886177,0.10244587723650511,0.19267579714721883,-427.70362267046625,236.51837431157347,3.220949913814195,3.025904448824461,0.19504546498973419,0,2.684666470596085,nan
GT+smooth-jitter_controlled_forward3x6_SoftMS_local_prior_3frame_causal_heading_continuous_waypoint_RNN_polynomial_Kalman,1,controlled_gt_jitter,8.0,-429.14798818905695,235.70596463080977,-2.1432274468694263,-4.203199797901156,0,0,6,-427.9705281288255,238.02235098187438,-427.0047607421875,239.90916442871094,-1,-427.97052001953125,238.02235412597656,-427.9705281288255,238.02235098187438,0.0,0,0.0,0.0,907,/yh/study/uav-sat/v36_GvsK/v36_training_data/routes/route_C/vi/vi_000907.jpg,-427.0047607421875,239.90916442871094,2006.855573012096,1.4910820064635815,8,1.9818802908857904,1.9818802908857904,1,1.9818802908857904,128.97561409826469,-2.126977384913069,2006.855573012096,4.237133561354598,-429.06544946062183,238.09412692280736,2.746051554890988,4.352473537887852,1,0.0,0,0,0.6947113173044102,1.0,2005.1180419921875,5.87755823135376,1,1,6,18,1,130.1622237725478,-418.98101806640625,244.86915588378906,-428.118896484375,240.93511962890625,1,-428.118896484375,240.93511962890625,2008.36181640625,1.6490323543548584,0.54176926612854,0.4181150794029236,4.0,4.0,1,2004.3634033203125,1.3111315965652466,2.498658024353589,21.243831634521484,8.345657348632812,0.6947113173044102,2004.3634033203125,1.3111315965652466,2004.3634033203125,1.7408598878023214,0.0,-0.4297282912370748,0.0,0,2.477350363607238,2.477273039923475,-0.019573189142803735,3.215205192565918,-0.02537805400788784,0.7931986451148987,0.0408131442964077,-1.2013683764158896,0.0,130.1719627685306,130.1719627685306,1.1963486702659094,3.6109063625335693,-0.08069655299186707,0.1411757471200967,1.0,2006.0780088942058,3.46292522305725,8,8,9,84.25114104334817,0.30475257148190515,0.7775641178902788,1.2333249016801275,-427.9705281288255,238.02235098187438,1.5274764641431917,1.9818802908857904,0.0,0,2.119615915267863,nan
GT+smooth-jitter_controlled_forward3x6_SoftMS_local_prior_3frame_causal_heading_continuous_waypoint_RNN_polynomial_Kalman,1,controlled_gt_jitter,8.0,-430.23486027945495,237.19420084944753,-1.9847992442986886,-4.254117631997786,0,0,6,-428.5088177541597,239.35403493825544,-428.25006103515625,241.4483184814453,-1,-428.5088195800781,239.35403442382812,-428.5088177541597,239.35403493825544,0.0,0,0.0,0.0,908,/yh/study/uav-sat/v36_GvsK/v36_training_data/routes/route_C/vi/vi_000908.jpg,-428.25006103515625,241.4483184814453,2008.8336801312353,1.408255423004931,8,1.9798404020821239,1.9798404020821239,1,1.9798404020821239,128.97566362675641,4.9528491719059687e-05,2008.5527322382998,3.4433830154424987,-429.5915629821487,239.89234657865885,2.0544283964269483,4.261626992983972,1,0.0,0,0,0.6564098196065798,1.0,2006.9532470703125,5.709498882293701,1,1,6,18,1,130.16563246383046,-418.98101806640625,244.86915588378906,-429.0064697265625,240.96844482421875,1,-429.0064697265625,240.96844482421875,2008.9735107421875,2.2930572032928467,0.6114083528518677,0.385617196559906,4.0,4.0,1,2004.975830078125,1.9753613471984863,3.899309703208727,20.794424057006836,8.25112533569336,0.6564098196065798,2004.975830078125,1.9753613471984863,2004.975830078125,1.9753613471984863,0.0,0.0,0.0,0,2.4748005026026543,2.474723344094021,-0.019542207614751013,3.1330058574676514,-0.02278745546936989,0.7680484056472778,0.0406259149312973,-1.2142893867782614,0.0,130.15904175816823,130.15904175816823,1.1833781314118186,3.5161876678466797,-0.07700600475072861,0.17707383768848048,1.0,2007.4331189094664,2.9866745254561757,8,8,9,82.89603102808756,0.3159350521201711,1.4005612217688395,1.1531654553855275,-428.5088177541597,239.35403493825544,1.4363627259244518,1.9798404020821239,0.0,0,2.1102081885220128,nan
GT+smooth-jitter_controlled_forward3x6_SoftMS_local_prior_3frame_causal_heading_continuous_waypoint_RNN_polynomial_Kalman,1,controlled_gt_jitter,8.0,-431.3213755017003,238.68909230382272,-1.8254343395908885,-4.299097393442909,0,0,6,-430.2593132696201,241.10506612563597,-429.4959411621094,242.98818969726562,-1,-430.2593078613281,241.10507202148438,-430.2593132696201,241.10506612563597,0.0,0,0.0,0.0,909,/yh/study/uav-sat/v36_GvsK/v36_training_data/routes/route_C/vi/vi_000909.jpg,-429.4959411621094,242.98818969726562,2010.8127086716438,1.3253899398583158,8,1.9807626440461417,1.9807626440461417,1,1.9807626440461417,128.97565442847187,-9.198284541870511e-06,2009.9090015008146,2.9679618910880734,-430.13124135397925,241.2243521390464,1.8747611222698874,4.5979960608606545,1,0.0,0,0,0.44712966996792713,1.0,2008.7930908203125,5.536773204803467,1,1,6,18,1,130.16332567416,-433.1752014160156,244.9588165283203,-435.1293029785156,244.64381408691406,1,-435.1293029785156,244.64381408691406,2015.778564453125,4.458464622497559,0.7698143720626831,0.07113726437091827,4.0,4.0,1,2011.7806396484375,4.131734848022461,2.968579141511217,20.887466430664062,8.271347045898438,0.44712966996792713,2011.7806396484375,4.131734848022461,2011.7806396484375,4.131734848022461,0.0,0.0,0.0,1,2.475953305057677,2.475882591348192,-0.01871263436810251,3.1371076107025146,-0.023010026663541794,0.7670845985412598,0.04056414216756821,-1.1759325385033506,0.0,130.19739860644313,130.19739860644313,1.2217441779712712,3.51985239982605,-0.0749797523021698,0.03229105399041711,1.0,2009.9041377859521,3.1429130638449725,8,8,9,80.42501215160188,0.3363261055637373,0.9085708856916881,1.156344966656373,-430.2593132696201,241.10506612563597,2.4759533050577516,1.9807626440461417,0.4951906610116099,0,2.0319673620785896,nan
GT+smooth-jitter_controlled_forward3x6_SoftMS_local_prior_3frame_causal_heading_continuous_waypoint_RNN_polynomial_Kalman,1,controlled_gt_jitter,8.0,-432.43790917770053,240.14920807237164,-1.665356687466186,-4.338142391495555,0,0,6,-431.7301718945778,242.80926684576403,-430.7725524902344,244.4873504638672,-1,-431.73016357421875,242.80926513671875,-431.7301718945778,242.80926684576403,0.0,0,0.0,0.0,910,/yh/study/uav-sat/v36_GvsK/v36_training_data/routes/route_C/vi/vi_000910.jpg,-430.7725524902344,244.4873504638672,2012.7814995016026,1.292493814180148,8,1.9690656381173435,1.9690656381173435,1,1.9690656381173435,130.4160766912951,1.4404222628232293,2012.365401791316,3.1246115700865253,-431.87238305778845,242.96414151605768,1.878774274896608,4.510283074782083,1,0.0,0,0,0.6187794791496173,1.0,2010.6268310546875,5.4095587730407715,1,1,6,18,1,130.17525118445084,-433.1752014160156,244.9588165283203,-434.29541015625,245.2580108642578,1,-434.29541015625,245.2580108642578,2015.6883544921875,3.426734685897827,0.6798271536827087,0.13216634094715118,4.0,4.0,1,2011.690673828125,3.1105496883392334,2.1201952295678113,20.779972076416016,8.247148513793945,0.6187794791496173,2011.690673828125,3.1105496883392334,2011.690673828125,3.1105496883392334,0.0,0.0,0.0,0,2.461332047646679,2.4612640053636676,-0.018301493758447297,3.1386780738830566,-0.022596178576350212,0.7688334584236145,0.040929507464170456,-1.2092932101221028,0.0,130.1640379348244,130.1640379348244,0.25203875647071017,3.5222651958465576,-0.07648438960313797,0.00480225831226631,1.0,2012.155184659812,3.1202600114477534,8,8,9,78.173965277742,0.3549019317323057,0.626314841790645,1.1696124357657132,-431.7301718945778,242.80926684576403,2.2511608536702385,1.9690656381173435,0.2820952155528951,0,1.9320971903403836,nan
GT+smooth-jitter_controlled_forward3x6_SoftMS_local_prior_3frame_causal_heading_continuous_waypoint_RNN_polynomial_Kalman,1,controlled_gt_jitter,8.0,-433.5539217076572,241.6152009570845,-1.5047884068759423,-4.3712644970170516,0,0,6,-432.9740474487667,244.3612843988079,-432.04913330078125,245.98646545410156,-1,-432.97406005859375,244.3612823486328,-432.9740474487667,244.3612843988079,0.0,0,0.0,0.0,911,/yh/study/uav-sat/v36_GvsK/v36_training_data/routes/route_C/vi/vi_000911.jpg,-432.04913330078125,245.98646545410156,2014.7502358091356,1.2596050440063655,8,1.9690110004268455,1.9690110004268455,1,1.9690110004268455,130.41626419209408,0.00018750079897154512,2014.6163827253908,3.1022785854514447,-433.34343828387796,244.6680812008959,1.8475287354651966,4.859863573497427,1,0.0,0,0,0.4207545014059917,1.0,2012.464599609375,5.278069019317627,1,1,6,18,1,130.17132649372073,-433.1752014160156,244.9588165283203,-434.0233459472656,245.61729431152344,1,-434.0233459472656,245.61729431152344,2015.778076171875,2.9850995540618896,0.6906911730766296,0.04318009316921234,4.0,4.0,1,2011.780029296875,2.653918981552124,3.281194612013857,20.931396484375,8.281415939331055,0.4207545014059917,2011.780029296875,2.653918981552124,2011.780029296875,2.653918981552124,0.0,0.0,0.0,0,2.461263750533557,2.461198065578967,-0.017981425996308673,3.148951768875122,-0.023323437198996544,0.7732900381088257,0.040667351335287094,-1.1785075198204453,0.0,130.19482362512605,130.19482362512605,0.2214405669680244,3.53478741645813,-0.07570710778236389,0.048628173593478125,1.0,2014.1420030923289,3.0278619839998653,8,8,9,76.18714684522512,0.3712973228099056,0.6082327168066968,1.1799407684482766,-432.9740474487667,244.3612843988079,1.9889657813208184,1.9690110004268455,0.019954780893972845,0,1.8699410802560419,nan
GT+smooth-jitter_controlled_forward3x6_SoftMS_local_prior_3frame_causal_heading_continuous_waypoint_RNN_polynomial_Kalman,1,controlled_gt_jitter,8.0,-434.6695720061823,243.08700489960944,-1.343949447588572,-4.398483991992124,0,0,6,-434.11690268666223,246.33403177968123,-433.32562255859375,247.48548889160156,-1,-434.1169128417969,246.3340301513672,-434.11690268666223,246.33403177968123,0.0,0,0.0,0.0,912,/yh/study/uav-sat/v36_GvsK/v36_training_data/routes/route_C/vi/vi_000912.jpg,-433.32562255859375,247.48548889160156,2016.7188429008374,1.2267080838770268,8,1.9688819394481283,1.9688819394481283,1,1.9688819394481283,130.4159630837021,-0.0003011083919492556,2016.603038835181,3.0097452693550752,-434.58710502566214,246.22006636465687,1.786793828739073,5.096952535865321,1,0.0,0,0,0.44888538587454707,1.0,2014.306396484375,5.1424665451049805,1,1,6,18,1,130.17955046836826,-423.6515197753906,254.4153594970703,-435.16339111328125,249.58279418945312,1,-435.16339111328125,249.58279418945312,2019.5074462890625,1.2195637226104736,0.6737523674964905,0.050705909729003906,4.0,4.0,1,2015.5113525390625,0.8882551789283752,1.2540268508478827,19.582040786743164,8.010309219360352,0.44888538587454707,2015.5113525390625,0.8882551789283752,2015.5113525390625,0.9190843826620725,0.0,-0.03082920373369724,0.0,0,2.4611024243101602,2.4610357428521485,-0.01811671464479,2.7685928344726562,-0.018414994701743126,0.6524621248245239,0.0349806472659111,-1.0243137581515862,0.0,130.3490173867949,130.3490173867949,0.06694569690721586,3.094312906265259,-0.056249748915433884,0.035119509489618984,1.0,2016.3777744425608,2.581569710921182,8,8,9,73.95137549499314,0.3897470940860411,0.34106845827659527,0.799710895024528,-434.11690268666223,246.33403177968123,2.279879453727273,1.9688819394481283,0.31099751427914457,0,1.397131962868215,nan
GT+smooth-jitter_controlled_forward3x6_SoftMS_local_prior_3frame_causal_heading_continuous_waypoint_RNN_polynomial_Kalman,1,controlled_gt_jitter,8.0,-435.7887091219299,244.53886505222707,-1.1830572664611727,-4.4198294057807495,0,0,6,-435.85661440275373,247.85685703759046,-434.60565185546875,248.9586944580078,-1,-435.85662841796875,247.8568572998047,-435.85661440275373,247.85685703759046,0.0,0,0.0,0.0,913,/yh/study/uav-sat/v36_GvsK/v36_training_data/routes/route_C/vi/vi_000913.jpg,-434.60565185546875,248.9586944580078,2018.6704156102305,1.213532284051551,8,1.951617186271085,1.951617186271085,1,1.951617186271085,130.9865117103418,0.5705486266396964,2018.6704156102305,2.564509246129614,-435.61945036906934,248.06574914843563,1.350976962078085,5.436110770767857,1,0.0,0,0,0.3818314032590762,1.0,2016.1356201171875,5.02266263961792,1,1,6,18,1,130.23886383112065,-433.144775390625,249.7169647216797,-440.4066162109375,250.22137451171875,1,-440.4066162109375,250.22137451171875,2023.4521484375,4.732100486755371,0.772737979888916,0.04566115140914917,4.0,4.0,1,2019.45654296875,4.417178630828857,3.298688548352581,19.452510833740234,7.976424217224121,0.3818314032590762,2019.45654296875,4.417178630828857,2019.45654296875,4.417178630828857,0.0,0.0,0.0,1,2.439521482838856,2.439461827078544,-0.017060464791567823,2.774169921875,-0.015981409698724747,0.6479993462562561,0.03686513751745224,-0.9966793463782435,0.0,130.37665179856825,130.37665179856825,0.6098599117735697,3.097743511199951,-0.051440197974443436,0.019575955050931005,1.0,2018.6704156102305,2.880551478824561,8,8,9,71.65873432732347,0.4086661598292214,0.0,0.8225527356039151,-435.85661440275373,247.85685703759046,2.3120539832003,1.951617186271085,0.36043679692921504,0,1.6670191947730255,nan
GT+smooth-jitter_controlled_forward3x6_SoftMS_local_prior_3frame_causal_heading_continuous_waypoint_RNN_polynomial_Kalman,1,controlled_gt_jitter,8.0,-436.9077024905011,245.99619647480856,-1.0223265139386049,-4.435337338668017,0,0,6,-437.0766778476358,248.7188166215848,-435.8853759765625,250.43153381347656,-1,-437.0766906738281,248.71881103515625,-437.0766778476358,248.7188166215848,0.0,0,0.0,0.0,914,/yh/study/uav-sat/v36_GvsK/v36_training_data/routes/route_C/vi/vi_000914.jpg,-435.8853759765625,250.43153381347656,2020.621511798258,1.2003695263326823,8,1.9511405877400976,1.9511405877400976,1,1.9511405877400976,130.9868002155947,0.00028850525291078665,2020.621511798258,2.865105648456748,-437.134625263205,249.33120541880166,1.6647361221240649,5.239128744092305,1,0.0,0,0,0.5377292381561175,1.0,2017.9688720703125,4.899134635925293,1,1,6,18,1,130.28708966241598,-433.144775390625,249.7169647216797,-439.8453369140625,250.17994689941406,1,-439.8453369140625,250.17994689941406,2023.050048828125,4.338288307189941,0.7515289783477783,0.1033543050289154,4.0,4.0,1,2019.0533447265625,4.009890556335449,3.2175388704378296,19.908946990966797,8.07403564453125,0.5377292381561175,2019.0533447265625,4.009890556335449,2019.0533447265625,4.009890556335449,0.0,0.0,0.0,0,2.438925734675122,2.4388768246028403,-0.015445830367813078,2.8743510246276855,-0.017891064286231995,0.6840425133705139,0.037997640669345856,-1.0074628276955184,0.0,130.36586831725097,130.36586831725097,0.6209318983437554,3.2158944606781006,-0.05544472485780716,0.029787131831910472,1.0,2020.1236626533964,3.2263869389885453,8,8,9,70.20548728415757,0.4206584753901795,0.4978491448616751,0.923210436887588,-437.0766778476358,248.7188166215848,1.493830356492045,1.9511405877400976,0.0,0,2.0862886491145645,nan
GT+smooth-jitter_controlled_forward3x6_SoftMS_local_prior_3frame_causal_heading_continuous_waypoint_RNN_polynomial_Kalman,1,controlled_gt_jitter,8.0,-438.02749607503824,247.45982443568204,-0.8619687312882522,-4.445052273302346,0,0,6,-437.9053026986343,251.01354242175293,-437.16552734375,251.90487670898438,-1,-437.9053039550781,251.0135498046875,-437.9053026986343,251.01354242175293,0.0,0,0.0,0.0,915,/yh/study/uav-sat/v36_GvsK/v36_training_data/routes/route_C/vi/vi_000915.jpg,-437.16552734375,251.90487670898438,2022.573268245908,1.1871945609583163,8,1.9518009147080986,1.9518009147080986,1,1.9518009147080986,130.98657261943686,-0.000227596157884054,2022.5633657940098,3.2110824517181755,-438.67774571957506,250.5597314243645,2.023912115907728,4.931561488435765,1,0.0,0,0,0.7941280694640056,1.0,2019.807373046875,4.772045612335205,1,1,6,18,1,130.31466217559998,-428.35247802734375,259.2033996582031,-437.851318359375,256.2863464355469,1,-437.851318359375,256.2863464355469,2026.314453125,-1.1941628456115723,0.3610115349292755,0.7058467268943787,4.0,4.0,1,2022.3177490234375,-1.5196588039398193,2.718886759707387,19.980770111083984,8.08835220336914,0.7941280694640056,2022.3177490234375,-1.5196588039398193,2022.3177490234375,0.5507711371025663,0.0,-2.070429941042385,0.0,1,2.4397511433851227,2.439703140613301,-0.015304487270369904,2.8937628269195557,-0.018474750220775604,0.6903575658798218,0.038046710193157196,-0.9980143281958637,0.0,130.37531681675063,130.37531681675063,0.6112558026862164,3.238459825515747,-0.05586656928062439,0.06649160939769035,1.0,2022.3933581149006,2.331474566922553,8,8,9,67.9357918226534,0.4393881912562004,0.17991013100731834,0.9419619122114571,-437.9053026986343,251.01354242175293,2.439751143385225,1.9518009147080986,0.48795022867712623,0,1.1583369057785127,nan
GT+smooth-jitter_controlled_forward3x6_SoftMS_local_prior_3frame_causal_heading_continuous_waypoint_RNN_polynomial_Kalman,1,controlled_gt_jitter,8.0,-439.1573007016242,248.987664909546,-0.702192059046066,-4.449026374633687,0,0,6,-438.01770904852003,252.65002499740635,-438.4551086425781,253.4366912841797,-1,-438.0177001953125,252.6500244140625,-438.01770904852003,252.65002499740635,0.0,0,0.0,0.0,916,/yh/study/uav-sat/v36_GvsK/v36_training_data/routes/route_C/vi/vi_000916.jpg,-438.4551086425781,253.4366912841797,2024.575135773971,1.142448397379741,8,2.0023675534396848,2.0023675534396848,1,2.0023675534396848,130.09285706575847,-0.8937155536783665,2024.575135773971,2.3156197034020343,-439.33547844874766,252.6612688717753,1.1731713060222904,4.572457419988739,1,0.0,0,0,0.8206624494827166,1.0,2021.70068359375,4.610026836395264,1,1,6,18,1,130.33589125731402,-428.35247802734375,259.2033996582031,-437.5,256.3900146484375,1,-437.5,256.3900146484375,2026.1600341796875,-1.5263195037841797,0.3127672076225281,0.7421913146972656,4.0,4.0,1,2022.1632080078125,-1.8614444732666016,3.852371727583648,19.900169372558594,8.07131290435791,0.8206624494827166,2022.1632080078125,-1.8614444732666016,2022.1632080078125,-0.3884733382444483,0.0,-1.4729711350221533,0.0,0,2.502959441799606,2.502909225400822,-0.015854863520518476,2.886308193206787,-0.019931863993406296,0.6898396015167236,0.03695833310484886,-1.0028029311342772,0.0,130.3705282138122,130.3705282138122,0.2776711480537363,3.2307074069976807,-0.058003224432468414,0.14569945790470298,1.0,2023.6957018076612,1.3341725495583856,8,8,9,66.63344812989281,0.4501352398092009,0.8794339663097617,0.8839406397671024,-438.01770904852003,252.65002499740635,1.6403385040630738,2.0023675534396848,0.0,0,0.900090135279761,nan
GT+smooth-jitter_controlled_forward3x6_SoftMS_local_prior_3frame_causal_heading_continuous_waypoint_RNN_polynomial_Kalman,1,controlled_gt_jitter,8.0,-440.2888979786019,250.52236150715154,-0.5432009571174936,-4.447319278981267,0,0,6,-439.7426152817502,254.1785531857026,-439.7456970214844,254.9696807861328,-1,-439.74261474609375,254.17855834960938,-439.7426152817502,254.1785531857026,0.0,0,0.0,0.0,917,/yh/study/uav-sat/v36_GvsK/v36_training_data/routes/route_C/vi/vi_000917.jpg,-439.7456970214844,254.9696807861328,2026.5785506314787,1.097681382926557,8,2.0039149624837758,2.0039149624837758,1,2.0039149624837758,130.09324968797623,0.00039262221773696954,2026.2005401430577,1.3175178990894651,-439.66081566339864,254.54071088247457,0.4372871175727004,4.291644103019344,1,0.0,0,0,0.6924346344507113,1.0,2023.6002197265625,4.444821357727051,1,1,6,18,1,130.34801420276057,-433.0838928222656,259.2332763671875,-442.7818298339844,256.29638671875,1,-442.7818298339844,256.29638671875,2029.5809326171875,2.4991495609283447,0.5459086894989014,0.3613017797470093,4.0,4.0,1,2025.584228515625,2.1730897426605225,1.4646431682364358,19.922183990478516,8.07384967803955,0.6924346344507113,2025.584228515625,2.1730897426605225,2025.584228515625,2.1730897426605225,0.0,0.0,0.0,0,2.50489370310472,2.504838335396405,-0.01665465046892034,2.897021770477295,-0.01986539177596569,0.6889122128486633,0.03719225153326988,-1.0000155736226775,0.0,130.37331557132381,130.37331557132381,0.2800658833475993,3.240962266921997,-0.05784154310822487,0.013815346127487369,1.0,2025.982836690371,1.6182745807807142,8,8,9,64.34631324718303,0.46900886723057755,0.5957139411077605,0.8931068079935192,-439.7426152817502,254.1785531857026,2.304712549506458,2.0039149624837758,0.3007975870226822,0,0.7911336026754502,nan
GT+smooth-jitter_controlled_forward3x6_SoftMS_local_prior_3frame_causal_heading_continuous_waypoint_RNN_polynomial_Kalman,1,controlled_gt_jitter,8.0,-441.42123719670616,252.06238249821502,-0.3851959369405127,-4.439997872878728,0,0,6,-441.0313296938891,255.27468093154533,-441.0360412597656,256.50238037109375,-1,-441.0313415527344,255.27467346191406,-441.0313296938891,255.27468093154533,0.0,0,0.0,0.0,918,/yh/study/uav-sat/v36_GvsK/v36_training_data/routes/route_C/vi/vi_000918.jpg,-441.0360412597656,256.50238037109375,2028.581586561991,1.0529227850607068,8,2.0035359420297527,2.0035359420297527,1,2.0035359420297527,130.09324823929498,-1.4486812345346234e-06,2028.487199333596,1.6013357300368247,-441.3851942126419,256.06906994818746,0.55647615142202,4.2338377533634635,1,0.0,0,0,0.6398732827937976,1.0,2025.5042724609375,4.27665376663208,1,1,6,18,1,130.35686964974118,-433.0838928222656,259.2332763671875,-443.06854248046875,256.1451416015625,1,-443.06854248046875,256.1451416015625,2029.6568603515625,2.8142714500427246,0.6414747834205627,0.27352237701416016,4.0,4.0,1,2025.659912109375,2.4904983043670654,3.256194862224453,20.056501388549805,8.10026741027832,0.6398732827937976,2025.659912109375,2.4904983043670654,2025.659912109375,2.4904983043670654,0.0,0.0,0.0,0,2.504419927537191,2.5043626432249915,-0.01693885074388937,2.9406614303588867,-0.021667832508683205,0.7106658816337585,0.0369773767888546,-1.049278526454806,0.0,130.3240526184917,130.3240526184917,0.23080437919670524,3.2953834533691406,-0.06353598088026047,0.10165062717402082,1.0,2027.657183650122,1.8608506093427504,8,8,9,62.671966287431914,0.48282571770640814,0.9244029118688104,0.937125488329134,-441.0313296938891,255.27468093154533,1.6918276718569174,2.0035359420297527,0.0,0,1.2277084803488592,nan
GT+smooth-jitter_controlled_forward3x6_SoftMS_local_prior_3frame_causal_heading_continuous_waypoint_RNN_polynomial_Kalman,1,controlled_gt_jitter,8.0,-442.5509746244435,253.61860978725034,-0.22837330608411374,-4.427136062359049,0,0,6,-442.2284391104594,257.13805790160575,-442.3226013183594,258.0457458496094,-1,-442.2284240722656,257.1380615234375,-442.2284391104594,257.13805790160575,0.0,0,0.0,0.0,919,/yh/study/uav-sat/v36_GvsK/v36_training_data/routes/route_C/vi/vi_000919.jpg,-442.3226013183594,258.0457458496094,2030.5901251781431,0.9982747103648171,8,2.0092819077079547,2.0092819077079547,1,2.0092819077079547,129.8148190322029,-0.2784292070920776,2030.1687227530936,1.8430216231331789,-442.6779840222246,257.17117139065084,0.9440219014774953,4.252959518228124,1,0.0,0,0,0.6168179677760974,1.0,2027.4188232421875,4.095821857452393,1,1,6,18,1,130.34538372615646,-433.0534362792969,263.9914245605469,-443.92718505859375,259.83880615234375,1,-443.92718505859375,259.83880615234375,2032.9962158203125,1.0172386169433594,0.6833935379981995,0.24143962562084198,4.0,4.0,1,2028.9990234375,0.6893740892410278,1.620809779958111,20.24448013305664,8.13848876953125,0.6168179677760974,2028.9990234375,0.6893740892410278,2028.9990234375,0.6893740892410278,0.0,0.0,0.0,0,2.5116023846349433,2.5115391029714575,-0.01782898620957158,2.987051248550415,-0.02079443819820881,0.7207926511764526,0.038742173463106155,-1.0539405574501628,0.0,130.31939058749631,130.31939058749631,0.5045715552934261,3.3468551635742188,-0.062995046377182,0.029806310015120314,1.0,2029.8467413732574,1.5275614483258635,8,8,9,60.48240856429662,0.5008941302851591,0.7433838048857524,0.9777693408424604,-442.2284391104594,257.13805790160575,2.214778699507654,2.0092819077079547,0.20549679179969926,0,0.912559002118564,nan
GT+smooth-jitter_controlled_forward3x6_SoftMS_local_prior_3frame_causal_heading_continuous_waypoint_RNN_polynomial_Kalman,1,controlled_gt_jitter,8.0,-443.6827271717138,255.18105973422226,-0.0729249256200528,-4.408814533355859,0,0,6,-443.86082698491515,258.8126853353958,-443.60980224609375,259.5898742675781,-1,-443.86083984375,258.81268310546875,-443.86082698491515,258.8126853353958,0.0,0,0.0,0.0,920,/yh/study/uav-sat/v36_GvsK/v36_training_data/routes/route_C/vi/vi_000920.jpg,-443.60980224609375,259.5898742675781,2032.5996599089697,0.943603281440923,8,2.0102782890781343,2.0102782890781343,1,2.0102782890781343,129.81492581426053,0.00010678205764619645,2032.3595272753341,1.5099153551685067,-443.87605477281767,259.03536309672626,0.6151203513023931,4.843519848350423,1,0.0,0,0,0.29270689207676803,1.0,2029.33935546875,3.9123892784118652,1,1,6,18,1,130.3362861276254,-452.0094909667969,259.352783203125,-446.68212890625,258.7312316894531,1,-446.68212890625,258.7312316894531,2033.9859619140625,3.8166656494140625,0.7926251292228699,0.01438651978969574,4.0,4.0,1,2029.98876953125,3.481920003890991,3.6414008771266424,20.172788619995117,8.125858306884766,0.29270689207676803,2029.98876953125,3.481920003890991,2029.98876953125,3.342881727095174,0.0,0.13903827679581715,0.0,0,2.5128478613476677,2.5127859020767827,-0.017646093157356747,2.957226514816284,-0.02109294943511486,0.7163761854171753,0.03789958730340004,-1.0616838575348415,0.0,130.31164728741166,130.31164728741166,0.49672147315110105,3.314805746078491,-0.06357350945472717,0.026475668070006,1.0,2032.1823606974058,1.6456698194807782,8,8,9,58.14678924014821,0.5201678553528809,0.4172992115638863,0.9469482257381499,-443.86082698491515,258.8126853353958,2.3386036891000668,2.0102782890781343,0.32832540002193245,0,0.8167227533300471,nan
GT+smooth-jitter_controlled_forward3x6_SoftMS_local_prior_3frame_causal_heading_continuous_waypoint_RNN_polynomial_Kalman,1,controlled_gt_jitter,8.0,-444.8154002852557,256.7481497597629,0.08096201943182356,-4.385120503908966,0,0,6,-445.41409401095717,260.44948160390095,-444.8963623046875,261.1332702636719,-1,-445.4140930175781,260.4494934082031,-445.41409401095717,260.44948160390095,0.0,0,0.0,0.0,921,/yh/study/uav-sat/v36_GvsK/v36_training_data/routes/route_C/vi/vi_000921.jpg,-444.8963623046875,261.1332702636719,2034.6082214260862,0.8889350357657989,8,2.009305348902195,2.009305348902195,1,2.009305348902195,129.81426182599293,-0.0006639882676254611,2034.6082214260862,1.6278800790903267,-445.4508805589459,260.644855191476,0.7389450433245562,5.555531397097475,1,0.0,0,0,0.2742045940792933,1.0,2031.2640380859375,3.7265803813934326,1,1,6,18,1,130.32766248018973,-452.0094909667969,259.352783203125,-446.4559631347656,258.555419921875,1,-446.4559631347656,258.555419921875,2033.70458984375,3.7631516456604004,0.7916032671928406,0.006760790944099426,4.0,4.0,1,2029.7073974609375,3.4383697509765625,5.524282116664339,20.25248146057129,8.139944076538086,0.2742045940792933,2029.7073974609375,3.4383697509765625,2031.604158792368,3.430317659321161,-1.8967613314306182,0.008052091655401883,0.0,0,2.511631686127744,2.5115686834919995,-0.017789740390451534,2.9860575199127197,-0.02088707685470581,0.7206323742866516,0.038688041269779205,-1.0781152649654824,0.0,130.29521587998101,130.29521587998101,0.48095405398808566,3.345752239227295,-0.0645066499710083,0.02134194883694125,1.0,2034.4372948783773,1.7294094055097156,8,8,9,55.89185505917668,0.5387757599032941,0.1709265477088593,0.9767521710105247,-445.41409401095717,260.44948160390095,2.2564885283957725,2.009305348902195,0.2471831794935775,0,0.8576788740013505,nan
GT+smooth-jitter_controlled_forward3x6_SoftMS_local_prior_3frame_causal_heading_continuous_waypoint_RNN_polynomial_Kalman,1,controlled_gt_jitter,8.0,-445.9802736699318,258.3388293377692,0.23310523631816535,-4.356147468871429,0,0,6,-446.70388717066976,261.7988224937968,-446.21337890625,262.6949768066406,-1,-446.7038879394531,261.798828125,-446.70388717066976,261.7988224937968,0.0,0,0.0,0.0,922,/yh/study/uav-sat/v36_GvsK/v36_training_data/routes/route_C/vi/vi_000922.jpg,-446.21337890625,262.6949768066406,2036.6506541591298,0.8450193650427875,8,2.042904808145167,2.042904808145167,1,2.042904808145167,130.14156723297964,0.3273054069867133,2036.6506541591298,1.7114466761397937,-446.86356225118425,262.12230071722814,0.8664273110969328,5.825585987388512,1,0.0,0,0,0.38447673786047853,1.0,2033.2276611328125,3.5493435859680176,1,1,6,18,1,130.31630622347754,-452.0094909667969,259.352783203125,-448.957763671875,263.29144287109375,1,-448.957763671875,263.29144287109375,2038.9122314453125,2.5102155208587646,0.6566619873046875,0.02118256688117981,4.0,4.0,1,2034.9150390625,2.1838860511779785,2.1920136329164235,20.328577041625977,8.154703140258789,0.38447673786047853,2034.9150390625,2.1838860511779785,2034.9150390625,2.1838860511779785,0.0,0.0,0.0,0,2.5536310101814585,2.553567832761441,-0.017962729369921816,3.0052688121795654,-0.02082689478993416,0.725785493850708,0.039197783917188644,-1.075683184012429,0.0,130.29764796093406,130.29764796093406,0.15608072795442585,3.3675448894500732,-0.06445866078138351,0.015294713409046569,1.0,2036.302370754227,1.8054305164576427,8,8,9,54.02677918332698,0.5541665212700567,0.3482834049027588,0.9623640040343986,-446.70388717066976,261.7988224937968,1.8666245557118228,2.042904808145167,0.0,0,1.0216119174582083,nan
GT+smooth-jitter_controlled_forward3x6_SoftMS_local_prior_3frame_causal_heading_continuous_waypoint_RNN_polynomial_Kalman,1,controlled_gt_jitter,8.0,-447.1485328243621,259.93642791373844,0.3833275272003816,-4.321994937824047,0,0,6,-447.8585193240308,263.11576406997216,-447.5318603515625,264.2584228515625,-1,-447.8585205078125,263.1157531738281,-447.8585193240308,263.11576406997216,0.0,0,0.0,0.0,923,/yh/study/uav-sat/v36_GvsK/v36_training_data/routes/route_C/vi/vi_000923.jpg,-447.5318603515625,264.2584228515625,2038.6953604541484,0.8010531947957314,8,2.0451789303176366,2.0451789303176366,1,2.0451789303176366,130.1415220217224,-4.521125722531614e-05,2038.6953604541484,1.7875950589515015,-448.2721799155226,263.6063555291564,0.986541864155754,6.089277734961734,1,0.0,0,0,0.3834347130692378,1.0,2035.19873046875,3.3700742721557617,1,1,6,18,1,130.30977581557906,-447.2781066894531,259.3229064941406,-448.7611999511719,263.5567321777344,1,-448.7611999511719,263.5567321777344,2038.9813232421875,2.187364101409912,0.702578604221344,0.03086741268634796,4.0,4.0,1,2034.9840087890625,1.859443187713623,3.859316074001282,20.401058197021484,8.169355392456055,0.3834347130692378,2034.9840087890625,1.859443187713623,2035.390914993208,1.859443187713623,-0.4069062041454816,0.0,0.0,0,2.5564736628970457,2.5564114468414085,-0.017835457506141166,3.0250303745269775,-0.020570354536175728,0.7309420108795166,0.03986860066652298,-1.0753733709005453,0.0,130.29795777404595,130.29795777404595,0.1564357523235347,3.389892339706421,-0.06426787376403809,0.04609624094568844,1.0,2038.053797199287,1.8014390030972989,8,8,9,52.275352738267074,0.5686194380743523,0.6415632548614667,0.9798514442093409,-447.8585193240308,263.11576406997216,1.7514309933977776,2.0451789303176366,0.0,0,1.1884339171529759,nan
GT+smooth-jitter_controlled_forward3x6_SoftMS_local_prior_3frame_causal_heading_continuous_waypoint_RNN_polynomial_Kalman,1,controlled_gt_jitter,8.0,-448.3171453168781,261.53705605184183,0.5314569780437898,-4.282768166908195,0,0,6,-449.20401314366865,264.61663201469554,-448.8486022949219,265.81982421875,-1,-449.2040100097656,264.61663818359375,-449.20401314366865,264.61663201469554,0.0,0,0.0,0.0,924,/yh/study/uav-sat/v36_GvsK/v36_training_data/routes/route_C/vi/vi_000924.jpg,-448.8486022949219,265.81982421875,2040.7373826387347,0.7571331251852849,8,2.042494449161813,2.042494449161813,1,2.042494449161813,130.1411962947545,-0.00032572696789548563,2040.6068548540954,1.7838763456314708,-449.53281572240587,265.04323479766214,1.0350068324871,6.453286839139818,1,0.0,0,0,0.39534218776587404,1.0,2037.1722412109375,3.1890676021575928,1,1,6,18,1,130.30563949570637,-452.0094909667969,259.352783203125,-449.0118408203125,263.63922119140625,1,-449.0118408203125,263.63922119140625,2039.2088623046875,2.320927619934082,0.7462513446807861,0.04523840546607971,4.0,4.0,1,2035.2119140625,2.0041494369506836,5.664437542136462,20.208162307739258,8.129337310791016,0.39534218776587404,2035.2119140625,2.0041494369506836,2037.2696638377392,2.0041494369506836,-2.0577497752392917,0.0,0.0,0,2.5531180614522664,2.553057654808547,-0.017562657465827976,2.987152576446533,-0.01996063068509102,0.7226360440254211,0.03937860205769539,-1.073529113102936,0.0,130.29980203184354,130.29980203184354,0.15860573708903938,3.3478779792785645,-0.06300662457942963,0.036290173625602724,1.0,2040.069397881764,1.819105213217424,8,8,9,50.25975205579003,0.5852523426743087,0.6679847569707817,0.9446581272847201,-449.20401314366865,264.61663201469554,2.015678100834021,2.042494449161813,0.0,0,1.2545869245709242,nan
GT+smooth-jitter_controlled_forward3x6_SoftMS_local_prior_3frame_causal_heading_continuous_waypoint_RNN_polynomial_Kalman,1,controlled_gt_jitter,8.0,-449.51832105976484,263.1107568315044,0.6773271335945135,-4.238577885292511,0,0,6,-448.8535048231102,265.89196181085623,-450.1956481933594,267.3493347167969,-1,-448.853515625,265.8919677734375,-448.8535048231102,265.89196181085623,0.0,0,0.0,0.0,925,/yh/study/uav-sat/v36_GvsK/v36_training_data/routes/route_C/vi/vi_000925.jpg,-450.1956481933594,267.3493347167969,2042.7755030978794,0.757032386543082,8,2.0381204616344175,2.0381204616344175,1,2.0381204616344175,131.37049917345888,1.2293028787043738,2042.6169900581542,1.8018551261832343,-450.8749316236874,266.53979474723775,1.0567785676441497,5.536472394414445,1,0.0,0,0,0.6750141756570712,1.0,2039.1470947265625,3.050295114517212,1,1,6,18,1,130.30359641537092,-447.2476501464844,264.0810546875,-448.29461669921875,267.8271484375,1,-448.29461669921875,267.8271484375,2041.8775634765625,-0.9853544235229492,0.5709941983222961,0.1185506284236908,4.0,4.0,1,2037.880859375,-1.2998340129852295,5.309259511403798,20.126951217651367,8.108037948608398,0.6750141756570712,2037.880859375,-1.2998340129852295,2038.5107010750974,-0.6619182636509331,-0.6298417000972689,-0.6379157493342964,0.0,0,2.547650577043022,2.5475921763902787,-0.017250087034189614,2.9874796867370605,-0.01845681108534336,0.7204655408859253,0.04053200036287308,-1.055294962618235,0.0,130.31803618232826,130.31803618232826,1.0524629911306336,3.3471779823303223,-0.05984704568982124,0.18482913511696503,1.0,2040.794756432203,0.7131318206527202,8,8,9,49.53439350535096,0.5912380618076188,1.9807466656764063,0.949359225102643,-448.8535048231102,265.89196181085623,1.3226194357244154,2.0381204616344175,0.0,0,1.9812331042241582,nan
GT+smooth-jitter_controlled_forward3x6_SoftMS_local_prior_3frame_causal_heading_continuous_waypoint_RNN_polynomial_Kalman,1,controlled_gt_jitter,8.0,-450.6020438865953,264.5531662818377,0.8207771583265685,-4.189540016990385,0,0,6,-450.344338711156,266.7236636848407,-451.4228210449219,268.7427062988281,-1,-450.3443298339844,266.7236633300781,-450.344338711156,266.7236636848407,0.0,0,0.0,0.0,926,/yh/study/uav-sat/v36_GvsK/v36_training_data/routes/route_C/vi/vi_000926.jpg,-451.4228210449219,268.7427062988281,2044.6322307483163,0.7569593980141344,8,1.856727651871514,1.856727651871514,1,1.856727651871514,131.37107883042037,0.0005796569614817088,2043.1156177892851,0.6981728980160737,-450.37628203337096,267.64346709947915,1.5177518638049319,4.8122549378191835,1,0.0,0,0,0.6794974910056963,1.0,2040.94580078125,2.9101622104644775,1,1,6,18,1,130.3086503284699,-447.21722412109375,268.8392028808594,-453.1760559082031,268.28607177734375,1,-453.1760559082031,268.28607177734375,2045.4483642578125,2.3744380474090576,0.5694307684898376,0.38576146960258484,4.0,4.0,1,2041.452392578125,2.0682473182678223,3.439599802071317,19.917940139770508,8.06116771697998,0.6794974910056963,2041.452392578125,2.0682473182678223,2041.452392578125,2.0682473182678223,0.0,0.0,0.0,0,2.3209095648393925,2.3208613570820056,-0.014958922636646414,2.9715044498443604,-0.016395948827266693,0.7094229459762573,0.041787970811128616,-0.9868443008602482,0.0,130.38648684408625,130.38648684408625,0.9845919863341283,3.3258001804351807,-0.052789486944675446,0.04913003728060334,1.0,2042.4042666698472,1.2821577285459245,8,8,9,47.92488326770682,0.6045198742559499,2.2279640784690855,1.1147767979728465,-450.344338711156,266.7236636848407,1.7071361073256737,1.856727651871514,0.0,0,2.289029755451485,nan
GT+smooth-jitter_controlled_forward3x6_SoftMS_local_prior_3frame_causal_heading_continuous_waypoint_RNN_polynomial_Kalman,1,controlled_gt_jitter,8.0,-451.80852013586167,266.13680760906647,0.9616519832789721,-4.135775398746022,0,0,6,-451.19251108930274,267.5221788843711,-452.7701721191406,270.2725830078125,-1,-451.1925048828125,267.5221862792969,-451.19251108930274,267.5221788843711,0.0,0,0.0,0.0,927,/yh/study/uav-sat/v36_GvsK/v36_training_data/routes/route_C/vi/vi_000927.jpg,-452.7701721191406,270.2725830078125,2046.6708277288265,0.7568456172653429,8,2.038596983685417,2.038596983685417,1,2.038596983685417,131.3701332805563,-0.0009455498640601965,2044.9524679940666,1.2670296767283207,-452.01725223026205,268.6458809473524,1.792497685514289,4.382311972400657,1,0.0,0,0,0.7012086885011569,1.0,2042.931640625,2.768796920776367,1,1,6,18,1,130.33589307158303,-447.21722412109375,268.8392028808594,-452.72198486328125,268.453369140625,1,-452.72198486328125,268.453369140625,2045.2738037109375,1.9231173992156982,0.5299558639526367,0.42356908321380615,4.0,4.0,1,2041.2767333984375,1.5961281061172485,5.458997045358077,20.28643798828125,8.14414119720459,0.7012086885011569,2041.2767333984375,1.5961281061172485,2041.2767333984375,1.5961281061172485,0.0,0.0,0.0,0,2.5482462296067716,2.548201324219366,-0.015128051817603693,3.024627685546875,-0.018765302374958992,0.7313159108161926,0.04128245264291763,-0.9962938675769609,0.0,130.37703727736954,130.37703727736954,0.9930960031867809,3.389806032180786,-0.057073742151260376,0.16669003574795546,1.0,2043.5640977499686,1.390853508208633,8,8,9,46.7650521875854,0.6140908968674407,3.1067299788578566,0.9860307018614578,-451.19251108930274,267.5221788843711,1.1649132615487612,2.038596983685417,0.0,0,3.1707628683508617,nan
GT+smooth-jitter_controlled_forward3x6_SoftMS_local_prior_3frame_causal_heading_continuous_waypoint_RNN_polynomial_Kalman,1,controlled_gt_jitter,8.0,-452.96065288352634,267.6981337181861,1.099802438739316,-4.077409494704516,0,0,6,-452.7031335605141,269.4202354917213,-454.0604553222656,271.7755432128906,-1,-452.703125,269.42022705078125,-452.7031335605141,269.4202354917213,0.0,0,0.0,0.0,928,/yh/study/uav-sat/v36_GvsK/v36_training_data/routes/route_C/vi/vi_000928.jpg,-454.0604553222656,271.7755432128906,2048.651506327552,0.7316978367331737,8,1.9808382372912205,1.9808382372912205,1,1.9808382372912205,130.6459116263976,-0.7242216541587055,2046.0400997102486,1.3757875264267134,-452.817750104193,269.3901753607049,2.689664672271614,4.867748365541701,1,0.0,0,0,0.30811397302512084,1.0,2044.8648681640625,2.601400852203369,1,1,6,18,1,130.35029356495264,-447.186767578125,273.5973815917969,-454.4161376953125,272.5207824707031,1,-454.4161376953125,272.5207824707031,2049.44580078125,0.5060332417488098,0.7486109137535095,0.010866224765777588,4.0,4.0,1,2045.4488525390625,0.19107770919799805,3.247962655453788,20.344619750976562,8.153594970703125,0.30811397302512084,2045.4488525390625,0.19107770919799805,2045.4488525390625,0.19107770919799805,0.0,0.0,0.0,0,2.4760477966140253,2.4760019602799423,-0.015065981781919615,3.051112174987793,-0.019677862524986267,0.7363038063049316,0.04122883826494217,-1.0300965805010598,0.0,130.34323456444542,130.34323456444542,0.302677061952174,3.4187285900115967,-0.0605337880551815,0.006061438119798121,1.0,2045.9869001436002,1.2699084932329576,8,8,9,44.34224979395377,0.634084063881205,2.6646061839517188,1.0702739376965724,-452.7031335605141,269.4202354917213,2.42581927093396,1.9808382372912205,0.44498103364273933,0,2.718418074234349,nan
GT+smooth-jitter_controlled_forward3x6_SoftMS_local_prior_3frame_causal_heading_continuous_waypoint_RNN_polynomial_Kalman,1,controlled_gt_jitter,8.0,-454.11501228348385,269.26313785235965,1.2350853727661477,-4.014572108577854,0,0,6,-453.7755402173112,270.96240764753367,-455.35009765625,273.2777099609375,-1,-453.7755432128906,270.96240234375,-453.7755402173112,270.96240764753367,0.0,0,0.0,0.0,929,/yh/study/uav-sat/v36_GvsK/v36_training_data/routes/route_C/vi/vi_000929.jpg,-455.35009765625,273.2777099609375,2050.6311659106386,0.7065935814081628,8,1.9798187514372092,1.9798187514372092,1,1.9798187514372092,130.64679674668588,0.0008851202882861248,2048.4616246794317,1.2543506141317935,-454.32715911656186,271.2875984904851,2.237620817029896,5.09047635932696,1,0.0,0,0,0.43857769686345016,1.0,2046.80224609375,2.433244466781616,1,1,6,18,1,130.3478229574638,-451.9486389160156,268.86907958984375,-454.43682861328125,272.4499206542969,1,-454.43682861328125,272.4499206542969,2049.40625,0.5683971047401428,0.7520927786827087,0.06381772458553314,4.0,4.0,1,2045.408935546875,0.24889785051345825,5.2422490740420455,20.546167373657227,8.196793556213379,0.43857769686345016,2045.408935546875,0.24889785051345825,2045.408935546875,0.24889785051345825,0.0,0.0,0.0,0,2.4747734392965115,2.4747245358312826,-0.015557879101164128,3.0874009132385254,-0.020932793617248535,0.7476258277893066,0.04111465811729431,-1.0473117521389597,0.0,130.32601939280752,130.32601939280752,0.32077735387835987,3.4606287479400635,-0.06363954395055771,0.06364336272027263,1.0,2047.8529958685353,1.0553444210199239,8,8,9,42.47615406901865,0.6494832411275075,2.7781700421032838,1.1075821618013162,-453.7755402173112,270.96240764753367,1.8783905333304782,1.9798187514372092,0.0,0,2.7999742732694415,nan
GT+smooth-jitter_controlled_forward3x6_SoftMS_local_prior_3frame_causal_heading_continuous_waypoint_RNN_polynomial_Kalman,1,controlled_gt_jitter,8.0,-455.27335279715453,270.8336392829397,1.3673637555798415,-3.9473970940134344,0,0,6,-454.99930593360506,272.1687908074352,-456.6407165527344,274.7810363769531,-1,-454.9992980957031,272.1687927246094,-454.99930593360506,272.1687908074352,0.0,0,0.0,0.0,930,/yh/study/uav-sat/v36_GvsK/v36_training_data/routes/route_C/vi/vi_000930.jpg,-456.6407165527344,274.7810363769531,2052.6123412017087,0.6814556597338547,8,1.9813347645092512,1.9813347645092512,1,1.9813347645092512,130.6463790483788,-0.0004176983070851307,2050.329611030447,1.0390969924343272,-455.40029795568006,272.83164517410864,2.3105766288192324,4.796306586753834,1,0.0,0,0,0.6163483576810733,1.0,2048.746337890625,2.264442205429077,1,1,6,18,1,130.3401917151702,-461.3810119628906,273.6869812011719,-457.1220703125,273.73431396484375,1,-457.1220703125,273.73431396484375,2052.14501953125,1.734516978263855,0.6842473745346069,0.1753080189228058,4.0,4.0,1,2048.1484375,1.4339598417282104,4.526886214833394,20.22978401184082,8.12523078918457,0.6163483576810733,2048.1484375,1.4339598417282104,2048.1484375,1.4339598417282104,0.0,0.0,0.0,0,2.476668455636564,2.4766151619114263,-0.016247428585596652,3.0424695014953613,-0.019129419699311256,0.7338240146636963,0.04147551208734512,-1.0290981989434742,0.0,130.34423294600302,130.34423294600302,0.3021461023757894,3.408860445022583,-0.0596250481903553,0.048567572993057154,1.0,2049.567151902076,1.1763070166675065,8,8,9,40.761998035477845,0.6636285993937516,3.0451892996325114,1.0611347369861102,-454.99930593360506,272.1687908074352,1.7184187082519375,1.9813347645092512,0.0,0,3.0851346382381086,nan
GT+smooth-jitter_controlled_forward3x6_SoftMS_local_prior_3frame_causal_heading_continuous_waypoint_RNN_polynomial_Kalman,1,controlled_gt_jitter,8.0,-456.4108113453499,272.39698819004184,1.4965067698844952,-3.876022063864415,0,0,6,-455.90342232819023,274.4419743667801,-457.9073181152344,276.27301025390625,-1,-455.9034118652344,274.4419860839844,-455.90342232819023,274.4419743667801,0.0,0,0.0,0.0,931,/yh/study/uav-sat/v36_GvsK/v36_training_data/routes/route_C/vi/vi_000931.jpg,-457.9073181152344,276.27301025390625,2054.5691227733582,0.6457982833349879,8,1.95710642726398,1.95710642726398,1,1.95710642726398,130.32937656292265,-0.3170024854561609,2052.013484668387,1.1606243539543888,-456.6044719505344,274.0149305658311,2.6069775615779776,4.540745271001727,1,0.0,0,0,0.7249891372359172,1.0,2050.67138671875,2.0846972465515137,1,1,6,18,1,130.3416060979369,-456.5887451171875,283.1734313964844,-457.1404724121094,279.005615234375,1,-457.1404724121094,279.005615234375,2056.11279296875,-1.735806941986084,0.48671868443489075,0.1654503047466278,4.0,4.0,1,2052.1162109375,-2.0444719791412354,3.6406497441606174,20.174592971801758,8.111311912536621,0.7249891372359172,2052.1162109375,-2.0444719791412354,2052.1162109375,-1.3856077224848748,0.0,-0.6588642566563605,0.0,1,2.446383034079975,2.446332766310538,-0.015682662713117603,3.0433509349823,-0.017646778374910355,0.7289872169494629,0.0426524393260479,-1.0011971963490895,0.0,130.3721339485974,130.3721339485974,0.04275738567475615,3.407388687133789,-0.055867407470941544,0.07131270507584293,1.0,2051.8705787515396,0.35228353483916097,8,8,9,38.458571186014396,0.6826366694808385,2.698544021818634,1.0862445077183198,-455.90342232819023,274.4419743667801,2.446383034079819,1.95710642726398,0.48927660681583895,0,2.714459567810361,nan
GT+smooth-jitter_controlled_forward3x6_SoftMS_local_prior_3frame_causal_heading_continuous_waypoint_RNN_polynomial_Kalman,1,controlled_gt_jitter,8.0,-457.5512551323097,273.9640908560265,1.6223898872215794,-3.800588099051666,0,0,6,-456.3310686203398,276.36358653854876,-459.17364501953125,277.7646789550781,-1,-456.3310546875,276.36358642578125,-456.3310686203398,276.36358653854876,0.0,0,0.0,0.0,932,/yh/study/uav-sat/v36_GvsK/v36_training_data/routes/route_C/vi/vi_000932.jpg,-459.17364501953125,277.7646789550781,2056.52549379655,0.6101365080486485,8,1.9566960271339786,1.9566960271339786,1,1.9566960271339786,130.32902874902084,-0.00034781390180369334,2054.3164036631456,0.3374267322602537,-457.50887241310204,276.2871871587561,2.2258593485024862,4.196375701157994,1,0.0,0,0,0.7334214987194911,1.0,2052.60107421875,1.904711365699768,1,1,6,18,1,130.35229086167635,-456.5887451171875,283.1734313964844,-457.263427734375,279.29315185546875,1,-457.263427734375,279.29315185546875,2056.409912109375,-1.8335899114608765,0.47138711810112,0.2145247757434845,4.0,4.0,1,2052.4130859375,-2.1411118507385254,4.947854679647157,20.337020874023438,8.151399612426758,0.7334214987194911,2052.4130859375,-2.1411118507385254,2052.4130859375,-2.1411118507385254,0.0,0.0,0.0,0,2.4458700339174735,2.4458249116060196,-0.014856802578907233,3.0634777545928955,-0.02044665440917015,0.7455385327339172,0.04100417718291283,-1.06657758135345,0.0,130.30675356359305,130.30675356359305,0.022275185427800485,3.435652732849121,-0.06390762329101562,0.13076270185828864,1.0,2053.595250881109,-0.5969165153950526,8,8,9,36.73389905644477,0.6968688074468177,2.9302429154408856,1.106781727458917,-456.3310686203398,276.36358653854876,1.968622536160461,1.9566960271339786,0.011926509026482401,0,3.1691166821207912,nan
GT+smooth-jitter_controlled_forward3x6_SoftMS_local_prior_3frame_causal_heading_continuous_waypoint_RNN_polynomial_Kalman,1,controlled_gt_jitter,8.0,-458.6948633702944,275.5348335403501,1.7448949304868373,-3.7212394576967593,0,0,6,-456.67910593454826,277.70665797260983,-460.43975830078125,279.2560729980469,-1,-456.6791076660156,277.7066650390625,-456.67910593454826,277.70665797260983,0.0,0,0.0,0.0,933,/yh/study/uav-sat/v36_GvsK/v36_training_data/routes/route_C/vi/vi_000933.jpg,-460.43975830078125,279.2560729980469,2058.4815175142076,0.5744959648244916,8,1.9563483923780844,1.9563483923780844,1,1.9563483923780844,130.32946508928336,0.0004363402625272115,2056.040636210025,-0.6125795670699651,-457.9356231330319,278.2090023599459,2.7142309886102467,4.036477420281929,1,0.0,0,0,0.7163997964895145,1.0,2054.53564453125,1.7246942520141602,1,1,6,18,1,130.33635282869153,-456.5887451171875,283.1734313964844,-457.046630859375,279.5083312988281,1,-457.046630859375,279.5083312988281,2056.427978515625,-2.1385040283203125,0.5023356676101685,0.19541189074516296,4.0,4.0,1,2052.4306640625,-2.449286699295044,6.764324733029404,20.543277740478516,8.195639610290527,0.7163997964895145,2052.4306640625,-2.449286699295044,2052.4306640625,-2.449286699295044,0.0,0.0,0.0,0,2.4454354904726054,2.4453853289155107,-0.015663051674912425,3.103248357772827,-0.021558966487646103,0.7565086483955383,0.04106244444847107,-1.096943428464563,0.0,130.27638771648193,130.27638771648193,0.05307737280144079,3.4808449745178223,-0.0676778107881546,0.22426882847424834,1.0,2054.8331566024744,-1.2234628218111228,8,8,9,35.49599333507955,0.7070841084963808,3.648360911733107,1.1468999653947427,-456.67910593454826,277.70665797260983,1.3874331872462553,1.9563483923780844,0.0,0,4.067332435479531,nan
GT+smooth-jitter_controlled_forward3x6_SoftMS_local_prior_3frame_causal_heading_continuous_waypoint_RNN_polynomial_Kalman,1,controlled_gt_jitter,8.0,-459.8695798674565,277.09496997652604,1.8639101227779216,-3.638123285192726,0,0,6,-457.7225468284959,279.92818561709265,-461.7334899902344,280.73309326171875,-1,-457.7225341796875,279.9281921386719,-457.7225468284959,279.92818561709265,0.0,0,0.0,0.0,934,/yh/study/uav-sat/v36_GvsK/v36_training_data/routes/route_C/vi/vi_000934.jpg,-461.7334899902344,280.73309326171875,2060.445009613829,0.5690813256198632,8,1.9634995654678848,1.9634995654678848,1,1.9634995654678848,131.21532939507313,0.8858643057897506,2057.287475884772,-1.2399198842999668,-458.28896961607654,279.5593028120919,3.6390252304186603,3.7746130203897605,1,0.0,0,0,0.815166355851926,1.0,2056.48291015625,1.5750317573547363,1,1,6,18,1,130.31536504475426,-456.5887451171875,283.1734313964844,-459.94537353515625,283.93402099609375,1,-459.94537353515625,283.93402099609375,2061.665283203125,-2.888448476791382,0.32276010513305664,0.6918270587921143,4.0,4.0,1,2057.667724609375,-3.2029407024383545,4.684171450333659,20.65570068359375,8.219233512878418,0.815166355851926,2057.667724609375,-3.2029407024383545,2057.667724609375,-3.2029407024383545,0.0,0.0,0.0,1,2.454374456834856,2.4543192822975652,-0.01645706248884401,3.1248674392700195,-0.02219488099217415,0.7608619332313538,0.041110895574092865,-1.1102056281203179,0.0,130.26312551682616,130.26312551682616,0.9522038782469463,3.504608631134033,-0.06955614686012268,0.06624703202958739,1.0,2057.1899081721444,-1.9087919494726497,8,8,9,33.13924176540955,0.7265322186130855,3.2551014416844737,1.1613678738021347,-457.7225468284959,279.92818561709265,2.4543744568349135,1.9634995654678848,0.49087489136702867,0,4.090909600941335,nan
GT+smooth-jitter_controlled_forward3x6_SoftMS_local_prior_3frame_causal_heading_continuous_waypoint_RNN_polynomial_Kalman,1,controlled_gt_jitter,8.0,-461.04764741629117,278.65844954132245,1.9793301227713465,-3.551389325865022,0,0,6,-459.0570380247323,281.53661667546487,-463.0269775390625,282.2098388671875,-1,-459.0570373535156,281.53662109375,-459.0570380247323,281.53661667546487,0.0,0,0.0,0.0,935,/yh/study/uav-sat/v36_GvsK/v36_training_data/routes/route_C/vi/vi_000935.jpg,-463.0269775390625,282.2098388671875,2062.4081342369363,0.5636650175128926,8,1.9631320949555728,1.9631320949555728,1,1.9631320949555728,131.21525111070707,-7.828436604370624e-05,2059.6437644495545,-1.9257854650649768,-459.3317019165927,281.7808375844652,3.7200946260272754,3.6486350722747676,1,0.0,0,0,0.8056894766128436,1.0,2058.434814453125,1.4256742000579834,1,1,6,18,1,130.29708116195465,-456.5887451171875,283.1734313964844,-461.41473388671875,283.86688232421875,1,-461.41473388671875,283.86688232421875,2062.5859375,-1.7414367198944092,0.3399907946586609,0.7015532851219177,4.0,4.0,1,2058.58837890625,-2.0559241771698,4.631714405617607,20.74791145324707,8.239124298095703,0.8056894766128436,2058.58837890625,-2.0559241771698,2058.58837890625,-2.0559241771698,0.0,0.0,0.0,0,2.4539151186944657,2.4538562774101274,-0.016993515592327143,3.1400198936462402,-0.022900447249412537,0.766532301902771,0.040910448879003525,-1.135730365213773,0.0,130.23760077973273,130.23760077973273,0.9776503309743576,3.522545576095581,-0.07227957248687744,0.019212926513846994,1.0,2059.2789539144273,-1.970477515196993,8,8,9,31.050196023126645,0.743771197959746,3.1291803225090007,1.1768877986906674,-459.0570380247323,281.53661667546487,2.089956272836547,1.9631320949555728,0.12682417788097422,0,4.026617422461185,nan
GT+smooth-jitter_controlled_forward3x6_SoftMS_local_prior_3frame_causal_heading_continuous_waypoint_RNN_polynomial_Kalman,1,controlled_gt_jitter,8.0,-462.22943955860944,280.22539483579703,2.0910560468593027,-3.4611896368592205,0,0,6,-459.7618510000144,282.57741875659315,-464.32049560546875,283.68658447265625,-1,-459.7618408203125,282.5774230957031,-459.7618510000144,282.57741875659315,0.0,0,0.0,0.0,936,/yh/study/uav-sat/v36_GvsK/v36_training_data/routes/route_C/vi/vi_000936.jpg,-464.32049560546875,283.68658447265625,2064.3712790310233,0.558271610370329,8,1.963152202808185,1.963152202808185,1,1.963152202808185,131.21592111084115,0.0006700001340697017,2061.732831820214,-1.9879701218964123,-460.66583288102737,283.3896147537573,3.6667084208270775,3.5498322783278806,1,0.0,0,0,0.828595762137212,1.0,2060.391845703125,1.2768208980560303,1,1,6,18,1,130.27626306552958,-456.5887451171875,283.1734313964844,-460.9298095703125,283.83697509765625,1,-460.9298095703125,283.83697509765625,2062.242919921875,-2.0855655670166016,0.2983430027961731,0.7469533085823059,4.0,4.0,1,2058.2451171875,-2.3998522758483887,6.802966695439429,20.81383514404297,8.25282096862793,0.828595762137212,2058.2451171875,-2.3998522758483887,2058.2451171875,-2.3998522758483887,0.0,0.0,0.0,0,2.4539402535102313,2.453877905786822,-0.017492606699419253,3.1511666774749756,-0.02340591512620449,0.769253134727478,0.04078202694654465,-1.1485287523362016,0.0,130.2248023926103,130.2248023926103,0.9911187182308561,3.535022497177124,-0.0738866776227951,0.22151207162274192,1.0,2060.5258464155495,-2.12950390562395,8,8,9,29.803303522004498,0.7540606586638763,3.845432615473783,1.1880144746667907,-459.7618510000144,282.57741875659315,1.2569925625105949,1.963152202808185,0.0,0,4.691640355411705,nan
GT+smooth-jitter_controlled_forward3x6_SoftMS_local_prior_3frame_causal_heading_continuous_waypoint_RNN_polynomial_Kalman,1,controlled_gt_jitter,8.0,-463.38965808614586,281.82693229082787,2.19899547830727,-3.3676783048752648,0,0,6,-461.3476116281138,284.4619776672553,-465.5886535644531,285.1946105957031,-1,-461.3476257324219,284.46197509765625,-461.3476116281138,284.4619776672553,0.0,0,0.0,0.0,937,/yh/study/uav-sat/v36_GvsK/v36_training_data/routes/route_C/vi/vi_000937.jpg,-465.5886535644531,285.1946105957031,2066.341135229899,0.5131722480804237,8,1.9703724005190502,1.9703724005190502,1,1.9703724005190502,130.06178780683783,-1.1541333040033055,2062.9887464060853,-2.147467591375782,-461.376255610753,284.4374985425736,4.279896632084827,4.225081357997282,1,0.0,0,0,0.7078449593818561,1.0,2062.360595703125,1.0889142751693726,1,1,6,18,1,130.25825185668825,-456.5278625488281,292.6897277832031,-462.7683410644531,288.5616149902344,1,-462.7683410644531,288.5616149902344,2113.76025390625,-3.1179850101470947,0.5178899168968201,0.503387451171875,4.0,4.0,1,2109.7626953125,-3.4304819107055664,5.184139230994197,20.721704483032227,8.230958938598633,0.7078449593818561,2109.7626953125,-3.4304819107055664,2067.185320044385,-3.4304819107055664,42.577375268114615,0.0,0.0,1,2.4629655006488127,2.462899990535642,-0.017963685751831743,3.1543216705322266,-0.022322705015540123,0.7669813632965088,0.04167924076318741,-1.1878095971397682,0.0,130.18552154780673,130.18552154780673,0.12373374096888298,3.5370213985443115,-0.07482056319713593,0.03351722319939631,1.0,2062.988183398906,-2.185142361574662,8,8,9,27.340966538647862,0.7743800684027058,3.352951830992879,1.1839492700131764,-461.3476116281138,284.4619776672553,2.462965500648824,1.9703724005190502,0.49259310012977364,0,4.3038573063747085,nan
GT+smooth-jitter_controlled_forward3x6_SoftMS_local_prior_3frame_causal_heading_continuous_waypoint_RNN_polynomial_Kalman,1,controlled_gt_jitter,8.0,-464.68054959682325,283.5823823883394,2.3030624637236086,-3.2710111663481025,0,0,6,-463.3972398947167,286.23364948137106,-466.9836120605469,286.8533935546875,-1,-463.3972473144531,286.233642578125,-463.3972398947167,286.23364948137106,0.0,0,0.0,0.0,938,/yh/study/uav-sat/v36_GvsK/v36_training_data/routes/route_C/vi/vi_000938.jpg,-466.9836120605469,286.8533935546875,2068.5079326117257,0.4635817555481676,8,2.1673647849038002,2.1673647849038002,1,2.1673647849038002,130.06225793789594,0.00047013105808980867,2065.6973196626996,-2.2045782147553887,-463.12366447581775,286.5078108301384,3.8753867905491712,4.618932736747487,1,0.0,0,0,0.5933177607095614,1.0,2064.531005859375,0.8973366022109985,1,1,6,18,1,130.23279627526014,-456.5278625488281,292.6897277832031,-469.4486083984375,287.21990966796875,1,-469.4486083984375,287.21990966796875,2070.412353515625,2.071107864379883,0.726121187210083,0.2650638818740845,4.0,4.0,1,2066.41455078125,1.7539712190628052,2.4591365264488645,20.851228713989258,8.259870529174805,0.5933177607095614,2066.41455078125,1.7539712190628052,2066.41455078125,0.12439609041538757,0.0,1.6295751286474176,0.0,1,2.70920598112975,2.709136263793379,-0.01943585318072655,3.1669719219207764,-0.023742299526929855,0.7736821174621582,0.0409388430416584,-1.2015923852763248,0.0,130.17173875967018,130.17173875967018,0.10948082177423635,3.5529627799987793,-0.07779635488986969,0.040586715823705884,1.0,2065.672406964932,-1.818071665685886,8,8,9,24.656742972621814,0.7965305046904125,2.835525646793485,0.9996071370169761,-463.3972398947167,286.23364948137106,2.709205981129845,2.1673647849038002,0.5418411962260445,0,3.639525797168148,nan
GT+smooth-jitter_controlled_forward3x6_SoftMS_local_prior_3frame_causal_heading_continuous_waypoint_RNN_polynomial_Kalman,1,controlled_gt_jitter,8.0,-465.8491113212006,285.1906539800628,2.403177497158748,-3.1713455316559394,0,0,6,-465.0841201954574,287.8534237832461,-468.2522888183594,288.36199951171875,-1,-465.0841064453125,287.8534240722656,-465.0841201954574,287.8534237832461,0.0,0,0.0,0.0,939,/yh/study/uav-sat/v36_GvsK/v36_training_data/routes/route_C/vi/vi_000939.jpg,-468.2522888183594,288.36199951171875,2070.478566835572,0.4184884610479972,8,1.9711500829221023,1.9711500829221023,1,1.9711500829221023,130.0624817631378,0.0002238252418737247,2068.1362779784527,-1.836186395227417,-465.0121729692783,288.0945577755596,3.251134540080757,5.2270832231258,1,0.0,0,0,0.45363913196686656,1.0,2066.51025390625,0.7112398147583008,1,1,6,18,1,130.21142610745105,-456.5278625488281,292.6897277832031,-470.4825439453125,286.8741149902344,1,-470.4825439453125,286.8741149902344,2070.836181640625,3.075549840927124,0.85261070728302,0.0919562429189682,4.0,4.0,1,2066.83837890625,2.75584077835083,4.3259893684546356,20.908931732177734,8.272514343261719,0.45363913196686656,2066.83837890625,2.75584077835083,2066.83837890625,0.2623181725179131,0.0,2.4935226058329167,0.0,0,2.463937603652628,2.4638710135206128,-0.01811472954153088,3.1777615547180176,-0.023597966879606247,0.7756582498550415,0.04126093536615372,-1.2131538678287466,0.0,130.16017727711775,130.16017727711775,0.09769551397994089,3.564728260040283,-0.07845733314752579,0.020566705521672585,1.0,2068.0028809258815,-1.6228152819780646,8,8,9,22.326269011672466,0.8157617697927424,2.4756859096905828,1.2066114717959153,-465.0841201954574,287.8534237832461,2.338639334750421,1.9711500829221023,0.3674892518283186,0,3.208728984307049,nan
GT+smooth-jitter_controlled_forward3x6_SoftMS_local_prior_3frame_causal_heading_continuous_waypoint_RNN_polynomial_Kalman,1,controlled_gt_jitter,8.0,-467.0522461796939,286.8205643829613,2.499267492181093,-3.068839913913664,0,0,6,-466.78812766222853,289.6916549607944,-469.551513671875,289.889404296875,-1,-466.7881164550781,289.691650390625,-466.78812766222853,289.6916549607944,0.0,0,0.0,0.0,940,/yh/study/uav-sat/v36_GvsK/v36_training_data/routes/route_C/vi/vi_000940.jpg,-469.551513671875,289.889404296875,2072.483499203714,0.38389370872552564,8,2.005230809086801,2.005230809086801,1,2.005230809086801,130.3848007310467,0.32231896790890513,2070.5093509433736,-1.6413452667683115,-466.7268980051188,289.74657363917595,2.828224577657023,4.985324836197641,1,0.0,0,0,0.5932027595079318,1.0,2068.528564453125,0.5367849469184875,1,1,6,18,1,130.19348896347353,-461.2288513183594,297.4777526855469,-469.848388671875,292.4244384765625,1,-469.848388671875,292.4244384765625,2074.58203125,-1.0688886642456055,0.7263302803039551,0.4073413908481598,4.0,4.0,1,2070.583984375,-1.4025157690048218,2.607568869009706,21.030752182006836,8.30130386352539,0.5932027595079318,2070.583984375,-1.4025157690048218,2070.583984375,-1.4025157690048218,0.0,0.0,0.0,1,2.5065385113585013,2.5064700174921235,-0.018529984790246957,3.183065176010132,-0.024225525557994843,0.7798206806182861,0.040922947227954865,-1.1983458042647475,0.0,130.17498534068173,130.17498534068173,0.20981539036496502,3.572115659713745,-0.0784868523478508,0.0005750577967927597,1.0,2070.5086094507965,-1.5590981857640285,8,8,9,19.82054048675751,0.8364392501441982,1.9748897529175338,1.1778343669233307,-466.78812766222853,289.6916549607944,2.5065385113583036,2.005230809086801,0.5013077022715025,0,2.770452497017437,nan
GT+smooth-jitter_controlled_forward3x6_SoftMS_local_prior_3frame_causal_heading_continuous_waypoint_RNN_polynomial_Kalman,1,controlled_gt_jitter,8.0,-468.2604493455905,288.45434550468974,2.591265742300155,-2.9636537628883795,0,0,6,-467.5897085955146,291.00819503895366,-470.8517150878906,291.4179992675781,-1,-467.5897216796875,291.0082092285156,-467.5897085955146,291.00819503895366,0.0,0,0.0,0.0,941,/yh/study/uav-sat/v36_GvsK/v36_training_data/routes/route_C/vi/vi_000941.jpg,-470.8517150878906,291.4179992675781,2074.4899701808035,0.3492451190744,8,2.006770118042404,2.006770118042404,1,2.006770118042404,130.3840217148954,-0.000779016151316064,2073.0170013071543,-1.5779435864228164,-468.4319390415964,291.58645547885124,2.4256326204385723,4.666070760076612,1,0.0,0,0,0.6477682398593798,1.0,2070.55322265625,0.3635750114917755,1,1,6,18,1,130.1870126634799,-461.2288513183594,297.4777526855469,-469.00537109375,292.79620361328125,1,-469.00537109375,292.79620361328125,2074.303955078125,-1.9472277164459229,0.627120316028595,0.4846750497817993,4.0,4.0,1,2070.30615234375,-2.26541805267334,4.9336391432026065,20.9708251953125,8.285701751708984,0.6477682398593798,2070.30615234375,-2.26541805267334,2070.30615234375,-2.26541805267334,0.0,0.0,0.0,0,2.5084626475530047,2.5083918563579015,-0.018845400658787925,3.187751054763794,-0.02432970330119133,0.779649555683136,0.04094520956277847,-1.2477177199584788,0.0,130.12561342498802,130.12561342498802,0.2584082899073804,3.576643705368042,-0.08175811916589737,0.08331916476670315,1.0,2072.026380935071,-1.8277605975952238,8,8,9,18.302769002483146,0.8489640267638634,2.463589245732692,1.1809809367213902,-467.5897085955146,291.00819503895366,1.5413662024345127,2.006770118042404,0.0,0,3.287647466213777,nan
GT+smooth-jitter_controlled_forward3x6_SoftMS_local_prior_3frame_causal_heading_continuous_waypoint_RNN_polynomial_Kalman,1,controlled_gt_jitter,8.0,-469.4743610302571,290.0924170532644,2.679111870133489,-2.855947204548128,0,0,6,-469.18032288916595,292.0760709501898,-472.1534729003906,292.9483642578125,-1,-469.1803283691406,292.0760803222656,-469.18032288916595,292.0760709501898,0.0,0,0.0,0.0,942,/yh/study/uav-sat/v36_GvsK/v36_training_data/routes/route_C/vi/vi_000942.jpg,-472.1534729003906,292.9483642578125,2076.4987981337704,0.31459456181325474,8,2.009126776920721,2.009126776920721,1,2.009126776920721,130.38512614676938,0.001104431873997976,2074.5377172865556,-1.8467931665063466,-469.23532572160144,292.90532887274014,2.9184644937781234,4.375027822243153,1,0.0,0,0,0.6862335847652331,1.0,2072.5849609375,0.19181306660175323,1,1,6,18,1,130.16552296736035,-461.2288513183594,297.4777526855469,-471.977294921875,293.38348388671875,1,-471.977294921875,293.38348388671875,2076.708984375,-0.10521052777767181,0.5571833252906799,0.5175266265869141,4.0,4.0,1,2072.7109375,-0.4339945316314697,3.861123387265942,21.070899963378906,8.309065818786621,0.6862335847652331,2072.7109375,-0.4339945316314697,2072.7109375,-0.4339945316314697,0.0,0.0,0.0,0,2.511408471150901,2.5113363514848324,-0.019032568911122795,3.1935410499572754,-0.024637453258037567,0.7824839353561401,0.04085150733590126,-1.231585133304026,0.0,130.14174601164245,130.14174601164245,0.24338013512692558,3.583864212036133,-0.08126047253608704,0.06430592270481249,1.0,2073.879071731904,-1.3399598141841804,8,8,9,16.450078205650115,0.8642525854277108,2.619726401866501,1.1844142730365546,-469.18032288916595,292.0760709501898,1.9158321411246773,2.009126776920721,0.0,0,3.0984700424191103,nan
GT+smooth-jitter_controlled_forward3x6_SoftMS_local_prior_3frame_causal_heading_continuous_waypoint_RNN_polynomial_Kalman,1,controlled_gt_jitter,8.0,-470.7592514080922,291.8047478753789,2.7627517657358993,-2.7458807867304627,0,0,6,-471.01655258083537,293.9644453598292,-473.5220031738281,294.5506286621094,-1,-471.01654052734375,293.9644470214844,-471.01655258083537,293.9644453598292,0.0,0,0.0,0.0,943,/yh/study/uav-sat/v36_GvsK/v36_training_data/routes/route_C/vi/vi_000943.jpg,-473.5220031738281,294.5506286621094,2078.605714861474,0.2825284876319926,8,2.107160727280133,2.107160727280133,1,2.107160727280133,130.50138928938895,0.11626314261955745,2076.5129454983608,-1.3601185324043648,-470.9060875858555,294.0659035067658,2.6604459850974145,4.87084499242483,1,0.0,0,0,0.7240556212103739,1.0,2074.718994140625,0.024232251569628716,1,1,6,18,1,130.1572010221869,-461.1983947753906,302.2359313964844,-471.39019775390625,298.3370056152344,1,-471.39019775390625,298.3370056152344,2101.286376953125,0.6629867553710938,0.48841598629951477,0.6144707798957825,4.0,4.0,1,2097.288330078125,0.3392637372016907,5.464741338709949,20.979740142822266,8.287593841552734,0.7240556212103739,2097.288330078125,0.3392637372016907,2080.7540984566895,0.3392637372016907,16.534231621435723,0.0,0.0,1,2.633950909100166,2.633873766456796,-0.020158718220184394,3.195150136947632,-0.02376939170062542,0.7802575826644897,0.04150839522480965,-1.2618382822938339,0.0,130.11149286265265,130.11149286265265,0.38989642673629094,3.584343194961548,-0.08196751028299332,0.08029822959555437,1.0,2076.5098226328078,-1.2101634777832047,8,8,9,13.819327304746238,0.8859617608320418,2.0958922286663437,1.087989409667499,-471.01655258083537,293.9644453598292,2.633950909100131,2.107160727280133,0.5267901818199983,0,2.573109701858795,nan
GT+smooth-jitter_controlled_forward3x6_SoftMS_local_prior_3frame_causal_heading_continuous_waypoint_RNN_polynomial_Kalman,1,controlled_gt_jitter,8.0,-471.9254711280466,293.3753569365774,2.842137514531528,-2.633615231391338,0,0,6,-472.72392719143716,295.6473635869482,-474.7676086425781,296.00897216796875,-1,-472.72393798828125,295.6473693847656,-472.72392719143716,295.6473635869482,0.0,0,0.0,0.0,944,/yh/study/uav-sat/v36_GvsK/v36_training_data/routes/route_C/vi/vi_000944.jpg,-474.7676086425781,296.00897216796875,2080.52338193662,0.2533436668263561,8,1.9178891430064773,1.9178891430064773,1,1.9178891430064773,130.50141860200455,2.9312615612974148e-05,2078.907115997142,-1.2282285107768856,-472.58751760934996,295.7753596867042,2.1925719382871893,5.311270369334619,1,0.0,0,0,0.725921063307561,1.0,2076.66845703125,-0.13872846961021423,1,1,6,18,1,130.14120311832517,-461.1983947753906,302.2359313964844,-471.1842041015625,298.3564453125,1,-471.1842041015625,298.3564453125,2101.451171875,0.7878428101539612,0.48502427339553833,0.6208748817443848,4.0,4.0,1,2097.453125,0.46140173077583313,3.5649638716697925,21.0657901763916,8.30751895904541,0.725921063307561,2097.453125,0.46140173077583313,2083.1533989212376,0.46140173077583313,14.299726078762433,0.0,0.0,1,2.3973614287580967,2.3972933643340357,-0.018065032993681004,3.1953606605529785,-0.02465282380580902,0.7829930782318115,0.04088582471013069,-1.2479355389599789,0.0,130.1253956059865,130.1253956059865,0.3760229960180487,3.5859148502349854,-0.08232658356428146,0.08708909517358446,1.0,2078.9012269558057,-1.0412635546217504,8,8,9,11.427922981748324,0.905695828353524,1.62215498081423,1.2774715175465012,-472.72392719143716,295.6473635869482,2.39736142875807,1.9178891430064773,0.47947228575159273,0,2.075426375375759,nan
GT+smooth-jitter_controlled_forward3x6_SoftMS_local_prior_3frame_causal_heading_continuous_waypoint_RNN_polynomial_Kalman,1,controlled_gt_jitter,8.0,-473.0965361124257,294.9486453491013,2.9172273153086667,-2.5193111938674475,0,0,6,-474.3185157330878,296.99417548332957,-476.0137634277344,297.46795654296875,-1,-474.3185119628906,296.9941711425781,-474.3185157330878,296.99417548332957,0.0,0,0.0,0.0,945,/yh/study/uav-sat/v36_GvsK/v36_training_data/routes/route_C/vi/vi_000945.jpg,-476.0137634277344,297.46795654296875,2082.441893009644,0.22414747281635555,8,1.918733216229385,1.918733216229385,1,1.918733216229385,130.50146253869056,4.39366859914875e-05,2081.2995735840973,-1.0595735340294197,-474.2954045756912,297.4592302033309,1.718381009380249,5.601738164674654,1,0.0,0,0,0.3839254455602542,1.0,2078.623291015625,-0.29982414841651917,1,1,6,18,1,130.13567045165402,-470.6916809082031,297.5375061035156,-477.3264465332031,297.7140808105469,1,-477.3264465332031,297.7140808105469,2083.494140625,1.0465306043624878,0.7662810683250427,0.04507824778556824,4.0,4.0,1,2079.495849609375,0.709041953086853,2.985681559253403,21.143409729003906,8.325803756713867,0.3839254455602542,2079.495849609375,0.709041953086853,2079.495849609375,0.709041953086853,0.0,0.0,0.0,0,2.3984165202867307,2.398346628291749,-0.018309979407669232,3.2010109424591064,-0.024932030588388443,0.7861116528511047,0.04081559181213379,-1.2371685995071,0.0,130.1361625454394,130.1361625454394,0.36529999325116136,3.5931313037872314,-0.08212263137102127,0.030689497718560613,1.0,2080.9658633899644,-0.7348466880134473,8,8,9,9.363286547589595,0.9227333800578396,1.4760296196795935,1.2822777262297214,-474.3185157330878,296.99417548332957,2.087250560282095,1.918733216229385,0.1685173440527099,0,1.7602082941167432,nan
GT+smooth-jitter_controlled_forward3x6_SoftMS_local_prior_3frame_causal_heading_continuous_waypoint_RNN_polynomial_Kalman,1,controlled_gt_jitter,8.0,-474.1794340448371,296.4002462145841,2.987985388756654,-2.4031290295565277,0,0,6,-475.95435722331166,298.47406133374506,-477.16741943359375,298.8033752441406,-1,-475.954345703125,298.47406005859375,-475.95435722331166,298.47406133374506,0.0,0,0.0,0.0,946,/yh/study/uav-sat/v36_GvsK/v36_training_data/routes/route_C/vi/vi_000946.jpg,-477.16741943359375,298.8033752441406,2084.206539839674,0.20721075056113852,8,1.7647281057701165,1.7647281057701165,1,1.7647281057701165,130.82343476225293,0.3219722235623758,2083.1717078007905,-0.7518745071726795,-475.76371849919315,298.66073735624025,1.410929438456016,5.680351600217067,1,0.0,0,0,0.5776542888915912,1.0,2080.42822265625,-0.4466511309146881,1,1,6,18,1,130.13584270048716,-465.8993835449219,307.0239562988281,-477.26287841796875,302.5393981933594,1,-477.26287841796875,302.5393981933594,2094.081298828125,1.1493260860443115,0.7546002268791199,0.1895679086446762,4.0,4.0,1,2090.0830078125,0.816062331199646,5.9079248542019585,21.149621963500977,8.326390266418457,0.5776542888915912,2090.0830078125,0.816062331199646,2087.010257095242,0.8160623311996459,3.0727507172576236,0.0,0.0,1,2.2059101322126455,2.2058444108261788,-0.017027819159232144,3.205402135848999,-0.025022506713867188,0.786531925201416,0.040828824043273926,-1.2483011675239861,0.0,130.1250299774225,130.1250299774225,0.6984047848304233,3.5977137088775635,-0.08300485461950302,0.0969964318578044,1.0,2083.1576276794117,-0.48542974612434786,8,8,9,7.1715222581423035,0.9408200014054602,1.0489121602622618,1.4406740300788825,-475.95435722331166,298.47406133374506,2.2059101322125088,1.7647281057701165,0.44118202644239224,0,1.2569676119910524,nan
GT+smooth-jitter_controlled_forward3x6_SoftMS_local_prior_3frame_causal_heading_continuous_waypoint_RNN_polynomial_Kalman,1,controlled_gt_jitter,8.0,-475.2681278885859,297.85521332613865,3.054381877039065,-2.2852285683926072,0,0,6,-477.651577095887,299.8874048392894,-478.322509765625,300.14044189453125,-1,-477.6515808105469,299.88739013671875,-477.651577095887,299.8874048392894,0.0,0,0.0,0.0,947,/yh/study/uav-sat/v36_GvsK/v36_training_data/routes/route_C/vi/vi_000947.jpg,-478.322509765625,300.14044189453125,2085.973371357806,0.1902611407550974,8,1.7669128169603812,1.7669128169603812,1,1.7669128169603812,130.82369678162132,0.00026201936840029296,2085.3662020792462,-0.5025843643042653,-477.40126925781044,300.1427556511537,0.9212434133865681,5.363311225398959,1,0.0,0,0,0.6185603277719394,1.0,2082.23974609375,-0.591353714466095,1,1,6,18,1,130.13205824207844,-465.8993835449219,307.0239562988281,-476.68560791015625,302.5917053222656,1,-476.68560791015625,302.5917053222656,2094.544677734375,1.4973732233047485,0.6802256107330322,0.31862199306488037,4.0,4.0,1,2090.558837890625,1.1977286338806152,4.24173071757603,17.100425720214844,7.486846923828125,0.6185603277719394,2090.558837890625,1.1977286338806152,2089.317242980619,1.1977286338806152,1.241594910005917,0.0,0.0,1,2.2086410212004766,2.2085743998345597,-0.01715461817991752,2.1902244091033936,-0.015483269467949867,0.45954596996307373,0.021987536922097206,-0.8763055331889668,0.0,130.49702561175752,130.49702561175752,0.3266711698638043,2.4196457862854004,-0.04149998351931572,0.14334408712220922,1.0,2085.340026160228,-0.14597130763656557,8,8,9,4.989123777326185,0.958829335320695,0.6333451975783646,0.4233115921430124,-477.651577095887,299.8874048392894,2.208641021200349,1.7669128169603812,0.44172820423996795,0,0.7170623394428567,nan
GT+smooth-jitter_controlled_forward3x6_SoftMS_local_prior_3frame_causal_heading_continuous_waypoint_RNN_polynomial_Kalman,1,controlled_gt_jitter,8.0,-476.3594068256319,299.3096644521476,3.1163927349150216,-2.1657688974617533,0,0,6,-479.4768973019598,301.12479843900593,-479.4757995605469,301.4754333496094,-1,-479.4768981933594,301.1247863769531,-479.4768973019598,301.12479843900593,0.0,0,0.0,0.0,948,/yh/study/uav-sat/v36_GvsK/v36_training_data/routes/route_C/vi/vi_000948.jpg,-479.4757995605469,301.4754333496094,2087.7374555225833,0.17333200063604287,8,1.7641653936642534,1.7641653936642534,1,1.7641653936642534,130.82350561817168,-0.00019116344963840612,2087.545171716769,-0.16239841276654518,-479.0967687325161,301.55304522926946,0.38689529909530707,4.77080739968535,1,0.0,0,0,0.7234788941181078,1.0,2084.052490234375,-0.7337753772735596,1,1,6,18,1,130.25979676010115,-465.8993835449219,307.0239562988281,-474.7866516113281,303.31549072265625,1,-474.7866516113281,303.31549072265625,2095.779296875,3.111569881439209,0.48946458101272583,0.4692884087562561,4.0,4.0,1,2091.79150390625,2.8083860874176025,2.51536059966923,17.261707305908203,7.521516799926758,0.7234788941181078,2091.79150390625,2.8083860874176025,2091.784738675594,2.381341762528333,0.006765230656312404,0.4270443248892697,0.0,1,2.2052067420803163,2.2051455565412303,-0.01642710512997961,2.209528923034668,-0.01842397078871727,0.43342840671539307,0.02017635852098465,-0.755928838513634,0.0,130.61740230643287,130.61740230643287,0.20610331173883314,2.42592191696167,-0.04034464433789253,0.25961081112332923,1.0,2087.4750580590508,0.4059123452520477,8,8,9,2.8540918785032403,0.9764477962587734,0.2623974635325794,0.44536352937041457,-479.4768973019598,301.12479843900593,2.2052067420804837,1.7641653936642534,0.4410413484162303,0,0.35063662896237247,nan
GT+smooth-jitter_controlled_forward3x6_SoftMS_local_prior_3frame_causal_heading_continuous_waypoint_RNN_polynomial_Kalman,1,controlled_gt_jitter,8.0,-476.8294488733966,300.1169875998775,3.1739996129315258,-2.044908152075617,0,0,6,-480.3759023075603,301.72738351942115,-480.0034484863281,302.1618957519531,-1,-480.37591552734375,301.7273864746094,-480.3759023075603,301.72738351942115,0.0,0,0.0,0.0,949,/yh/study/uav-sat/v36_GvsK/v36_training_data/routes/route_C/vi/vi_000949.jpg,-480.0034484863281,302.1618957519531,2088.6013460472013,0.11556366860581244,8,0.8658198534970537,0.8658198534970537,1,0.8658198534970537,127.54765968072473,-3.275845937446949,2088.55729911791,0.39736426050206586,-480.1858035739425,301.9425824427487,0.28522220385701125,5.170556065573972,1,0.0,0,0,0.6054570274389164,1.0,2095.723876953125,-0.6832090616226196,1,1,6,18,1,130.38495869598117,-465.86895751953125,311.7821044921875,-474.93218994140625,309.1353759765625,1,-474.93218994140625,309.1353759765625,2092.59521484375,7.985313415527344,0.5549126267433167,0.08718982338905334,4.0,4.0,1,2088.6044921875,7.662558555603027,7.546995542768067,17.68002700805664,7.608466148376465,0.6054570274389164,2088.6044921875,7.662558555603027,2088.6044921875,2.746368355776278,0.0,4.916190199826749,0.0,1,1.082274816871317,1.0822410588593236,-0.008548084749981857,2.3116519451141357,-0.020910046994686127,0.46990278363227844,0.021239381283521652,-0.749703334528579,0.0,130.6236278104179,130.6236278104179,3.0759681296931705,2.546250820159912,-0.04361030086874962,0.022873108284659306,1.0,2088.521457961904,0.6822563745743639,8,8,9,1.8076919756498313,0.9850827753540251,0.07988808529717062,1.4458320916170821,-480.3759023075603,301.72738351942115,1.0822748168712752,0.8658198534970537,0.21645496337422154,0,0.5722960153367872,nan
GT+smooth-jitter_controlled_forward3x6_SoftMS_local_prior_3frame_causal_heading_continuous_waypoint_RNN_polynomial_Kalman,1,controlled_gt_jitter,8.0,-477.30366353826145,300.9252801805061,3.2271897332229367,-1.9228033155876745,0,0,6,-480.9682753817241,302.0765507983322,-480.5308532714844,302.84808349609375,-1,-480.96826171875,302.0765380859375,-480.9682753817241,302.0765507983322,0.0,0,0.0,0.0,950,/yh/study/uav-sat/v36_GvsK/v36_training_data/routes/route_C/vi/vi_000950.jpg,-480.5308532714844,302.84808349609375,2089.464869095305,0.05779366767323964,8,0.8654533075877116,0.8654533075877116,1,0.8654533075877116,127.54592624461795,-0.0017334361068008816,2089.464869095305,0.6730417880810362,-480.99254702901925,302.441427469557,0.6152481204077809,5.660598542751024,1,0.0,0,0,0.40332240629557525,1.0,2094.895263671875,-0.2450561821460724,1,1,6,18,1,130.46849287002576,-475.3318176269531,311.8418273925781,-478.08154296875,307.3508605957031,1,-478.08154296875,307.3508605957031,2090.85498046875,4.811365127563477,0.8187575936317444,0.06438186764717102,4.0,4.0,1,2086.86328125,4.444671630859375,5.100289950652548,17.47698211669922,7.560673713684082,0.40332240629557525,2086.86328125,4.444671630859375,2086.86328125,2.688523758468736,0.0,1.7561478723906392,0.0,0,1.0818166344846394,1.081777390244143,-0.009214586493327697,2.275662660598755,-0.024344079196453094,0.4463741183280945,0.018725840374827385,-0.7131923448768642,0.0,130.66013880006963,130.66013880006963,3.114212555451686,2.498469591140747,-0.04608376324176788,0.033473787164938734,1.0,2089.1750161285004,0.8959977382170635,8,8,9,1.1541338090536186,0.990475991743572,0.28985296680457395,1.4102093530110433,-480.9682753817241,302.0765507983322,0.6876217329727272,0.8654533075877116,0.0,0,0.8869051844711152,nan
GT+smooth-jitter_controlled_forward3x6_SoftMS_local_prior_3frame_causal_heading_continuous_waypoint_RNN_polynomial_Kalman,1,controlled_gt_jitter,8.0,-477.7827905794273,301.73524104601165,3.2759557584633665,-1.7996100282070966,0,0,6,-481.5472270313953,302.224279340745,-481.0587463378906,303.53485107421875,-1,-481.5472412109375,302.2242736816406,-481.5472270313953,302.224279340745,0.0,0,0.0,0.0,951,/yh/study/uav-sat/v36_GvsK/v36_training_data/routes/route_C/vi/vi_000951.jpg,-481.0587463378906,303.53485107421875,2090.329149937554,-6.521000737191261e-06,9,0.8662105955964008,0.8662105955964008,1,0.8662105955964008,127.548161426858,0.0022351822400662274,2090.2577284538734,0.8854970660390227,-481.6760278849505,302.89597903668357,0.8883659092316447,5.9476098132015895,1,0.0,0,0,0.3858588324405623,1.0,2094.06201171875,0.19193251430988312,1,1,6,18,1,130.5355689562133,-470.6003723144531,311.8119812011719,-481.4661560058594,307.56768798828125,1,-481.4661560058594,307.56768798828125,2090.3291015625,3.2160065174102783,0.6270912289619446,0.015527278184890747,4.0,4.836021900177002,1,2086.337646484375,2.851012706756592,4.905133513316812,17.324996948242188,8.362310409545898,0.3858588324405623,2086.337646484375,2.851012706756592,2086.9466166646616,2.851012706756592,-0.6089701802868226,0.0,0.0,0,1.082763244495501,1.0827123253728266,-0.01050067217804083,2.229447364807129,-0.025492381304502487,0.3955153226852417,0.016691261902451515,-0.5662716674570107,0.0,130.80705947748947,130.80705947748947,3.2588980506314735,2.42691707611084,-0.04113433137536049,0.06133565678279744,1.0,2089.668539819483,1.232810893154896,8,8,9,0.660610118070835,0.9945485903199166,0.6606101180709629,1.3632367692107281,-481.5472270313953,302.224279340745,0.5975020794109872,0.8662105955964008,0.0,0,1.3986463657791495,nan
GT+smooth-jitter_controlled_forward3x6_SoftMS_local_prior_3frame_causal_heading_continuous_waypoint_RNN_polynomial_Kalman,1,controlled_gt_jitter,8.0,-477.67784277320857,301.84197364965445,3.320295654525824,-1.6754824050330595,0,0,6,-481.5367040169867,302.146166483435,-480.9981384277344,303.5174560546875,-1,-481.5367126464844,302.14617919921875,-481.5367040169867,302.146166483435,0.0,0,0.0,0.0,952,/yh/study/uav-sat/v36_GvsK/v36_training_data/routes/route_C/vi/vi_000952.jpg,-480.9981384277344,303.5174560546875,2090.389846846248,0.017068098328572902,9,0.06305478156334095,0.06305478156334095,1,0.06305478156334095,-16.013958827326324,-12.000000000000002,2089.7473538371632,1.231972486050159,-481.59869099672636,302.28397701726396,1.3719088613629427,5.4573052763212395,1,0.0,0,0,0.556285010741526,1.0,2094.094970703125,0.33790352940559387,1,1,6,18,1,130.6305906546682,-470.6003723144531,311.8119812011719,-480.6907958984375,307.7192687988281,1,-480.6907958984375,307.7192687988281,2090.3291015625,3.7526586055755615,0.5754895210266113,0.07278499007225037,4.0,6.079714775085449,1,2086.3369140625,3.377192497253418,5.210831612560675,17.374109268188477,9.615459442138672,0.556285010741526,2086.3369140625,3.377192497253418,2086.3369140625,3.377192497253418,0.0,0.0,0.0,1,0.07881847695417618,0.07881401768024981,-0.0008384071047368807,2.2228870391845703,-0.028902431949973106,0.37378978729248047,0.013977453112602234,-0.4721202845127353,0.0,130.90121086043376,130.90121086043376,146.91516968776006,2.409519672393799,-0.041769467294216156,0.12696818675079832,1.0,2089.6029671432057,1.2765439062592083,8,8,9,0.7261827943483325,0.9940074791373449,0.7868797030423593,2.1598322576212294,-481.5367040169867,302.146166483435,0.07881847695415788,0.06305478156334095,0.01576369539081693,0,1.4732576088900664,nan
GT+smooth-jitter_controlled_forward3x6_SoftMS_local_prior_3frame_causal_heading_continuous_waypoint_RNN_polynomial_Kalman,1,controlled_gt_jitter,8.0,-477.571153419388,301.94774866970226,3.360212547408874,-1.5505728635008638,0,0,6,-481.53252569187254,302.0594420809111,-480.9313659667969,303.4983215332031,-1,-481.53253173828125,302.0594482421875,-481.53252569187254,302.0594420809111,0.0,0,0.0,0.0,953,/yh/study/uav-sat/v36_GvsK/v36_training_data/routes/route_C/vi/vi_000953.jpg,-480.9313659667969,303.4983215332031,2090.4567039500826,0.035904741312979487,9,0.06945999893525749,0.06945999893525749,1,0.06945999893525749,-15.990347317992738,0.023611509333586925,2089.689785967024,1.2755084234202871,-481.5933109708392,302.2120013766865,1.446648102835503,4.751210108389217,1,0.0,0,0,0.7150525155030238,1.0,2094.130126953125,0.4839757978916168,1,1,6,18,1,130.725307716014,-470.6003723144531,311.8119812011719,-480.4611511230469,308.2935791015625,1,-480.4611511230469,308.2935791015625,2090.3291015625,4.361913204193115,0.5037333965301514,0.21409004926681519,4.0,4.650056838989258,1,2086.336181640625,3.988018751144409,5.6164183292244205,17.601722717285156,8.234115600585938,0.7150525155030238,2086.336181640625,3.988018751144409,2086.336181640625,3.8053450740002766,0.0,0.18267367714413263,0.0,1,0.08682499866907187,0.08681882381819413,-0.0010354828389211193,2.2832162380218506,-0.027656439691781998,0.4105469584465027,0.016322894021868706,-0.4793631665190049,0.0,130.8939679784275,130.8939679784275,146.88431529642023,2.4882395267486572,-0.040313929319381714,0.1918716114605265,1.0,2089.535125804118,1.3307300032275347,8,8,9,0.7940241334361957,0.9934476467604303,0.9215781459647587,2.2137562390865932,-481.53252569187254,302.0594420809111,0.08682499866912805,0.06945999893525749,0.017364999733870554,0,1.5594124192404302,nan
GT+smooth-jitter_controlled_forward3x6_SoftMS_local_prior_3frame_causal_heading_continuous_waypoint_RNN_polynomial_Kalman,1,controlled_gt_jitter,8.0,-477.469001001176,302.0541550513193,3.395714574995855,-1.425031960399465,0,0,6,-481.52510648209307,301.97308186246096,-480.8647155761719,303.47918701171875,-1,-481.5251159667969,301.97308349609375,-481.52510648209307,301.97308186246096,0.0,0,0.0,0.0,954,/yh/study/uav-sat/v36_GvsK/v36_training_data/routes/route_C/vi/vi_000954.jpg,-480.8647155761719,303.47918701171875,2090.523457223423,0.05467719403602307,9,0.06934265990644645,0.06934265990644645,1,0.06934265990644645,-16.018132614947902,-0.027785296955165125,2089.62179785753,1.3296873327071743,-481.5890302421976,302.12517158567925,1.535574651188573,4.343705728638262,1,0.0,0,0,0.7073102072475137,1.0,2094.1611328125,0.6281993985176086,1,1,6,18,1,130.78433879985457,-470.6003723144531,311.8119812011719,-480.84674072265625,308.06927490234375,1,-480.84674072265625,308.06927490234375,2090.3291015625,3.9683635234832764,0.518568754196167,0.3244931101799011,4.0,4.181079387664795,1,2086.336669921875,3.5999176502227783,5.325959190716688,17.542278289794922,7.751252174377441,0.7073102072475137,2086.336669921875,3.5999176502227783,2086.336669921875,3.5999176502227783,0.0,0.0,0.0,1,0.08667832488305806,0.08667205341238278,-0.0010426705203602355,2.279985189437866,-0.023769894614815712,0.406575471162796,0.019165512174367905,-0.3899096730632288,0.0,130.98342147188325,130.98342147188325,147.00155408683116,2.483119010925293,-0.031085869297385216,0.19878189922160866,1.0,2089.4654156518977,1.3822433673378285,8,8,9,0.863734285656264,0.9928723927819985,1.0580415715253366,2.2106425295314196,-481.52510648209307,301.97308186246096,0.08667832488289702,0.06934265990644645,0.017335664976450574,0,1.6445269439094774,nan
GT+smooth-jitter_controlled_forward3x6_SoftMS_local_prior_3frame_causal_heading_continuous_waypoint_RNN_polynomial_Kalman,1,controlled_gt_jitter,8.0,-476.7685588009405,301.69021905633457,3.4268147342157214,-1.2990082385873174,0,0,6,-482.164524132274,302.3059189704885,-480.19537353515625,302.9892272949219,-1,-482.1645202636719,302.305908203125,-482.164524132274,302.3059189704885,0.0,0,0.0,0.0,955,/yh/study/uav-sat/v36_GvsK/v36_training_data/routes/route_C/vi/vi_000955.jpg,-480.19537353515625,302.9892272949219,2091.350429442661,-0.010101201771728744,9,0.8295054502259985,0.8295054502259985,1,0.8295054502259985,-36.204202561121804,-12.000000000000002,2090.5022330759516,1.3706881582326806,-481.94015129306774,302.53791313817015,1.8022025115361404,4.746846385951582,1,0.0,0,0,0.5075461985505,1.0,2094.9482421875,0.6869680881500244,1,1,6,18,1,130.85143038217657,-470.6003723144531,311.8119812011719,-476.93115234375,307.83477783203125,1,-476.93115234375,307.83477783203125,2091.578857421875,5.827904224395752,0.7503240704536438,0.0910160094499588,4.0,4.0,1,2087.584716796875,5.436732769012451,5.989725232454349,17.86781120300293,7.639930725097656,0.5075461985505,2087.584716796875,5.436732769012451,2087.584716796875,3.5581393858410055,0.0,1.8785933831714456,0.0,0,1.0368818127824981,1.0368174240538475,-0.011555209105147868,2.3409039974212646,-0.026903169229626656,0.43521469831466675,0.018574941903352737,-0.4195133937929302,0.0,130.95381775115357,130.95381775115357,167.15802031227534,2.5583136081695557,-0.036348193883895874,0.06452527250817448,1.0,2090.137814058736,1.6420814983438778,9,8,9,0.19133587881820802,0.9984210804021851,1.2126153839253675,1.5113985471952662,-482.164524132274,302.3059189704885,0.7208574559807416,0.8295054502259985,0.0,0,2.084337866174546,nan
GT+smooth-jitter_controlled_forward3x6_SoftMS_local_prior_3frame_causal_heading_continuous_waypoint_RNN_polynomial_Kalman,1,controlled_gt_jitter,8.0,-476.01207596527854,301.2823995239185,3.4535307241746103,-1.1726480835033508,0,0,6,-482.49555463611387,302.067382915167,-479.4656066894531,302.4550476074219,-1,-482.49554443359375,302.0673828125,-482.49555463611387,302.067382915167,0.0,0,0.0,0.0,956,/yh/study/uav-sat/v36_GvsK/v36_training_data/routes/route_C/vi/vi_000956.jpg,-479.4656066894531,302.4550476074219,2092.25205067874,-0.08071801475862561,9,0.9043824343855238,0.9043824343855238,1,0.9043824343855238,-36.20363473217356,0.0005678289482429669,2091.2682194384797,1.6292642010284162,-481.4840302410193,301.9657711964344,2.076878677213909,4.972222104168362,1,0.0,0,0,0.588641788247861,1.0,2095.80615234375,0.7378791570663452,1,1,6,18,1,130.8137786421403,-470.6003723144531,311.8119812011719,-477.0782165527344,308.06390380859375,1,-477.0782165527344,308.06390380859375,2091.333251953125,5.945460796356201,0.7346229553222656,0.1459679901599884,4.0,4.0,1,2087.3388671875,5.571357727050781,6.157178704895774,18.06488800048828,7.679523468017578,0.588641788247861,2087.3388671875,5.571357727050781,2087.399454520798,3.9505231516373867,-0.060587333298101065,1.6208345754133946,0.0,0,1.1304780429819046,1.1304053797437998,-0.012817297315461659,2.4137027263641357,-0.024766942486166954,0.47214779257774353,0.021984359249472618,-0.47970691713332697,0.0,130.89145475115976,130.89145475115976,167.09508948333334,2.6495683193206787,-0.03595918416976929,0.13267243345760288,1.0,2090.487612837475,2.094225691034196,9,9,10,29.16139741406907,0.005404626700938548,1.764437841265135,1.509320291978612,-482.49555463611387,302.067382915167,0.4080203967460827,0.9043824343855238,0.0,0,3.0546470292154386,nan
GT+smooth-jitter_controlled_forward3x6_SoftMS_local_prior_3frame_causal_heading_continuous_waypoint_RNN_polynomial_Kalman,1,controlled_gt_jitter,8.0,-475.15994895440633,300.8035748206207,3.475884785828015,-1.0460955895355115,0,0,6,-481.42449255941426,301.61709368671177,-478.6358337402344,301.84967041015625,-1,-481.42449951171875,301.6170959472656,-481.42449255941426,301.61709368671177,0.0,0,0.0,0.0,957,/yh/study/uav-sat/v36_GvsK/v36_training_data/routes/route_C/vi/vi_000957.jpg,-478.6358337402344,301.84967041015625,2093.2761740171877,-0.15930609191431222,9,1.027134216265998,1.027134216265998,1,1.027134216265998,-36.1133571656829,0.09027756649066357,2091.7714566443437,2.080444524887195,-481.3973862833949,301.40615254017234,2.796941284623507,5.5266068848194,1,0.0,0,0,0.2866070868409053,1.0,2096.78271484375,0.7786887884140015,1,1,6,18,1,130.7137402612605,-475.36224365234375,307.08367919921875,-477.63140869140625,302.267333984375,1,-477.63140869140625,302.267333984375,2093.910888671875,0.724123477935791,0.7820217609405518,0.009613856673240662,4.0,4.0,1,2089.916015625,0.34005799889564514,2.6660017304736967,18.2760009765625,7.723390579223633,0.2866070868409053,2089.916015625,0.34005799889564514,2089.916015625,0.34005799889564514,0.0,0.0,0.0,0,1.2839177703324975,1.283843806868733,-0.013781166147000845,2.456544876098633,-0.023652810603380203,0.4893477261066437,0.024049200117588043,-0.4484668591693051,0.0,130.79067413731093,130.79067413731093,166.90403130299381,2.701045036315918,-0.032770682126283646,0.01913825928345283,1.0,2091.5852487272978,1.9072212395687702,9,9,10,28.063761524246203,0.04284122694623835,1.6909252898899467,1.4294106598326348,-481.42449255941426,301.61709368671177,1.1618667571657597,1.027134216265998,0.13473254089976172,0,2.798340569351402,nan
GT+smooth-jitter_controlled_forward3x6_SoftMS_local_prior_3frame_causal_heading_continuous_waypoint_RNN_polynomial_Kalman,1,controlled_gt_jitter,8.0,-474.3127981213957,300.3252585402819,3.4939035387605535,-0.9194924362806277,0,0,6,-480.7502421793241,301.59291533389154,-477.80670166015625,301.2447509765625,-1,-480.750244140625,301.5929260253906,-480.7502421793241,301.59291533389154,0.0,0,0.0,0.0,958,/yh/study/uav-sat/v36_GvsK/v36_training_data/routes/route_C/vi/vi_000958.jpg,-477.80670166015625,301.2447509765625,2094.2995115320605,-0.23784180358862148,9,1.0263466896492928,1.0263466896492928,1,1.0263466896492928,-36.113798905407144,-0.0004417397242485888,2092.868116451067,1.8942437667222836,-480.3326556727666,300.96151729317745,2.541783821104005,5.507595331274375,1,0.0,0,0,0.4726950930393115,1.0,2097.7548828125,0.8173142075538635,1,1,6,18,1,130.34896844168455,-470.6308288574219,307.0538024902344,-477.4604187011719,302.5087890625,1,-477.4604187011719,302.5087890625,2093.929443359375,1.0194146633148193,0.77218097448349,0.08188408613204956,4.0,4.0,1,2089.93408203125,0.6489704847335815,3.813679327396734,18.64167022705078,7.802450180053711,0.4726950930393115,2089.93408203125,0.6489704847335815,2089.93408203125,0.6489704847335815,0.0,0.0,0.0,0,1.282933362061616,1.2828677237693837,-0.01297747284648673,2.5776758193969727,-0.020680062472820282,0.559812605381012,0.029175177216529846,-0.553788749696872,0.0,130.56096435235062,130.56096435235062,166.67476325775777,2.8573896884918213,-0.03371153771877289,0.06620867621252237,1.0,2092.072669118376,1.5589483965187898,9,9,10,27.5763411331681,0.05946546682522347,2.226842413684608,1.55132912974768,-480.7502421793241,301.59291533389154,0.6746837539149746,1.0263466896492928,0.0,0,2.964059582346041,nan
GT+smooth-jitter_controlled_forward3x6_SoftMS_local_prior_3frame_causal_heading_continuous_waypoint_RNN_polynomial_Kalman,1,controlled_gt_jitter,8.0,-473.39463438162875,299.7919221276478,3.5076178156368782,-0.7929777746959427,0,0,6,-480.50727870994297,301.4002467658087,-476.9022521972656,300.58489990234375,-1,-480.5072937011719,301.4002380371094,-480.50727870994297,301.4002467658087,0.0,0,0.0,0.0,959,/yh/study/uav-sat/v36_GvsK/v36_training_data/routes/route_C/vi/vi_000959.jpg,-476.9022521972656,300.58489990234375,2095.4157980795094,-0.323495846429068,9,1.1195678948017302,1.1195678948017302,1,1.1195678948017302,-36.11303285580988,0.000766049597265248,2093.47207317351,1.5464498357095953,-479.56115311769304,300.8775730526814,2.6749601263529708,4.899543703950065,1,0.0,0,0,0.6571432964837924,1.0,2098.81640625,0.8464825749397278,1,1,6,18,1,130.01227686289482,-465.8993835449219,307.0239562988281,-476.14154052734375,302.8605041503906,1,-476.14154052734375,302.8605041503906,2094.8662109375,2.012104034423828,0.6100747585296631,0.27569085359573364,4.0,4.0,1,2090.874267578125,1.6705386638641357,5.186970105575961,17.938674926757812,7.657159328460693,0.6571432964837924,2090.874267578125,1.6705386638641357,2090.874267578125,1.6705386638641357,0.0,0.0,0.0,0,1.3994598685021626,1.3994040551341094,-0.012498560809194547,2.439542293548584,-0.015855656936764717,0.5592471957206726,0.029361547902226448,-0.5900062546576877,0.0,130.4194461752591,130.4194461752591,166.53247903106902,2.7190093994140625,-0.029175076633691788,0.06839042299478754,1.0,2092.3948688815726,1.5976588974263282,9,9,10,27.25414136997135,0.0704545970511616,3.0209291979367663,1.3199743987468537,-480.50727870994297,301.4002467658087,0.31008454424693255,1.1195678948017302,0.0,0,3.696079905097919,nan
GT+smooth-jitter_controlled_forward3x6_SoftMS_local_prior_3frame_causal_heading_continuous_waypoint_RNN_polynomial_Kalman,1,controlled_gt_jitter,8.0,-472.0637785695714,299.0165088983713,3.5170624948817073,-0.6666881231130751,0,0,6,-480.23806356726925,300.19660407001925,-475.5808410644531,299.6831970214844,-1,-480.2380676269531,300.19659423828125,-480.23806356726925,300.19660407001925,0.0,0,0.0,0.0,960,/yh/study/uav-sat/v36_GvsK/v36_training_data/routes/route_C/vi/vi_000960.jpg,-475.5808410644531,299.6831970214844,2097.013920593082,-0.3956061708211141,9,1.5997485637658535,1.5997485637658535,1,1.5997485637658535,-34.30879690496913,1.8042359508407517,2094.394496689246,1.5824421832577291,-478.815219454974,300.38250920293365,3.309114851465832,4.233505144228539,1,0.0,0,0,0.7907769875562565,1.0,2100.35595703125,0.8867580890655518,1,1,6,18,1,129.3469380366989,-465.8993835449219,307.0239562988281,-473.6602783203125,303.73199462890625,1,-473.6602783203125,303.73199462890625,2096.5185546875,4.058139324188232,0.3671044111251831,0.6182217597961426,4.0,4.0,1,2092.524658203125,3.7024049758911133,6.411999783052887,18.286298751831055,7.731334686279297,0.7907769875562565,2092.524658203125,3.7024049758911133,2092.524658203125,3.7024049758911133,0.0,0.0,0.0,0,1.9996857047073169,1.9996278076733958,-0.015216714168598941,2.496950387954712,-0.019136907532811165,0.5562861561775208,0.028268178924918175,-0.586898945472155,0.0,129.87602277788224,129.87602277788224,164.18481968285136,2.7748966217041016,-0.03342822939157486,0.11046328601872976,1.0,2093.556249097819,2.5291279070552024,9,9,10,26.09276115372488,0.11006529791430054,3.45767149526273,0.8972018241888584,-480.23806356726925,300.19660407001925,1.2333825571054857,1.5997485637658535,0.0,0,4.685435757560036,nan
GT+smooth-jitter_controlled_forward3x6_SoftMS_local_prior_3frame_causal_heading_continuous_waypoint_RNN_polynomial_Kalman,1,controlled_gt_jitter,8.0,-470.8308730819229,298.3046711937425,3.5222763321396227,-0.5407572730543851,0,0,6,-479.16980709993936,298.9811667249349,-474.3531494140625,298.8454284667969,-1,-479.1697998046875,298.9811706542969,-479.16980709993936,298.9811667249349,0.0,0,0.0,0.0,961,/yh/study/uav-sat/v36_GvsK/v36_training_data/routes/route_C/vi/vi_000961.jpg,-474.3531494140625,298.8454284667969,2098.4987075952913,-0.46261734699382795,9,1.486298401957709,1.486298401957709,1,1.486298401957709,-34.30936552245939,-0.0005686174902584513,2095.4140678836825,2.51493452426396,-478.691256449008,299.28219241616,4.3600384624572825,4.234092550402568,1,0.0,0,0,0.8955101931429282,1.0,2101.779052734375,0.9296027421951294,1,1,6,18,1,128.33426687929,-461.16796875,306.99407958984375,-466.4954833984375,304.9618835449219,1,-466.4954833984375,304.9618835449219,2101.966064453125,8.871840476989746,0.17668040096759796,0.7969170808792114,4.0,4.0,1,2097.9716796875,8.519819259643555,8.342965179619005,18.404260635375977,7.754924774169922,0.8955101931429282,2097.9716796875,8.519819259643555,2097.9716796875,5.342526342949792,0.0,3.1772929166937627,0.0,1,1.8578730024471364,1.8578187858633788,-0.014193382791242168,2.517721176147461,-0.019332174211740494,0.5514628887176514,0.028591832146048546,-0.579328107664019,0.0,128.3914647602192,128.3914647602192,162.70083028267857,2.7932589054107666,-0.0332806296646595,0.16029297875526513,1.0,2095.3391594479294,3.0515480221837548,9,9,10,24.309850803614538,0.1708742625893346,3.1595481473618747,1.031422774189752,-479.16980709993936,298.9811667249349,1.6181655724362185,1.486298401957709,0.1318671704785095,0,4.818569926610902,nan
GT+smooth-jitter_controlled_forward3x6_SoftMS_local_prior_3frame_causal_heading_continuous_waypoint_RNN_polynomial_Kalman,1,controlled_gt_jitter,8.0,-469.61054830659936,297.59808101203436,3.523301791056908,-0.41531620476252284,0,0,6,-478.4110893268183,297.7660190786497,-473.13385009765625,298.0133972167969,-1,-478.4111022949219,297.7660217285156,-478.4110893268183,297.7660190786497,0.0,0,0.0,0.0,962,/yh/study/uav-sat/v36_GvsK/v36_training_data/routes/route_C/vi/vi_000962.jpg,-473.13385009765625,298.0133972167969,2099.973339308736,-0.529161570403894,9,1.4761323870050786,1.4761323870050786,1,1.4761323870050786,-34.30903105235449,0.0003344701048910248,2097.184270784238,3.0374122847787013,-477.6852872488939,298.1448396111665,4.553334738925327,4.183409245796015,1,0.0,0,0,0.82092500496272,1.0,2103.1884765625,0.9702953696250916,1,1,6,18,1,125.43752061405831,-461.16796875,306.99407958984375,-467.9078674316406,304.446044921875,1,-467.9078674316406,304.446044921875,2101.035888671875,7.6903815269470215,0.312289834022522,0.574377715587616,4.0,4.0,1,2097.040771484375,7.3237738609313965,8.449546659471189,18.595050811767578,7.796639919281006,0.82092500496272,2097.040771484375,7.3237738609313965,2097.040771484375,5.741938542967189,0.0,1.5818353179642068,0.0,1,1.8451654837563483,1.845111336308412,-0.014135737405053396,2.5431785583496094,-0.02144068479537964,0.5530529618263245,0.02770651876926422,-0.5529320945645643,0.0,125.78031460495056,125.78031460495056,160.08934565730505,2.81950044631958,-0.03479817137122154,0.08785234986627312,1.0,2097.030527063337,3.7890514133595294,9,9,10,22.618483188206866,0.22856101816370009,2.942812245398727,1.0670461713445307,-478.4110893268183,297.7660190786497,1.4325628996739397,1.4761323870050786,0.0,0,5.283034149524292,nan
GT+smooth-jitter_controlled_forward3x6_SoftMS_local_prior_3frame_causal_heading_continuous_waypoint_RNN_polynomial_Kalman,1,controlled_gt_jitter,8.0,-467.81450140537964,296.6381874075982,3.5201848739172106,-0.2904930123236948,0,0,6,-476.98118469503373,296.8347265147259,-471.3346862792969,296.9286804199219,-1,-476.9811706542969,296.834716796875,-476.98118469503373,296.8347265147259,0.0,0,0.0,0.0,963,/yh/study/uav-sat/v36_GvsK/v36_training_data/routes/route_C/vi/vi_000963.jpg,-471.3346862792969,296.9286804199219,2102.0740656686057,-0.505715127952998,9,2.1008571999820087,2.1008571999820087,1,2.1008571999820087,-31.085796798932257,3.223234253422238,2099.5554999789865,3.7686308229439325,-476.5908998816316,297.01622518175486,5.256942601806936,4.470324361172668,1,0.0,0,0,0.725377938333787,1.0,2105.220947265625,1.098274827003479,1,1,6,18,1,115.69471461160629,-461.16796875,306.99407958984375,-463.1209716796875,304.0762939453125,1,-463.1209716796875,304.0762939453125,2105.302001953125,9.893052101135254,0.4860117733478546,0.3772031366825104,4.0,4.0,1,2101.306640625,9.525041580200195,9.940441487409103,18.680660247802734,7.814852237701416,0.725377938333787,2101.306640625,9.525041580200195,2101.306640625,6.315504421194682,0.0,3.209537159005514,0.0,1,2.5250554895439477,2.524972915649414,-0.020420590415596962,2.5701069831848145,-0.020849864929914474,0.5732362270355225,0.028939327225089073,-0.5749305864164416,0.0,115.90029998329199,115.90029998329199,146.98609678222425,2.8565173149108887,-0.03504501283168793,0.07249058362196886,1.0,2099.524717360308,4.1826501783138,9,9,10,20.12429289123604,0.3136293053335655,2.5493483082977946,0.46924978320280575,-476.98118469503373,296.8347265147259,1.706438717217444,2.1008571999820087,0.0,0,5.647280026279945,nan
GT+smooth-jitter_controlled_forward3x6_SoftMS_local_prior_3frame_causal_heading_continuous_waypoint_RNN_polynomial_Kalman,1,controlled_gt_jitter,8.0,-466.0216319809431,295.6769709508235,3.512974952650645,-0.16641283823902128,0,0,6,-474.9846696265845,299.4086355603459,-469.53460693359375,295.8433837890625,-1,-474.98468017578125,299.40863037109375,-474.9846696265845,299.4086355603459,0.0,0,0.0,0.0,964,/yh/study/uav-sat/v36_GvsK/v36_training_data/routes/route_C/vi/vi_000964.jpg,-469.53460693359375,295.8433837890625,2104.1758756609242,-0.4822804533896479,9,2.1019406337434225,2.1019406337434225,1,2.1019406337434225,-31.086447212843815,-0.0006504139115596835,2102.0745139415762,4.161993486449667,-474.74027368562514,299.31802407978046,6.258761177987671,4.956819075550815,1,0.0,0,0,0.5176609324252979,1.0,2107.25146484375,1.223458170890808,1,1,6,18,1,61.35040193722763,-461.16796875,306.99407958984375,-461.109375,302.0108337402344,1,-461.109375,302.0108337402344,2108.09912109375,9.194005012512207,0.6813651323318481,0.07989093661308289,4.0,4.0,1,2104.103515625,8.826517105102539,9.29391650687088,18.768733978271484,7.83245325088501,0.5176609324252979,2104.103515625,8.826517105102539,2104.103515625,6.366134024951409,0.0,2.4603830801511304,0.0,1,2.5498802530249014,2.5497965812683105,-0.02065669186413288,2.5867652893066406,-0.020908605307340622,0.568665623664856,0.029273513704538345,-0.5568706057555758,0.0,61.8220451287792,61.8220451287792,92.90849234162302,2.870901584625244,-0.03417596220970154,0.039828838243858085,1.0,2102.0644121756327,4.410333181145719,9,9,10,17.584598075911273,0.4002495957485563,2.1114634852915515,0.4848246555632181,-474.9846696265845,299.4086355603459,3.25746530199007,2.1019406337434225,1.1555246682466476,0,6.512618793555232,nan
GT+smooth-jitter_controlled_forward3x6_SoftMS_local_prior_3frame_causal_heading_continuous_waypoint_RNN_polynomial_Kalman,1,controlled_gt_jitter,8.0,-464.0561367274016,294.6083524757006,3.501724600723394,-0.04319781726812623,0,0,6,-468.10726165167665,299.86889561762666,-467.557861328125,294.65155029296875,-1,-468.1072692871094,299.868896484375,-468.10726165167665,299.86889561762666,0.0,0,0.0,0.0,965,/yh/study/uav-sat/v36_GvsK/v36_training_data/routes/route_C/vi/vi_000965.jpg,-467.557861328125,294.65155029296875,2106.483976386677,-0.45656448695560414,9,2.3082439799880485,2.3082439799880485,1,2.3082439799880485,-31.086913843390466,-0.000466630546649138,2104.634541570164,4.389537936422161,-467.9324151867061,300.2960346403997,5.65689792566304,4.94707519484697,1,0.0,0,0,0.7092151390350239,1.0,2109.485107421875,1.3480623960494995,1,1,6,18,1,-13.173597040912808,-456.5887451171875,283.1734313964844,-459.00531005859375,290.5937805175781,1,-459.00531005859375,290.5937805175781,2115.892333984375,0.5893102884292603,0.5153986811637878,0.44087275862693787,4.0,4.0,1,2111.896728515625,0.22544342279434204,5.453568657813014,18.79441261291504,7.8362274169921875,0.7092151390350239,2111.896728515625,0.22544342279434204,2108.8348832025104,1.8693329570143713,3.0618453131147376,-1.6438895342200293,0.0,1,2.570213521643033,2.57012939453125,-0.020795244723558426,2.5933027267456055,-0.020809892565011978,0.5611749887466431,0.02949957363307476,-0.5287911644691244,0.0,-12.663029568622317,-12.663029568622317,18.42388427476815,2.873711585998535,-0.032583024352788925,0.19985285360454627,1.0,2104.5872615803883,3.9191830739886986,9,9,10,15.061748671155712,0.4862953469130594,1.8967148062888555,0.28505874675755694,-468.10726165167665,299.86889561762666,6.892791870762823,2.3082439799880485,4.584547890774774,0,5.246192233634643,nan
GT+smooth-jitter_controlled_forward3x6_SoftMS_local_prior_3frame_causal_heading_continuous_waypoint_RNN_polynomial_Kalman,1,controlled_gt_jitter,8.0,-461.69521223375693,293.3353501093266,3.486489426399338,0.07903297065471913,0,0,6,-465.04161611561653,297.52004334003414,-465.18170166015625,293.2563171386719,-1,-465.0416259765625,297.5200500488281,-465.04161611561653,297.52004334003414,0.0,0,0.0,0.0,966,/yh/study/uav-sat/v36_GvsK/v36_training_data/routes/route_C/vi/vi_000966.jpg,-465.18170166015625,293.2563171386719,2109.2387675126747,-0.393825546447187,9,2.755505456813789,2.755505456813789,1,2.755505456813789,-30.420598709931657,0.666315133458809,2107.49444707524,3.8983797714622246,-464.7251845629175,298.00048998844056,4.766086852812657,4.72591039928584,1,0.0,0,0,0.81776707786683,1.0,2112.162841796875,1.5067569017410278,1,1,6,18,1,-26.94595784629167,-456.5887451171875,283.1734313964844,-456.7300720214844,287.9324645996094,1,-456.7300720214844,287.9324645996094,2119.22705078125,-0.47792401909828186,0.31803151965141296,0.6362006068229675,4.0,4.0,1,2115.231201171875,-0.854496955871582,6.010114749934225,18.79837417602539,7.839513778686523,0.81776707786683,2115.231201171875,-0.854496955871582,2111.9933065393734,1.199064092981955,3.237894632501412,-2.0535610488535365,0.0,1,2.9072599262658927,2.907185494851602,-0.020803302526474,2.5708255767822266,-0.0210458692163229,0.5563627481460571,0.028751026839017868,-0.5087252959872435,0.0,-26.764728194682263,-26.764728194682263,3.6558705152493944,2.8488354682922363,-0.03196589648723602,0.2765125947733689,1.0,2107.432441978042,3.321597277906158,9,9,10,12.21656827350209,0.5833347040990845,1.8063255346328333,0.18467988003156233,-465.04161611561653,297.52004334003414,3.8620317935921924,2.755505456813789,1.1065263367784035,0,4.266026849419966,nan
GT+smooth-jitter_controlled_forward3x6_SoftMS_local_prior_3frame_causal_heading_continuous_waypoint_RNN_polynomial_Kalman,1,controlled_gt_jitter,8.0,-459.3369628636347,292.06051510115924,3.4673279078496746,0.20016353865922965,0,0,6,-462.74665758963295,295.37750073360945,-462.8042907714844,291.8603515625,-1,-462.74664306640625,295.37750244140625,-462.74665758963295,295.37750073360945,0.0,0,0.0,0.0,967,/yh/study/uav-sat/v36_GvsK/v36_training_data/routes/route_C/vi/vi_000967.jpg,-462.8042907714844,291.8603515625,2111.9950080428066,-0.3310516387255138,9,2.7569552813624796,2.7569552813624796,1,2.7569552813624796,-30.420558033267454,4.0676664203502326e-05,2110.3338461220765,3.3006605634208706,-462.3785693516611,295.8656296273399,4.027839508220753,4.3876037091677755,1,0.0,0,0,0.8018607037103549,1.0,2114.839111328125,1.662485957145691,1,1,6,18,1,-30.821799855681075,-456.5887451171875,283.1734313964844,-456.73046875,288.646728515625,1,-456.73046875,288.646728515625,2118.85107421875,0.12940555810928345,0.3469521999359131,0.6331372857093811,4.0,4.0,1,2114.855224609375,-0.23739773035049438,2.861749440853551,18.824024200439453,7.842504501342773,0.8018607037103549,2114.855224609375,-0.23739773035049438,2114.78896305728,0.627590402298785,0.06626155209505846,-0.8649881326492794,0.0,1,2.90147968337449,2.901404144034659,-0.020936714485287666,2.584686517715454,-0.02023540437221527,0.5537731051445007,0.02965066023170948,-0.49575295248439094,0.0,-30.726754358534667,-30.726754358534667,0.3061963252672133,2.861419200897217,-0.03016938455402851,0.3285740062736784,1.0,2110.264741456282,2.6917845925815396,9,9,10,9.384268795261889,0.6799347372475638,1.7302665865245217,0.17226876364702548,-462.74665758963295,295.37750073360945,3.1396374721183724,2.7569552813624796,0.3826821907558928,0,3.517621337706238,nan
GT+smooth-jitter_controlled_forward3x6_SoftMS_local_prior_3frame_causal_heading_continuous_waypoint_RNN_polynomial_Kalman,1,controlled_gt_jitter,8.0,-456.98523368154076,290.7860234053958,3.444301230568637,0.32008102258329246,0,0,6,-460.6424092925829,293.30155225995446,-460.4295349121094,290.4659423828125,-1,-460.64239501953125,293.3015441894531,-460.6424092925829,293.30155225995446,0.0,0,0.0,0.0,968,/yh/study/uav-sat/v36_GvsK/v36_training_data/routes/route_C/vi/vi_000968.jpg,-460.4295349121094,290.4659423828125,2114.748171833856,-0.2683500303863515,9,2.7538776937316336,2.7538776937316336,1,2.7538776937316336,-30.42060433550545,-4.630223799462758e-05,2113.156983364721,2.67123360024169,-460.24183576903243,293.8058740574364,3.345201721790183,4.027789542174517,1,0.0,0,0,0.870252046171464,1.0,2117.509521484375,1.8150784969329834,1,1,6,18,1,-32.12998881313282,-456.5887451171875,283.1734313964844,-453.92010498046875,286.1610107421875,1,-453.92010498046875,286.1610107421875,2122.5537109375,-0.4773143529891968,0.22260430455207825,0.8342701196670532,4.0,4.0,1,2118.557861328125,-0.8350112438201904,3.8516021307444044,19.038066864013672,7.885720252990723,0.870252046171464,2118.557861328125,-0.8350112438201904,2117.8001764916926,-0.1146822759412256,0.7576848364326008,-0.7203289678789648,0.0,1,2.89231492065042,2.8922419084390043,-0.020550992339849472,2.6537864208221436,-0.01961343176662922,0.5934171676635742,0.03167794272303581,-0.5763742109305472,0.0,-32.16906604504966,-32.16906604504966,1.748461709544214,2.950307846069336,-0.03345464915037155,0.43051671293595595,1.0,2113.080709890582,2.031627507303324,9,9,10,6.5683003609619135,0.7759777744293046,1.6674619432737927,0.10009127290949005,-460.6424092925829,293.30155225995446,2.955913219448181,2.7538776937316336,0.2020355257165476,0,2.8435890837473408,nan
GT+smooth-jitter_controlled_forward3x6_SoftMS_local_prior_3frame_causal_heading_continuous_waypoint_RNN_polynomial_Kalman,1,controlled_gt_jitter,8.0,-455.5212170580117,289.9919288761254,3.4174731275351644,0.4386757022973052,0,0,6,-458.9120479809088,291.95965030482915,-458.9386901855469,289.5532531738281,-1,-458.91204833984375,291.95965576171875,-458.9120479809088,291.95965030482915,0.0,0,0.0,0.0,969,/yh/study/uav-sat/v36_GvsK/v36_training_data/routes/route_C/vi/vi_000969.jpg,-458.9386901855469,289.5532531738281,2116.4961881970007,-0.2607090165010613,9,1.7480330634503856,1.7480330634503856,1,1.7480330634503856,-31.474802372448387,-1.0541980369429387,2115.2656873824485,2.0149250870361346,-458.788694337225,292.13591538040527,2.587014268958657,4.488845452487452,1,0.0,0,0,0.6199636505878344,1.0,2119.17236328125,1.909486174583435,1,1,6,18,1,-32.266050729116394,-456.5887451171875,283.1734313964844,-454.0946960449219,281.8647155761719,1,-454.0946960449219,281.8647155761719,2124.70263671875,-4.201622486114502,0.6776741147041321,0.3156120777130127,4.0,4.0,1,2120.7060546875,-4.5616302490234375,6.025907369067444,19.39653778076172,7.9619550704956055,0.6199636505878344,2120.7060546875,-4.5616302490234375,2119.220587421565,-0.3580149364337921,1.4854672659349508,-4.203615312589646,0.0,1,2.185041329312982,2.1849774918664635,-0.016702420267189398,2.7584328651428223,-0.01948755793273449,0.6423416137695312,0.03447410464286804,-0.6495466678391285,0.0,-32.374801534689865,-32.374801534689865,0.8999991622414784,3.0793802738189697,-0.03716224431991577,0.10483936691457653,1.0,2115.2534537074926,1.8001325464883053,9,9,10,4.395556544051416,0.8500826232806404,1.242734489508166,1.0103998016924367,-458.9120479809088,291.95965030482915,2.1897148504103328,1.7480330634503856,0.4416817869599472,0,2.4065446098416623,nan
GT+smooth-jitter_controlled_forward3x6_SoftMS_local_prior_3frame_causal_heading_continuous_waypoint_RNN_polynomial_Kalman,1,controlled_gt_jitter,8.0,-454.0605695255067,289.19613032164574,3.3869097225401936,0.5558410150051263,0,0,6,-457.17794602236916,290.6293173241681,-457.4474792480469,288.6402893066406,-1,-457.1779479980469,290.6293029785156,-457.17794602236916,290.6293173241681,0.0,0,0.0,0.0,970,/yh/study/uav-sat/v36_GvsK/v36_training_data/routes/route_C/vi/vi_000970.jpg,-457.4474792480469,288.6402893066406,2118.2446604797165,-0.2531090504438523,9,1.748488799766697,1.748488799766697,1,1.748488799766697,-31.47621275075149,-0.0014103783031025685,2117.439006183538,1.7841382819298375,-457.0614725772901,290.79678052812665,2.190765970663003,5.008289314323608,1,0.0,0,0,0.5367380874193087,1.0,2120.812744140625,2.0127105712890625,1,1,6,18,1,-32.304113505731024,-451.88775634765625,278.3854064941406,-449.4154357910156,279.40594482421875,1,-449.4154357910156,279.40594482421875,2129.9716796875,-3.77837872505188,0.8289933204650879,0.1311669945716858,4.0,4.0,1,2126.0361328125,-4.0186052322387695,8.675602015272402,14.479747772216797,6.929143905639648,0.5367380874193087,2126.0361328125,-4.0186052322387695,2121.165035923941,-0.45147956231202246,4.871096888558988,-3.567125669926747,0.0,1,2.1856109997083712,2.1855524760452356,-0.01599426455846789,1.6526434421539307,-0.024447908625006676,0.24674104154109955,0.0006664001848548651,-0.025318497397032343,0.0,-31.750573364247767,-31.750573364247767,0.27436061349627966,1.776003122329712,-0.02489951066672802,0.07451370379113423,1.0,2117.4279962293967,1.580450361329608,9,9,10,2.22101402214723,0.9242488197978391,0.8166642503197181,0.09584535761276625,-457.17794602236916,290.6293173241681,2.1856109997082456,1.748488799766697,0.43712219994154866,0,2.007207167746631,nan
GT+smooth-jitter_controlled_forward3x6_SoftMS_local_prior_3frame_causal_heading_continuous_waypoint_RNN_polynomial_Kalman,1,controlled_gt_jitter,8.0,-452.6038025565156,288.3989515881839,3.3526793770781524,0.6714735608401448,0,0,6,-455.5381829208323,289.28160772536904,-455.95648193359375,287.72747802734375,-1,-455.5381774902344,289.2816162109375,-455.5381829208323,289.28160772536904,0.0,0,0.0,0.0,971,/yh/study/uav-sat/v36_GvsK/v36_training_data/routes/route_C/vi/vi_000971.jpg,-455.95648193359375,287.72747802734375,2119.9953700282736,-0.24195275670338348,10,1.7482269370187695,1.7482269370187695,1,1.7482269370187695,-31.475603372335687,0.0006093784158030188,2119.550411295162,1.5581236851546096,-455.3844038771288,289.4942619223909,1.857094137217225,5.441048998075538,1,0.0,0,0,0.5754364835060015,1.0,2122.469970703125,2.1176822185516357,1,1,6,18,1,-32.110374442871674,-451.88775634765625,278.3854064941406,-449.82806396484375,279.1141052246094,1,-449.82806396484375,279.1141052246094,2129.779052734375,-4.245591640472412,0.7586326003074646,0.2509973645210266,4.0,4.0,1,2125.848388671875,-4.450884819030762,7.240079542932162,14.359060287475586,6.906497955322266,0.5754364835060015,2125.848388671875,-4.450884819030762,2123.382861624804,-0.7413465126302929,2.465527047071374,-3.7095383064004688,0.0,1,2.1225324948883326,2.122415065765381,-0.022326676174998283,1.6297043561935425,-0.024517972022294998,0.21803228557109833,-1.1928379535675049e-05,0.26200744394386427,0.0,-31.46324742290687,-31.46324742290687,0.012355949428813967,1.7388145923614502,-0.016572725027799606,0.08608831438949775,1.0,2119.5314334979907,1.2963802133966904,9,9,10,0.11757675355322306,0.995989859695985,0.46393653028280823,0.11852258082522704,-455.5381829208323,289.28160772536904,2.1225324948883233,1.7482269370187695,0.3743055578695538,0,1.609438778693179,nan
GT+smooth-jitter_controlled_forward3x6_SoftMS_local_prior_3frame_causal_heading_continuous_waypoint_RNN_polynomial_Kalman,1,controlled_gt_jitter,8.0,-452.5657932107734,288.38001655812394,3.314852541179753,0.7854731010926946,0,0,6,-455.4228733832787,289.1286795200758,-455.8806457519531,287.59454345703125,-1,-455.4228820800781,289.1286926269531,-455.4228733832787,289.1286795200758,0.0,0,0.0,0.0,972,/yh/study/uav-sat/v36_GvsK/v36_training_data/routes/route_C/vi/vi_000972.jpg,-455.8806457519531,287.59454345703125,2120.13052137842,-0.3137638908234266,10,0.15304485104046747,0.15304485104046747,1,0.15304485104046747,-60.29621430359559,-12.000000000000002,2119.722724111105,1.2939488801667265,-455.3771540198251,289.1783090775121,1.6618716752319755,6.0340713163190935,1,0.0,0,0,0.385885358039178,1.0,2122.51220703125,2.121997117996216,1,1,6,18,1,-31.883896626922407,-451.88775634765625,278.3854064941406,-449.058837890625,280.366943359375,1,-449.058837890625,280.366943359375,2129.75927734375,-2.7755818367004395,0.8662246465682983,0.06784979999065399,4.0,4.0,1,2125.919677734375,-2.889305830001831,6.358681623975722,13.51218318939209,6.724243640899658,0.385885358039178,2125.919677734375,-2.889305830001831,2123.0339088457126,-0.6927619605979172,2.88576888866228,-2.196543869403914,0.0,1,0.19130606380058432,0.19129061311417797,-0.0024313332299639783,1.5447430610656738,-0.0051828473806381226,0.2874823212623596,0.010652189143002033,0.8694576815766473,0.0,-30.855808523439002,-30.855808523439002,29.440405780156592,1.688287615776062,0.02576482482254505,0.03784555901974215,1.0,2119.7099331563722,1.2275624685590432,10,10,11,546.2687802785676,0.00011151307438203143,0.4205882220476269,1.3916982100252064,-455.4228733832787,289.1286795200758,0.19152891537578404,0.15304485104046747,0.038484064335316565,0,1.6009775143504246,nan
GT+smooth-jitter_controlled_forward3x6_SoftMS_local_prior_3frame_causal_heading_continuous_waypoint_RNN_polynomial_Kalman,1,controlled_gt_jitter,8.0,-452.53136899692936,288.3594124713011,3.273501608539406,0.8977425494260677,0,0,6,-455.3235841550652,288.9643580153072,-455.80487060546875,287.461669921875,-1,-455.3235778808594,288.96435546875,-455.3235841550652,288.9643580153072,0.0,0,0.0,0.0,973,/yh/study/uav-sat/v36_GvsK/v36_training_data/routes/route_C/vi/vi_000973.jpg,-455.80487060546875,287.461669921875,2120.2655885193685,-0.38555606731623604,10,0.15296159377323346,0.15296159377323346,1,0.15296159377323346,-60.30474383994241,-0.008529536346818193,2119.901129050472,1.2260354102670055,-455.2620852723621,289.0251765715654,1.6550434923172723,6.062692692127315,1,0.0,0,0,0.6349299030340091,1.0,2122.55224609375,2.1229848861694336,1,1,6,18,1,-31.52424418897701,-451.88775634765625,278.3854064941406,-448.7833557128906,278.4111328125,1,-448.7833557128906,278.4111328125,2131.03759765625,-4.281264305114746,0.6504627466201782,0.23464854061603546,4.0,4.0,1,2127.135986328125,-4.396472930908203,7.985370880656227,14.228781700134277,6.87484073638916,0.6349299030340091,2127.135986328125,-4.396472930908203,2123.8971862838152,-1.1715989297391094,3.2388000443096656,-3.224874001169094,0.0,1,0.19120199221654183,0.19119589409960466,-0.0015270582920376495,1.7425975799560547,-0.00936914049088955,0.3626769185066223,0.014516272582113743,0.8374315648886921,0.0,-30.887986645453417,-30.887986645453417,29.416757194488994,1.9237613677978516,0.026008348912000656,0.11166267266008889,1.0,2119.880800408599,1.1417569678961121,10,10,11,546.0979130263408,0.0004242679021557667,0.3847881107694775,1.5896359861828213,-455.3235841550652,288.9643580153072,0.19198934285179492,0.15296159377323346,0.03902774907856146,0,1.5778809059890901,nan
GT+smooth-jitter_controlled_forward3x6_SoftMS_local_prior_3frame_causal_heading_continuous_waypoint_RNN_polynomial_Kalman,1,controlled_gt_jitter,8.0,-452.4928873584982,288.3238007494214,3.2287007762674027,1.0081879564526925,0,0,6,-455.2042517558901,288.79039937909494,-455.7215881347656,287.31561279296875,-1,-455.2042541503906,288.7904052734375,-455.2042517558901,288.79039937909494,0.0,0,0.0,0.0,974,/yh/study/uav-sat/v36_GvsK/v36_training_data/routes/route_C/vi/vi_000974.jpg,-455.7215881347656,287.31561279296875,2120.414047589653,-0.4644772893102374,10,0.16813284875583892,0.16813284875583892,1,0.16813284875583892,-60.30800551229883,-0.0032616723564166178,2120.0909619906997,1.1403848957176457,-455.1466819170691,288.85084653805535,1.6393473735602122,6.439219287336682,1,0.0,0,0,0.45522066969040786,1.0,2122.603759765625,2.1134579181671143,1,1,6,18,1,-31.301961692696636,-442.45538330078125,273.5675048828125,-448.1875915527344,279.068115234375,1,-448.1875915527344,279.068115234375,2131.18994140625,-3.407560110092163,0.7589291334152222,0.07197891175746918,4.0,4.0,1,2127.27685546875,-3.523669481277466,7.5388580246959105,14.629477500915527,6.954169273376465,0.45522066969040786,2127.27685546875,-3.523669481277466,2123.5928188323483,-0.9607292092715272,3.684036636401653,-2.562940272005939,0.0,1,0.21016606094479864,0.21016158210051117,-0.0013720721784664881,1.8643417358398438,0.0011554486118257046,0.4042780101299286,0.02624758891761303,1.0753026144096123,0.0,-30.650497848870334,-30.650497848870334,29.657507663428493,2.0658485889434814,0.05305727571249008,0.05265150459059882,1.0,2120.0737809723278,1.0585207065916773,10,10,11,545.9049324626121,0.0007774988588550831,0.34026661732514185,1.6962088870840049,-455.2042517558901,288.79039937909494,0.21095456526398598,0.16813284875583892,0.04282171650814706,0,1.5628923198754887,nan
GT+smooth-jitter_controlled_forward3x6_SoftMS_local_prior_3frame_causal_heading_continuous_waypoint_RNN_polynomial_Kalman,1,controlled_gt_jitter,8.0,-452.82695089706897,288.6252328923564,3.180525909571664,1.1167184880595364,0,0,6,-455.00008884358033,288.4735590635077,-456.0074768066406,287.5085144042969,-1,-455.0000915527344,288.47357177734375,-455.00008884358033,288.4735590635077,0.0,0,0.0,0.0,975,/yh/study/uav-sat/v36_GvsK/v36_training_data/routes/route_C/vi/vi_000975.jpg,-456.0074768066406,287.5085144042969,2120.414047589653,-0.45426709232236334,10,0.3448816671837435,0.3448816671837435,1,0.3448816671837435,145.99073531616077,-12.000000000000002,2120.414047589653,1.0574642156578247,-454.91721454066453,288.6076026256675,1.5481171554397721,6.653166086142734,1,0.0,0,0,0.445856967750825,1.0,2122.160400390625,2.1896402835845947,1,1,6,18,1,-31.075127562030392,-442.45538330078125,273.5675048828125,-448.166259765625,280.1547546386719,1,-448.166259765625,280.1547546386719,2130.627197265625,-2.4777920246124268,0.8082157373428345,0.07907648384571075,4.0,4.0,1,2126.799560546875,-2.468769073486328,7.044324104980817,13.906048774719238,6.803934574127197,0.445856967750825,2126.799560546875,-2.468769073486328,2123.8901542509675,-1.0281997811310368,2.9094062959073215,-1.440569292355291,0.0,1,0.4311020839796794,0.4311007894199792,-0.0010564909338525402,1.7295005321502686,0.005229589529335499,0.41861218214035034,0.026066742837429047,1.2668138616607767,0.0,-30.460193891666513,-30.460193891666513,176.45092920782727,1.9379289150238037,0.06112215667963028,0.0575255692665062,1.0,2120.414047589653,0.8998703495326809,10,10,11,545.564665845287,0.001400321698877235,0.0,1.384618864966525,-455.00008884358033,288.4735590635077,0.37692211442712564,0.3448816671837435,0.03204044724338212,0,1.3950418281865686,nan
GT+smooth-jitter_controlled_forward3x6_SoftMS_local_prior_3frame_causal_heading_continuous_waypoint_RNN_polynomial_Kalman,1,controlled_gt_jitter,8.0,-453.16437210202287,288.92472344866616,3.1290544116490007,1.2232463978848969,0,0,6,-455.00229660809055,288.4699881542035,-456.2934265136719,287.70147705078125,-1,-455.0022888183594,288.4700012207031,-455.00229660809055,288.4699881542035,0.0,0,0.0,0.0,976,/yh/study/uav-sat/v36_GvsK/v36_training_data/routes/route_C/vi/vi_000976.jpg,-456.2934265136719,287.70147705078125,2120.414047589653,-0.44403793770726824,10,0.34496640110235605,0.34496640110235605,1,0.34496640110235605,145.98800207277776,-0.002733243383008407,2120.414047589653,0.9000893862870551,-454.99997365814335,288.4737453681369,1.5064589750359143,6.397389886873995,1,0.0,0,0,0.5425968544519321,1.0,2121.715087890625,2.262387275695801,1,1,6,18,1,-30.859900777403034,-442.3640441894531,287.8419494628906,-446.559326171875,283.06903076171875,1,-446.559326171875,283.06903076171875,2130.427490234375,0.8441586494445801,0.8183410167694092,0.16083256900310516,4.0,4.0,1,2126.563720703125,0.8627289533615112,6.95599455863468,14.439351081848145,6.912673473358154,0.5425968544519321,2126.563720703125,0.8627289533615112,2124.1561889393956,0.8627289533615112,2.407531763729277,0.0,0.0,1,0.431208001377945,0.43120794574690074,0.00021903675437432498,1.8796604871749878,0.008485213853418827,0.46232375502586365,0.03265834599733353,1.4721747048363172,0.0,-30.25483304849097,-30.25483304849097,176.2428351212687,2.1094882488250732,0.07903632521629333,0.07092696539994366,1.0,2120.414047589653,0.8956720620971348,10,10,11,545.564665845287,0.001400321698877235,0.0,1.5346940860726317,-455.00229660809055,288.4699881542035,0.004198287435527302,0.34496640110235605,0.0,0,1.502539766252383,nan
GT+smooth-jitter_controlled_forward3x6_SoftMS_local_prior_3frame_causal_heading_continuous_waypoint_RNN_polynomial_Kalman,1,controlled_gt_jitter,8.0,-453.50507215682023,289.22215720920525,3.0743650990391447,1.3276869943614789,0,0,6,-454.88568721848634,288.6585959302437,-456.5794372558594,287.89447021484375,-1,-454.88568115234375,288.6585998535156,-454.88568721848634,288.6585959302437,0.0,0,0.0,0.0,977,/yh/study/uav-sat/v36_GvsK/v36_training_data/routes/route_C/vi/vi_000977.jpg,-456.5794372558594,287.89447021484375,2120.414047589653,-0.4338156171711394,10,0.3450340650160497,0.3450340650160497,1,0.3450340650160497,145.98947075515196,0.0014686823741937238,2120.414047589653,0.8968694772258303,-455.00166692023197,288.4710066315921,1.6798075698790171,6.729945324704173,1,0.0,0,0,0.3867546500599757,1.0,2121.268310546875,2.3316431045532227,1,1,6,18,1,-30.64812708028794,-442.3640441894531,287.8419494628906,-445.37335205078125,285.2232360839844,1,-445.37335205078125,285.2232360839844,2130.2783203125,3.2987210750579834,0.7371492385864258,0.03980092704296112,4.0,4.0,1,2126.42041015625,3.2921388149261475,7.941798992969307,14.503137588500977,6.925714492797852,0.3867546500599757,2126.42041015625,3.2921388149261475,2123.727622877318,2.8850146498247904,2.692787278932157,0.4071241651013575,0.0,1,0.43129258127006215,0.4312909190507061,0.001197415128695566,1.955233097076416,0.002188741462305188,0.48416510224342346,0.030305299907922745,1.251398017982352,0.0,-30.475609735344932,-30.475609735344932,176.4650804904969,2.196413040161133,0.0653250515460968,0.04192991829878172,1.0,2120.414047589653,1.1174166063968396,10,10,11,545.564665845287,0.001400321698877235,0.0,1.6101990320603663,-454.88568721848634,288.6585959302437,0.22174454429969642,0.3450340650160497,0.0,0,1.858138126737787,nan
GT+smooth-jitter_controlled_forward3x6_SoftMS_local_prior_3frame_causal_heading_continuous_waypoint_RNN_polynomial_Kalman,1,controlled_gt_jitter,8.0,-453.7092309603001,289.55071665939244,3.0165380826686627,1.4299586027518205,0,0,6,-454.7947684310072,288.8056509003872,-456.72576904296875,288.1207580566406,-1,-454.7947692871094,288.8056640625,-454.7947684310072,288.8056509003872,0.0,0,0.0,0.0,978,/yh/study/uav-sat/v36_GvsK/v36_training_data/routes/route_C/vi/vi_000978.jpg,-456.72576904296875,288.1207580566406,2120.414047589653,-0.32079043568046034,10,0.26947945981783283,0.26947945981783283,1,0.26947945981783283,122.88922061369831,-12.000000000000002,2120.414047589653,1.1180354220749924,-454.88536180025005,288.65912227216205,1.9175335323288194,6.496084674974788,1,0.0,0,0,0.5192156853115931,1.0,2120.919921875,2.5001914501190186,1,1,6,18,1,-30.587745966869203,-442.3945007324219,283.08380126953125,-445.17864990234375,285.44232177734375,1,-445.17864990234375,285.44232177734375,2130.32568359375,3.587955951690674,0.6559323668479919,0.07491762936115265,4.0,4.0,1,2126.37939453125,3.5016448497772217,8.165286624018204,15.69944953918457,7.179906845092773,0.5192156853115931,2126.37939453125,3.5016448497772217,2124.09189072426,3.3247413028391213,2.287503806990209,0.1769035469381004,0.0,1,0.336849324772291,0.3368487563680544,0.0006188156781527755,2.14619779586792,-0.006375248543918133,0.5334174036979675,0.028614122420549393,0.9488631129896883,0.0,-30.778144640337597,-30.778144640337597,153.6673652540359,2.4124441146850586,0.04788852483034134,0.08802937889093,1.0,2120.414047589653,1.290307873268839,10,10,11,545.564665845287,0.001400321698877235,0.0,1.8767183360500872,-454.7947684310072,288.8056509003872,0.17289126687196715,0.26947945981783283,0.0,0,2.048863482716996,nan
GT+smooth-jitter_controlled_forward3x6_SoftMS_local_prior_3frame_causal_heading_continuous_waypoint_RNN_polynomial_Kalman,1,controlled_gt_jitter,8.0,-453.916537728028,289.87715049136114,2.9556546547844924,1.5299825226111332,0,0,6,-454.7731718825144,288.8405818523044,-456.8721923828125,288.34716796875,-1,-454.7731628417969,288.840576171875,-454.7731718825144,288.8405818523044,0.0,0,0.0,0.0,979,/yh/study/uav-sat/v36_GvsK/v36_training_data/routes/route_C/vi/vi_000979.jpg,-456.8721923828125,288.34716796875,2120.414047589653,-0.20771102604276687,10,0.26963167980111913,0.26963167980111913,1,0.26963167980111913,122.89147151605549,0.0022509023571697425,2120.414047589653,1.2899867242323366,-454.79493731449986,288.80537774279617,2.1271917675334264,6.021808709286733,1,0.0,0,0,0.6038366662300005,1.0,2120.5703125,2.6652605533599854,1,1,6,18,1,-30.654385454558373,-442.3640441894531,287.8419494628906,-445.8642272949219,283.9059753417969,1,-445.8642272949219,283.9059753417969,2130.567626953125,1.9230549335479736,0.7069959044456482,0.2427845150232315,4.0,4.0,1,2126.591796875,1.7727792263031006,7.938099479264755,16.860637664794922,7.425205230712891,0.6038366662300005,2126.591796875,1.7727792263031006,2124.3245984217856,1.7727792263031006,2.2671984532145886,0.0,0.0,1,0.3370395997513989,0.33703944674752767,-0.00032114903650232505,2.371138572692871,-0.013194439932703972,0.583105206489563,0.029301954433321953,0.6351100491721016,0.0,-31.091897704155183,-31.091897704155183,153.98336922021068,2.6625113487243652,0.030971137806773186,0.09535178819651002,1.0,2120.414047589653,1.3313758937792162,10,10,11,545.564665845287,0.001400321698877235,0.0,2.101506892891752,-454.7731718825144,288.8405818523044,0.04106802051039741,0.26963167980111913,0.0,0,2.1562338280334656,nan
GT+smooth-jitter_controlled_forward3x6_SoftMS_local_prior_3frame_causal_heading_continuous_waypoint_RNN_polynomial_Kalman,1,controlled_gt_jitter,8.0,-454.126757505551,290.2011998268246,2.891797181949026,1.6276829811214897,0,0,6,-454.7722994426361,288.84199296461486,-457.0185546875,288.5735168457031,-1,-454.7723083496094,288.84197998046875,-454.7722994426361,288.84199296461486,0.0,0,0.0,0.0,980,/yh/study/uav-sat/v36_GvsK/v36_training_data/routes/route_C/vi/vi_000980.jpg,-457.0185546875,288.5735168457031,2120.414047589653,-0.09465057403227538,10,0.26954728403635886,0.26954728403635886,1,0.26954728403635886,122.88762281745586,-0.0038486985996241284,2120.414047589653,1.330141825655881,-454.77382084518024,288.83953219922296,2.260441149679398,6.5065662191465075,1,0.0,0,0,0.31408380288247023,1.0,2120.219482421875,2.8267574310302734,1,1,6,18,1,-30.807514773933768,-442.3640441894531,287.8419494628906,-446.7962951660156,284.0759582519531,1,-446.7962951660156,284.0759582519531,2129.68896484375,1.5684863328933716,0.7501782178878784,0.013598963618278503,4.0,4.0,1,2125.703857421875,1.359704613685608,7.195112082697905,17.424671173095703,7.544605731964111,0.31408380288247023,2125.703857421875,1.359704613685608,2123.52777804758,1.359704613685608,2.176079374295297,0.0,0.0,0,0.3369341050454486,0.33693184506461293,-0.0012340681233351384,2.4465765953063965,-0.015546399168670177,0.5860439538955688,0.02936793677508831,0.4859567536673002,0.0,-31.241050999659986,-31.241050999659986,154.12867381711584,2.7395074367523193,0.022373352199792862,0.02030672032175423,1.0,2120.414047589653,1.3330349264172592,10,10,11,545.564665845287,0.001400321698877235,0.0,2.1770293112700374,-454.7722994426361,288.84199296461486,0.0016590326380119481,0.26954728403635886,0.0,0,2.262242703934417,nan
GT+smooth-jitter_controlled_forward3x6_SoftMS_local_prior_3frame_causal_heading_continuous_waypoint_RNN_polynomial_Kalman,1,controlled_gt_jitter,8.0,-454.1424497750551,290.32992067649576,2.8250490042417518,1.7229870827457532,0,0,6,-454.75283180439624,288.87348054863907,-456.9674987792969,288.60693359375,-1,-454.7528381347656,288.87347412109375,-454.75283180439624,288.87348054863907,0.0,0,0.0,0.0,981,/yh/study/uav-sat/v36_GvsK/v36_training_data/routes/route_C/vi/vi_000981.jpg,-456.9674987792969,288.60693359375,2120.414047589653,-0.03911718639352748,10,0.06101954451218274,0.06101954451218274,1,0.06101954451218274,33.20526254061158,-12.000000000000002,2120.414047589653,1.3326377227152428,-454.7725083211967,288.84165511771494,2.207504768955934,4.685151540742862,1,0.0,0,0,0.8264324249661341,1.0,2120.137451171875,2.927156686782837,1,1,6,18,1,-30.959252442265775,-456.5887451171875,283.1734313964844,-449.25506591796875,286.7890625,1,-449.25506591796875,286.7890625,2126.16064453125,2.547132968902588,0.3022763431072235,0.7446336150169373,4.0,4.0,1,2122.176513671875,2.3140408992767334,4.203102246645607,17.337684631347656,7.534332275390625,0.8264324249661341,2122.176513671875,2.3140408992767334,2122.176513671875,2.3140408992767334,0.0,0.0,0.0,1,0.07627443064022843,0.07627339640208847,-0.00039720370201643804,2.32517147064209,-0.012634677812457085,0.5326340198516846,0.027791794389486313,0.4447069734333453,0.0,-31.28230077989394,-31.28230077989394,64.48756332050552,2.591400623321533,0.021375078707933426,0.04454351834507197,1.0,2120.414047589653,1.370054608835117,10,10,11,545.564665845287,0.001400321698877235,0.0,2.264151926129907,-454.75283180439624,288.87348054863907,0.03701968241786302,0.06101954451218274,0.0,0,2.230649476918365,nan
GT+smooth-jitter_controlled_forward3x6_SoftMS_local_prior_3frame_causal_heading_continuous_waypoint_RNN_polynomial_Kalman,1,controlled_gt_jitter,8.0,-454.16091801273257,290.45614457987534,2.7554943407830366,1.815824755656572,0,0,6,-454.82817175195333,288.8642157387522,-456.9164123535156,288.64031982421875,-1,-454.82818603515625,288.8642272949219,-454.82817175195333,288.8642157387522,0.0,0,0.0,0.0,982,/yh/study/uav-sat/v36_GvsK/v36_training_data/routes/route_C/vi/vi_000982.jpg,-456.9164123535156,288.64031982421875,2120.414047589653,0.016406722431619437,10,0.06102838097160743,0.06102838097160743,1,0.06102838097160743,33.16559931111672,-0.03966322949485766,2120.414047589653,1.3696478908581582,-454.75304568625376,288.8731346092458,2.175858005740937,3.968850902904043,1,0.0,0,0,0.8501562910116092,1.0,2120.05419921875,3.0239620208740234,1,1,6,18,1,-31.072319393786167,-456.5887451171875,283.1734313964844,-453.739990234375,286.6382751464844,1,-453.739990234375,286.6382751464844,2122.450927734375,0.02232084795832634,0.25914204120635986,0.8077763319015503,4.0,4.0,1,2118.463134765625,-0.21962447464466095,0.33883879632937264,17.74689483642578,7.6201934814453125,0.8501562910116092,2118.463134765625,-0.21962447464466095,2118.463134765625,-0.21962447464466095,0.0,0.0,0.0,1,0.07628547621450928,0.07628439199313107,-0.0004067179769588611,2.411417007446289,-0.013260230422019958,0.5476723909378052,0.029559139162302017,0.35280696491380886,0.0,-31.3739424814311,-31.3739424814311,64.53954179254781,2.6851930618286133,0.018054036423563957,0.09980027037654217,1.0,2120.3548411692786,1.3219497892457273,10,10,11,545.6238722656612,0.0012919504717056607,0.0592064203742666,2.3503886264746816,-454.82817175195333,288.8642157387522,0.07590747262388632,0.06102838097160743,0.014879091652278895,0,2.1002090825815425,nan
GT+smooth-jitter_controlled_forward3x6_SoftMS_local_prior_3frame_causal_heading_continuous_waypoint_RNN_polynomial_Kalman,1,controlled_gt_jitter,8.0,-454.1821687612216,290.5798347500841,2.6832182016690322,1.9061286953965906,0,0,6,-454.9029787302165,288.8517557432482,-456.8653869628906,288.6737060546875,-1,-454.9029846191406,288.85174560546875,-454.9029787302165,288.8517557432482,0.0,0,0.0,0.0,983,/yh/study/uav-sat/v36_GvsK/v36_training_data/routes/route_C/vi/vi_000983.jpg,-456.8653869628906,288.6737060546875,2120.414047589653,0.07189800547154546,10,0.06097729801611686,0.06097729801611686,1,0.06097729801611686,33.19697332445806,0.03137401334133768,2120.414047589653,1.321536293873891,-454.7783462589237,288.83221264953045,2.093051179647417,3.64297125974333,1,0.0,0,0,0.8486315580046551,1.0,2119.97021484375,3.117138385772705,1,1,6,18,1,-31.177977884573767,-456.5887451171875,283.1734313964844,-453.9872131347656,286.5600891113281,1,-453.9872131347656,286.5600891113281,2122.28369140625,-0.17590825259685516,0.26191428303718567,0.7948266267776489,4.0,4.0,1,2118.293701171875,-0.42579346895217896,0.6639773137104032,18.09730339050293,7.694480895996094,0.8486315580046551,2118.293701171875,-0.42579346895217896,2118.293701171875,-0.42579346895217896,0.0,0.0,0.0,1,0.07622162252014607,0.07622050092449609,-0.0004134953718361276,2.484635829925537,-0.015155043452978134,0.566494345664978,0.030034465715289116,0.24065883391934317,0.0,-31.485860721630413,-31.485860721630413,64.68283404608847,2.7678592205047607,0.01148806419223547,0.1344928635703097,1.0,2120.2977673590985,1.2714293386230526,10,10,11,545.6809460758413,0.0011874827668608796,0.11628023055436643,2.42365853190942,-454.9029787302165,288.8517557432482,0.07583755985541632,0.06097729801611686,0.014860261839299463,0,1.970468919639126,nan
GT+smooth-jitter_controlled_forward3x6_SoftMS_local_prior_3frame_causal_heading_continuous_waypoint_RNN_polynomial_Kalman,1,controlled_gt_jitter,8.0,-454.12094174049787,290.62673835896334,2.608306306377158,1.993834306228961,0,0,6,-454.83062007726124,288.7476632950125,-456.729248046875,288.6329040527344,-1,-454.83062744140625,288.7476501464844,-454.83062007726124,288.7476632950125,0.0,0,0.0,0.0,984,/yh/study/uav-sat/v36_GvsK/v36_training_data/routes/route_C/vi/vi_000984.jpg,-456.729248046875,288.6329040527344,2120.414047589653,0.11018630820199078,10,0.142121806269454,0.142121806269454,1,0.142121806269454,-16.683924822300717,-12.000000000000002,2120.414047589653,1.270398371960979,-454.80523829308277,288.78871660883294,1.9303085466643983,3.4843136942203667,1,0.0,0,0,0.8537226723468676,1.0,2119.996826171875,3.189507007598877,1,1,6,18,1,-31.285907733425507,-456.5887451171875,283.1734313964844,-450.19384765625,285.51611328125,1,-450.19384765625,285.51611328125,2126.047607421875,0.9694921374320984,0.2526577115058899,0.8162874579429626,4.0,4.0,1,2122.05517578125,0.7006928324699402,3.244097478027407,18.52924156188965,7.784862518310547,0.8537226723468676,2122.05517578125,0.7006928324699402,2122.05517578125,0.7006928324699402,0.0,0.0,0.0,1,0.1776522578368175,0.17764926631500844,-0.0010309666620736393,2.581270456314087,-0.016170207411050797,0.591942548751831,0.031804390251636505,0.12692868703879973,0.0,-31.600079066288487,-31.600079066288487,14.916154243987764,2.877235174179077,0.006106003653258085,0.056863552913037664,1.0,2120.414047589653,1.2221323430822855,10,10,11,545.564665845287,0.001400321698877235,0.0,2.439148650044633,-454.83062007726124,288.7476632950125,0.12677149694311166,0.142121806269454,0.0,0,1.9020930184110088,nan
GT+smooth-jitter_controlled_forward3x6_SoftMS_local_prior_3frame_causal_heading_continuous_waypoint_RNN_polynomial_Kalman,1,controlled_gt_jitter,8.0,-454.06220308702876,290.67095117383946,2.5308450086743655,2.0788796406363304,0,0,6,-454.8449738463913,288.7244470473106,-456.5930480957031,288.5920715332031,-1,-454.844970703125,288.7244567871094,-454.8449738463913,288.7244470473106,0.0,0,0.0,0.0,985,/yh/study/uav-sat/v36_GvsK/v36_training_data/routes/route_C/vi/vi_000985.jpg,-456.5930480957031,288.5920715332031,2120.414047589653,0.14848144501144553,10,0.1421890338615853,0.1421890338615853,1,0.1421890338615853,-16.68864350194581,-0.004718679645091224,2120.414047589653,1.2210546494632664,-454.8311868068531,288.7467466483488,1.7686377787420342,3.4731031862422297,1,0.0,0,0,0.8131860272920505,1.0,2120.02294921875,3.2582712173461914,1,1,6,18,1,-31.39586769592549,-456.5887451171875,283.1734313964844,-449.70989990234375,285.4400634765625,1,-449.70989990234375,285.4400634765625,2126.497314453125,1.1639090776443481,0.32636070251464844,0.7174524068832397,4.0,4.0,1,2122.504150390625,0.8970732092857361,3.5792403845540686,18.819372177124023,7.844531059265137,0.8131860272920505,2122.504150390625,0.8970732092857361,2122.504150390625,0.8970732092857361,0.0,0.0,0.0,1,0.17773629232698163,0.1777330250308192,-0.0010776936190190886,2.6600265502929688,-0.017215656116604805,0.6237188577651978,0.033030424267053604,-0.012039115546646616,0.0,-31.73904686887393,-31.73904686887393,15.050403366928121,2.9718856811523438,-0.0013249032199382782,0.0805807669171895,1.0,2120.414047589653,1.194837199822037,10,10,11,545.564665845287,0.001400321698877235,0.0,2.5178375164313835,-454.8449738463913,288.7244470473106,0.027295143260211888,0.1421890338615853,0.0,0,1.7530792503028003,nan
GT+smooth-jitter_controlled_forward3x6_SoftMS_local_prior_3frame_causal_heading_continuous_waypoint_RNN_polynomial_Kalman,1,controlled_gt_jitter,8.0,-454.00595743407746,290.7124443510967,2.4509212280319232,2.1612053374248106,0,0,6,-454.79855609312017,288.7995246139026,-456.4568786621094,288.5512390136719,-1,-454.7985534667969,288.7995300292969,-454.79855609312017,288.7995246139026,0.0,0,0.0,0.0,986,/yh/study/uav-sat/v36_GvsK/v36_training_data/routes/route_C/vi/vi_000986.jpg,-456.4568786621094,288.5512390136719,2120.414047589653,0.18676026892828987,10,0.1421598019712767,0.1421598019712767,1,0.1421598019712767,-16.692175626119823,-0.003532124174013348,2120.414047589653,1.1937188141641795,-454.8455619748132,288.72349578949115,1.6204980294880649,3.649430662356579,1,0.0,0,0,0.6935629444158451,1.0,2120.04833984375,3.323404550552368,1,1,6,18,1,-31.51598040112136,-456.5887451171875,283.1734313964844,-448.00396728515625,286.68133544921875,1,-448.00396728515625,286.68133544921875,2127.275634765625,3.124851703643799,0.543857216835022,0.37304672598838806,4.0,4.0,1,2123.28173828125,2.8542699813842773,4.9098900137403785,19.116989135742188,7.901984214782715,0.6935629444158451,2123.28173828125,2.8542699813842773,2123.28173828125,2.8542699813842773,0.0,0.0,0.0,1,0.17769975246409586,0.17769623304764015,-0.001118385657857501,2.777338981628418,-0.016742143779993057,0.6695394515991211,0.03640393912792206,-0.14894904350014895,0.0,-31.875956796827435,-31.875956796827435,15.183781170707611,3.1121020317077637,-0.006630567368119955,0.15726618322664235,1.0,2120.414047589653,1.2831052508037901,10,10,11,545.564665845287,0.001400321698877235,0.0,2.635179179657141,-454.79855609312017,288.7995246139026,0.0882680509817341,0.1421598019712767,0.0,0,1.676806334106858,nan
GT+smooth-jitter_controlled_forward3x6_SoftMS_local_prior_3frame_causal_heading_continuous_waypoint_RNN_polynomial_Kalman,1,controlled_gt_jitter,8.0,-453.9927057374769,290.7201551936514,2.368622387523115,2.2407545588858087,0,0,6,-454.80620230996004,288.78715737694,-456.361328125,288.4794006347656,-1,-454.80621337890625,288.78717041015625,-454.80620230996004,288.78715737694,0.0,0,0.0,0.0,987,/yh/study/uav-sat/v36_GvsK/v36_training_data/routes/route_C/vi/vi_000987.jpg,-456.361328125,288.4794006347656,2120.414047589653,0.17712225926985434,10,0.11954353945641727,0.11954353945641727,1,0.11954353945641727,-36.9371805174386,-12.000000000000002,2120.414047589653,1.2821872878287521,-454.7990388247361,288.79874382826586,1.5945933440705153,3.6428168705366173,1,0.0,0,0,0.7888035597241299,1.0,2120.055419921875,3.3370048999786377,1,1,6,18,1,-31.64197212494425,-456.5887451171875,283.1734313964844,-449.44378662109375,285.48394775390625,1,-449.44378662109375,285.48394775390625,2126.69873046875,1.3432459831237793,0.3706924617290497,0.6517615914344788,4.0,4.0,1,2122.703369140625,1.0593149662017822,3.552958507083917,19.495712280273438,7.983470916748047,0.7888035597241299,2122.703369140625,1.0593149662017822,2122.703369140625,1.0593149662017822,0.0,0.0,0.0,1,0.14942942432052156,0.14942660471528804,-0.0009179629750380895,2.8428337574005127,-0.01846807263791561,0.6808411478996277,0.036779407411813736,-0.2157944240401977,0.0,-31.942802177367483,-31.942802177367483,4.994378340071118,3.1832313537597656,-0.012067504227161407,0.08819067137887522,1.0,2120.414047589653,1.2685651964005036,10,10,11,545.564665845287,0.001400321698877235,0.0,2.723290217944095,-454.80620230996004,288.78715737694,0.01454005440329742,0.11954353945641727,0.0,0,1.5852856250396892,nan
GT+smooth-jitter_controlled_forward3x6_SoftMS_local_prior_3frame_causal_heading_continuous_waypoint_RNN_polynomial_Kalman,1,controlled_gt_jitter,8.0,-453.9721892277854,290.7178940700425,2.2840363581521124,2.3174729274643853,0,0,6,-454.7565973984264,288.86738995578116,-456.2562255859375,288.4004211425781,-1,-454.756591796875,288.8674011230469,-454.7565973984264,288.86738995578116,0.0,0,0.0,0.0,988,/yh/study/uav-sat/v36_GvsK/v36_training_data/routes/route_C/vi/vi_000988.jpg,-456.2562255859375,288.4004211425781,2120.414047589653,0.1665549257450102,10,0.13146978323394207,0.13146978323394207,1,0.13146978323394207,-36.923097054430635,0.014083463007968249,2120.414047589653,1.2675229748203412,-454.8067503857771,288.78627090149143,1.4999527967017865,3.8199659437430764,1,0.0,0,0,0.6657004283702747,1.0,2120.073974609375,3.3460607528686523,1,1,6,18,1,-31.747262625950103,-456.5887451171875,283.1734313964844,-447.63092041015625,287.077392578125,1,-447.63092041015625,287.077392578125,2127.379150390625,3.658985137939453,0.5945163369178772,0.287417471408844,4.0,4.0,1,2123.383544921875,3.371044158935547,5.100973079477549,19.676372528076172,8.01747989654541,0.6657004283702747,2123.383544921875,3.371044158935547,2123.383544921875,3.371044158935547,0.0,0.0,0.0,1,0.16433722904242756,0.1643339241408211,-0.0010422215801624086,2.906308889389038,-0.018469562754034996,0.7044112086296082,0.03834247589111328,-0.37257465294973646,0.0,-32.09958240627702,-32.09958240627702,4.823514648153611,3.2584500312805176,-0.020487183704972267,0.1741974452351443,1.0,2120.414047589653,1.3628939510608036,10,10,11,545.564665845287,0.001400321698877235,0.0,2.774839106155096,-454.7565973984264,288.86738995578116,0.09432875466031479,0.13146978323394207,0.0,0,1.570651003018221,nan
GT+smooth-jitter_controlled_forward3x6_SoftMS_local_prior_3frame_causal_heading_continuous_waypoint_RNN_polynomial_Kalman,1,controlled_gt_jitter,8.0,-453.9634846744479,290.7199217436247,2.1972514095364706,2.391308462374693,0,0,6,-454.7129100391924,288.93805129526794,-456.1607360839844,288.32861328125,-1,-454.7129211425781,288.93804931640625,-454.7129100391924,288.93805129526794,0.0,0,0.0,0.0,989,/yh/study/uav-sat/v36_GvsK/v36_training_data/routes/route_C/vi/vi_000989.jpg,-456.1607360839844,288.32861328125,2120.414047589653,0.15691008200756523,10,0.11947641579732417,0.11947641579732417,1,0.11947641579732417,-36.943072292538396,-0.019975238107762413,2120.414047589653,1.3619457257647491,-454.75709604416903,288.86658343012414,1.5032023291801007,4.19759019787129,1,0.0,0,0,0.5538351761138812,1.0,2120.080078125,3.3524274826049805,1,1,6,18,1,-31.870574567740825,-456.5887451171875,283.1734313964844,-446.9238586425781,287.49554443359375,1,-446.9238586425781,287.49554443359375,2127.753173828125,4.390336513519287,0.7053967118263245,0.09964758157730103,4.0,4.0,1,2123.756591796875,4.087068557739258,5.7640123473498734,19.96384048461914,8.081169128417969,0.5538351761138812,2123.756591796875,4.087068557739258,2123.756591796875,3.625773766352653,0.0,0.4612947913866048,0.0,1,0.14934551974665522,0.14934250947799996,-0.0009482252960543179,2.9392709732055664,-0.02024271711707115,0.710852861404419,0.03782719373703003,-0.41761027897458247,0.0,-32.14461803230187,-32.14461803230187,4.798454260236528,3.294600009918213,-0.025342846289277077,0.13636720051200707,1.0,2120.414047589653,1.4459698817200655,10,10,11,545.564665845287,0.001400321698877235,0.0,2.819794557408242,-454.7129100391924,288.93805129526794,0.08307593065925994,0.11947641579732417,0.0,0,1.570864395454948,nan
GT+smooth-jitter_controlled_forward3x6_SoftMS_local_prior_3frame_causal_heading_continuous_waypoint_RNN_polynomial_Kalman,1,controlled_gt_jitter,8.0,-454.02854568863114,290.71663656542523,2.108356166837627,2.46221151659708,0,0,6,-454.6864985423066,288.9807700995292,-456.13690185546875,288.2544250488281,-1,-454.6864929199219,288.98077392578125,-454.6864985423066,288.9807700995292,0.0,0,0.0,0.0,990,/yh/study/uav-sat/v36_GvsK/v36_training_data/routes/route_C/vi/vi_000990.jpg,-456.13690185546875,288.2544250488281,2120.414047589653,0.10695081333634794,10,0.07792280974667928,0.07792280974667928,1,0.07792280974667928,-72.18950361207797,-12.000000000000002,2120.414047589653,1.4453222369321879,-454.7132506178688,288.9375004323663,1.5790423762254127,4.900430016809347,1,0.0,0,0,0.35194757300976665,1.0,2120.02685546875,3.314873218536377,1,1,6,18,1,-31.966489793677404,-442.3945007324219,283.08380126953125,-446.46588134765625,288.56744384765625,1,-446.46588134765625,288.56744384765625,2127.5673828125,5.541051864624023,0.7565086483955383,0.030137166380882263,4.0,4.0,1,2123.570556640625,5.238489627838135,6.481325054186245,20.129405975341797,8.11622428894043,0.35194757300976665,2123.570556640625,5.238489627838135,2123.570556640625,3.376035732398303,0.0,1.862453895439832,0.0,1,0.0974035121833491,0.09740135903508006,-0.0006476447878776233,2.9699931144714355,-0.02105320617556572,0.7184141278266907,0.03794556111097336,-0.49694140539997317,0.0,-32.22394915872726,-32.22394915872726,39.96555445335071,3.329056978225708,-0.030955016613006592,0.03244308845745745,1.0,2120.414047589653,1.4961940134224796,10,10,11,545.564665845287,0.001400321698877235,0.0,2.8920703047247565,-454.6864985423066,288.9807700995292,0.050224131702415464,0.07792280974667928,0.0,0,1.622111865288488,nan
GT+smooth-jitter_controlled_forward3x6_SoftMS_local_prior_3frame_causal_heading_continuous_waypoint_RNN_polynomial_Kalman,1,controlled_gt_jitter,8.0,-454.09562805314374,290.7103410135079,2.0174395738093636,2.530134714679748,0,0,6,-454.65842906897956,289.02617056819474,-456.1130676269531,288.1802062988281,-1,-454.6584167480469,289.02618408203125,-454.65842906897956,289.02617056819474,0.0,0,0.0,0.0,991,/yh/study/uav-sat/v36_GvsK/v36_training_data/routes/route_C/vi/vi_000991.jpg,-456.1130676269531,288.1802062988281,2120.414047589653,0.056965752958919216,10,0.07795186527914218,0.07795186527914218,1,0.07795186527914218,-72.19636453723348,-0.006860925155509938,2120.414047589653,1.4955223212642625,-454.6868517668372,288.98019878281633,1.6352613412185235,4.756252699161281,1,0.0,0,0,0.6100280778444186,1.0,2119.9736328125,3.2736942768096924,1,1,6,18,1,-32.05660055943866,-456.5887451171875,283.1734313964844,-447.437744140625,287.1739501953125,1,-447.437744140625,287.1739501953125,2127.49072265625,3.84385085105896,0.6957387924194336,0.14493882656097412,4.0,4.0,1,2123.49365234375,3.5294864177703857,5.176347762395827,20.262163162231445,8.1448974609375,0.6100280778444186,2123.49365234375,3.5294864177703857,2123.49365234375,3.5294864177703857,0.0,0.0,0.0,1,0.09743983159892772,0.09743751644860403,-0.0006716921582171048,2.9920339584350586,-0.022074159234762192,0.7286292910575867,0.037772808223962784,-0.5707666789828196,0.0,-32.297774432310106,-32.297774432310106,39.89859010492338,3.3561503887176514,-0.036622174084186554,0.13463717657469002,1.0,2120.414047589653,1.5495709549600905,10,10,11,545.564665845287,0.001400321698877235,0.0,2.9140820931559164,-454.65842906897956,289.02617056819474,0.05337694153760242,0.07795186527914218,0.0,0,1.6827444486280188,nan
GT+smooth-jitter_controlled_forward3x6_SoftMS_local_prior_3frame_causal_heading_continuous_waypoint_RNN_polynomial_Kalman,1,controlled_gt_jitter,8.0,-454.1646425366297,290.70102044058655,1.9245908618077867,2.5950328917584473,0,0,6,-454.75542534651964,289.02590270953004,-456.0892333984375,288.1059875488281,-1,-454.75543212890625,289.0259094238281,-454.75542534651964,289.02590270953004,0.0,0,0.0,0.0,992,/yh/study/uav-sat/v36_GvsK/v36_training_data/routes/route_C/vi/vi_000992.jpg,-456.0892333984375,288.1059875488281,2120.414047589653,0.006980692581477151,10,0.07795186527914218,0.07795186527914218,1,0.07795186527914218,-72.19636453723348,0.0,2120.414047589653,1.5488731083138245,-454.6587960474399,289.02557700543366,1.7005280896912687,4.516213748392916,1,0.0,0,0,0.6599069314039127,1.0,2119.920166015625,3.228926181793213,1,1,6,18,1,-32.14101139893541,-456.5887451171875,283.1734313964844,-453.1664123535156,287.1400146484375,1,-453.1664123535156,287.1400146484375,2122.66748046875,0.752963125705719,0.6050499677658081,0.2992260456085205,4.0,4.0,1,2118.670166015625,0.44151511788368225,1.1003282584265657,20.358381271362305,8.164081573486328,0.6599069314039127,2118.670166015625,0.44151511788368225,2118.670166015625,0.44151511788368225,0.0,0.0,0.0,1,0.0974398315989277,0.09743733264044992,-0.0006978466462658873,3.0169732570648193,-0.022292453795671463,0.7340368628501892,0.038192618638277054,-0.6431813050586468,0.0,-32.36983524014333,-32.36983524014333,39.82652929709015,3.3837428092956543,-0.041182588785886765,0.04796923941096012,1.0,2120.3316919167087,1.4974934750293962,10,10,11,545.6470215182312,0.0012495781598304738,0.08235567294423163,2.939021391785677,-454.75542534651964,289.02590270953004,0.09699664738998778,0.07795186527914218,0.019044782110845607,0,1.6202739960420718,nan
GT+smooth-jitter_controlled_forward3x6_SoftMS_local_prior_3frame_causal_heading_continuous_waypoint_RNN_polynomial_Kalman,1,controlled_gt_jitter,8.0,-454.2831681023707,290.73684960646,1.8298995245823906,2.6568630341943615,0,0,6,-454.79804479349554,289.0366801891602,-456.1130676269531,288.0799865722656,-1,-454.79803466796875,289.03668212890625,-454.79804479349554,289.0366801891602,0.0,0,0.0,0.0,993,/yh/study/uav-sat/v36_GvsK/v36_training_data/routes/route_C/vi/vi_000993.jpg,-456.1130676269531,288.0799865722656,2120.414047589653,-0.027734210239358275,10,0.03527210273202756,0.03527210273202756,1,0.03527210273202756,-132.51044707800085,-12.000000000000002,2120.3757808743167,1.4971721641315259,-454.7183287537896,289.00205952752526,1.6719793835854322,4.477026088269274,1,0.0,0,0,0.6043122427499668,1.0,2119.801025390625,3.195850133895874,1,1,6,18,1,-32.22105434001755,-456.5887451171875,283.1734313964844,-452.7767333984375,287.57769775390625,1,-452.7767333984375,287.57769775390625,2122.7626953125,1.3311671018600464,0.7061312198638916,0.13137736916542053,4.0,4.0,1,2118.765380859375,1.0192363262176514,1.3866717043888006,20.434513092041016,8.179759979248047,0.6043122427499668,2118.765380859375,1.0192363262176514,2118.765380859375,1.0192363262176514,0.0,0.0,0.0,1,0.04409012841503446,0.04408895760801267,-0.0003213108978703413,3.033236503601074,-0.022471994161605835,0.73789381980896,0.038447026163339615,-0.6963930677263948,0.0,-32.42288193653002,-32.42288193653002,100.08756514147085,3.40189266204834,-0.04459856078028679,0.029156952996855133,1.0,2120.2897757964365,1.4838194747003106,10,10,11,545.6889376385034,0.0011728550381917959,0.12427179321639414,2.9979644008690465,-454.79804479349554,289.0366801891602,0.04396102054900119,0.03527210273202756,0.008688917816973625,0,1.6262065456520876,nan
GT+smooth-jitter_controlled_forward3x6_SoftMS_local_prior_3frame_causal_heading_continuous_waypoint_RNN_polynomial_Kalman,1,controlled_gt_jitter,8.0,-454.4034465568249,290.76960033549807,1.7334552986438476,2.7155842222168465,0,0,6,-454.8399317289996,289.050006155375,-456.13690185546875,288.05401611328125,-1,-454.8399353027344,289.0500183105469,-454.8399317289996,289.050006155375,0.0,0,0.0,0.0,994,/yh/study/uav-sat/v36_GvsK/v36_training_data/routes/route_C/vi/vi_000994.jpg,-456.13690185546875,288.05401611328125,2120.414047589653,-0.06242332135405567,10,0.0352496126048803,0.0352496126048803,1,0.0352496126048803,-132.54396585174678,-0.033518773745919016,2120.333836620578,1.4834954246208483,-454.76097369208037,289.0128498852524,1.6770630617474662,4.408458590277715,1,0.0,0,0,0.6220987455881015,1.0,2119.681884765625,3.1592354774475098,1,1,6,18,1,-32.29164053420561,-456.5887451171875,283.1734313964844,-452.9212951660156,287.712890625,1,-452.9212951660156,287.712890625,2122.568359375,1.3681501150131226,0.6737921237945557,0.1789666712284088,4.0,4.0,1,2118.571044921875,1.0601553916931152,1.5694820551952346,20.487070083618164,8.18943977355957,0.6220987455881015,2118.571044921875,1.0601553916931152,2118.571044921875,1.0601553916931152,0.0,0.0,0.0,1,0.044062015756100366,0.04406082414159814,-0.000324050079462369,3.0529584884643555,-0.02264014445245266,0.7446959614753723,0.03882037103176117,-0.7642417123420684,0.0,-32.49057313105132,-32.49057313105132,100.05339272069546,3.4249587059020996,-0.048916883766651154,0.035576411074128386,1.0,2120.2471422625226,1.4726909968843303,10,10,11,545.7315711724173,0.0010948187651034656,0.16690532713028006,3.017708875859475,-454.8399317289996,289.050006155375,0.04395562241032774,0.0352496126048803,0.008706009805447439,0,1.635276023460049,nan
GT+smooth-jitter_controlled_forward3x6_SoftMS_local_prior_3frame_causal_heading_continuous_waypoint_RNN_polynomial_Kalman,1,controlled_gt_jitter,8.0,-454.52538793500275,290.7992032292392,1.6353481489816035,2.771157574942336,0,0,6,-454.88288707143465,289.05915545180017,-456.1607360839844,288.0280456542969,-1,-454.88287353515625,289.05914306640625,-454.88288707143465,289.05915545180017,0.0,0,0.0,0.0,995,/yh/study/uav-sat/v36_GvsK/v36_training_data/routes/route_C/vi/vi_000995.jpg,-456.1607360839844,288.0280456542969,2120.414047589653,-0.09711243246870502,10,0.0352496126048803,0.0352496126048803,1,0.0352496126048803,-132.54396585174678,0.0,2120.2912030756725,1.4723654557229129,-454.8028616867742,289.0261747534172,1.6852550480890702,4.332987512170016,1,0.0,0,0,0.6360452966726199,1.0,2119.64892578125,3.1190714836120605,1,1,6,18,1,-32.36121451705343,-456.5887451171875,283.1734313964844,-452.9381103515625,287.5525817871094,1,-452.9381103515625,287.5525817871094,2122.639892578125,1.2236778736114502,0.6484347581863403,0.15116654336452484,4.0,4.0,1,2118.642333984375,0.9161121845245361,1.4369192495506042,20.559890747070312,8.20450210571289,0.6360452966726199,2118.642333984375,0.9161121845245361,2118.642333984375,0.9161121845245361,0.0,0.0,0.0,1,0.04406201575610037,0.04406081315004366,-0.00032554116141731115,3.0705409049987793,-0.02293674647808075,0.7496890425682068,0.03902799263596535,-0.8202330951977471,0.0,-32.54642191267366,-32.54642191267366,99.99754393907311,3.4449832439422607,-0.052744053304195404,0.03412406382347721,1.0,2120.2057959459516,1.4574613107903827,10,10,11,545.7729174889882,0.0010191386101895737,0.20825164370126004,3.035291292393899,-454.88288707143465,289.05915545180017,0.04391891470412202,0.0352496126048803,0.008669302099241723,0,1.641976100124962,nan
GT+smooth-jitter_controlled_forward3x6_SoftMS_local_prior_3frame_causal_heading_continuous_waypoint_RNN_polynomial_Kalman,1,controlled_gt_jitter,8.0,-454.608039015509,290.88500860046855,1.5356682598816132,2.823546198124806,0,0,6,-454.92906259479383,289.06619372847723,-456.1437072753906,288.06146240234375,-1,-454.9290771484375,289.0661926269531,-454.92906259479383,289.06619372847723,0.0,0,0.0,0.0,996,/yh/study/uav-sat/v36_GvsK/v36_training_data/routes/route_C/vi/vi_000996.jpg,-456.1437072753906,288.06146240234375,2120.414047589653,-0.05976792009058728,10,0.03750545789816327,0.03750545789816327,1,0.03750545789816327,62.997107502508335,-12.000000000000002,2120.2526764731074,1.4571128246441054,-454.8434460807039,289.0337973096828,1.6236115133978837,4.2352592473140405,1,0.0,0,0,0.6607232825792209,1.0,2119.64892578125,3.1474087238311768,1,1,6,18,1,-32.426000941601636,-456.5887451171875,283.1734313964844,-453.0144348144531,287.47357177734375,1,-453.0144348144531,287.47357177734375,2122.617431640625,1.1161046028137207,0.6035656929016113,0.1821555495262146,4.0,4.0,1,2118.619873046875,0.8075929880142212,1.352841465803858,20.613685607910156,8.21587085723877,0.6607232825792209,2118.619873046875,0.8075929880142212,2118.619873046875,0.8075929880142212,0.0,0.0,0.0,1,0.046881822372704086,0.04688052715564993,-0.00034848614627732593,3.08392333984375,-0.022761456668376923,0.7519113421440125,0.039488062262535095,-0.8543929523102436,0.0,-32.58044412422459,-32.58044412422459,95.57755162673293,3.459449291229248,-0.0546087920665741,0.03704655438063522,1.0,2120.162820444911,1.4387260077692716,10,10,11,545.8158929900287,0.0009404764016549465,0.25122714474173335,3.0464178819455867,-454.92906259479383,289.06619372847723,0.046708846015259715,0.03750545789816327,0.009203388117096443,0,1.5763396644809848,nan
GT+smooth-jitter_controlled_forward3x6_SoftMS_local_prior_3frame_causal_heading_continuous_waypoint_RNN_polynomial_Kalman,1,controlled_gt_jitter,8.0,-454.6921724362215,290.96756376778717,1.434506030575366,2.8727151349746425,0,0,6,-454.9744503035368,289.07721049869275,-456.1266784667969,288.0948486328125,-1,-454.9744567871094,289.07720947265625,-454.9744503035368,289.07721049869275,0.0,0,0.0,0.0,997,/yh/study/uav-sat/v36_GvsK/v36_training_data/routes/route_C/vi/vi_000997.jpg,-456.1266784667969,288.0948486328125,2120.414047589653,-0.022449199418686012,10,0.037478269797778345,0.037478269797778345,1,0.037478269797778345,62.97592472200855,-0.021182780499789115,2120.209666998018,1.4383791406665831,-454.88964976350655,289.0408553081862,1.5572952971789833,4.197089455202895,1,0.0,0,0,0.6492374228275195,1.0,2119.64892578125,3.1722068786621094,1,1,6,18,1,-32.480011571460025,-456.5887451171875,283.1734313964844,-452.91864013671875,287.599365234375,1,-452.91864013671875,287.599365234375,2122.63134765625,1.273624300956726,0.6244490742683411,0.16513033211231232,4.0,4.0,1,2118.633544921875,0.9587124586105347,1.416338908339793,20.724956512451172,8.239978790283203,0.6492374228275195,2118.633544921875,0.9587124586105347,2118.633544921875,0.9587124586105347,0.0,0.0,0.0,1,0.04684783724722293,0.046846553106449154,-0.0003468671026884418,3.100015878677368,-0.023631474003195763,0.7580074667930603,0.039235468953847885,-0.8948891972601021,0.0,-32.62080953039642,-32.62080953039642,95.59673425240497,3.478532552719116,-0.05834902450442314,0.032178858118262585,1.0,2120.118422587938,1.423774414177547,10,10,11,545.860290847002,0.0008592107177380403,0.29562500171505235,3.0625376088795897,-454.9744503035368,289.07721049869275,0.04670560277865755,0.037478269797778345,0.009227332980879202,0,1.5141547396965134,nan
GT+smooth-jitter_controlled_forward3x6_SoftMS_local_prior_3frame_causal_heading_continuous_waypoint_RNN_polynomial_Kalman,1,controlled_gt_jitter,8.0,-454.7776975827738,291.04686618364644,1.3319520754293346,2.9186313203651855,0,0,6,-455.0206826672372,289.0835849115292,-456.1096496582031,288.12823486328125,-1,-455.02069091796875,289.0835876464844,-455.0206826672372,289.0835849115292,0.0,0,0.0,0.0,998,/yh/study/uav-sat/v36_GvsK/v36_training_data/routes/route_C/vi/vi_000998.jpg,-456.1096496582031,288.12823486328125,2120.414047589653,0.014869521253263303,10,0.037478269797778345,0.037478269797778345,1,0.037478269797778345,62.97592472200855,0.0,2120.165269098807,1.4234218888162022,-454.9350407735659,289.0518674676316,1.4942567449028727,4.199829348079588,1,0.0,0,0,0.6369862543380633,1.0,2119.64892578125,3.193512201309204,1,1,6,18,1,-32.52924633546688,-456.5887451171875,283.1734313964844,-453.101806640625,287.4792175292969,1,-453.101806640625,287.4792175292969,2122.540771484375,1.0741722583770752,0.6467239260673523,0.12096256017684937,4.0,4.0,1,2118.54296875,0.75943523645401,1.3356812359181764,20.76232147216797,8.247638702392578,0.6369862543380633,2118.54296875,0.75943523645401,2118.54296875,0.75943523645401,0.0,0.0,0.0,1,0.04684783724722293,0.04684651086913408,-0.0003525253613447888,3.1089906692504883,-0.023678112775087357,0.7596280574798584,0.039412882179021835,-0.9261679952033226,0.0,-32.6519734905827,-32.6519734905827,95.62789821259125,3.4882848262786865,-0.06036411225795746,0.03560822931907378,1.0,2120.075747123663,1.404447629559529,10,10,11,545.9029663112769,0.000781097695461853,0.3383004659899598,3.07151239945271,-455.0206826672372,289.0835849115292,0.04666973957864087,0.037478269797778345,0.009191469780862528,0,1.4486348132295856,nan
GT+smooth-jitter_controlled_forward3x6_SoftMS_local_prior_3frame_causal_heading_continuous_waypoint_RNN_polynomial_Kalman,1,controlled_gt_jitter,8.0,-454.85771820131987,291.1080530895064,1.2280972283676477,2.9612635387251713,0,0,6,-455.05824187313414,289.0851259813156,-456.0858154296875,288.14678955078125,-1,-455.0582275390625,289.0851135253906,-455.05824187313414,289.0851259813156,0.0,0,0.0,0.0,999,/yh/study/uav-sat/v36_GvsK/v36_training_data/routes/route_C/vi/vi_000999.jpg,-456.0858154296875,288.14678955078125,2120.414047589653,0.04329124775851787,10,0.03020508032033168,0.03020508032033168,1,0.03020508032033168,37.90036946224747,-12.000000000000002,2120.113502390792,1.4041616232779317,-454.98892237286094,289.06315860650034,1.4293028455837502,4.168266386890357,1,0.0,0,0,0.6570320324933902,1.0,2119.64892578125,3.2024495601654053,1,1,6,18,1,-32.57213731569095,-456.5887451171875,283.1734313964844,-453.157958984375,287.3193054199219,1,-453.157958984375,287.3193054199219,2122.57861328125,0.9090080261230469,0.6102770566940308,0.15689241886138916,4.0,4.0,1,2118.580810546875,0.5930758714675903,1.2133341130265363,20.798110961914062,8.255271911621094,0.6570320324933902,2118.580810546875,0.5930758714675903,2118.580810546875,0.5930758714675903,0.0,0.0,0.0,1,0.03775635040041459,0.03775526712878316,-0.0002860062815973395,3.117931842803955,-0.0239555723965168,0.7639304399490356,0.03944410756230354,-0.9618760107407377,0.0,-32.687600648455344,-32.687600648455344,70.58797011070281,3.499332904815674,-0.0629860982298851,0.03636972931916304,1.0,2120.0429900839326,1.385672157697254,10,10,11,545.9357233510073,0.000721139323183278,0.3710575057202732,3.0877267624836233,-455.05824187313414,289.0851259813156,0.03759080796808194,0.03020508032033168,0.007385727647750258,0,1.3915396764001111,nan
GT+smooth-jitter_controlled_forward3x6_SoftMS_local_prior_3frame_causal_heading_continuous_waypoint_RNN_polynomial_Kalman,1,controlled_gt_jitter,8.0,-454.9389791675483,291.1659266241765,1.1230325512016777,3.000582385895282,0,0,6,-455.0949191367368,289.0934334606461,-456.06201171875,288.16534423828125,-1,-455.09490966796875,289.09344482421875,-455.0949191367368,289.0934334606461,0.0,0,0.0,0.0,1000,/yh/study/uav-sat/v36_GvsK/v36_training_data/routes/route_C/vi/vi_001000.jpg,-456.06201171875,288.16534423828125,2120.414047589653,0.07169666137120569,10,0.030181005328164822,0.030181005328164822,1,0.030181005328164822,37.935958207199555,0.03558874495208835,2120.0807152411144,1.3853841347514002,-455.0265082659545,289.06471416695325,1.371544264451911,4.183758979345346,1,0.0,0,0,0.6389506177938358,1.0,2119.05029296875,3.2142324447631836,1,1,6,18,1,-32.6125248895394,-456.5887451171875,283.1734313964844,-452.7541198730469,287.5251770019531,1,-452.7541198730469,287.5251770019531,2122.81005859375,1.2988674640655518,0.6431523561477661,0.12407596409320831,4.0,4.0,1,2118.812255859375,0.9813470840454102,1.2524135080535985,20.831777572631836,8.262006759643555,0.6389506177938358,2118.812255859375,0.9813470840454102,2118.812255859375,0.9813470840454102,0.0,0.0,0.0,1,0.03772625666020602,0.03772515718157316,-0.00028802294585373515,3.1237006187438965,-0.02384096197783947,0.76308274269104,0.03966309130191803,-0.9764899475219204,0.0,-32.70213398771702,-32.70213398771702,70.63809219491658,3.504664182662964,-0.0637456551194191,0.0206739734691413,1.0,2120.0074248636784,1.373087025601373,10,10,11,545.9712885712615,0.0006560408669817388,0.4066227259745574,3.0935196134157317,-455.0949191367368,289.0934334606461,0.03760632763518754,0.030181005328164822,0.007425322307022721,0,1.3403796726505464,nan
GT+smooth-jitter_controlled_forward3x6_SoftMS_local_prior_3frame_causal_heading_continuous_waypoint_RNN_polynomial_Kalman,1,controlled_gt_jitter,8.0,-455.02132814470934,291.22045916098597,1.0168493455250067,3.0365602352046976,0,0,6,-455.1324907112556,289.09265580942116,-456.0381774902344,288.18389892578125,-1,-455.1324768066406,289.0926513671875,-455.1324907112556,289.09265580942116,0.0,0,0.0,0.0,1001,/yh/study/uav-sat/v36_GvsK/v36_training_data/routes/route_C/vi/vi_001001.jpg,-456.0381774902344,288.18389892578125,2120.414047589653,0.1001183878765083,10,0.03020508032033168,0.03020508032033168,1,0.03020508032033168,37.90036946224747,-0.03558874495208835,2120.0451801141185,1.3727988246931468,-455.0631603675677,289.07300551859186,1.3195336005090779,4.160261134140854,1,0.0,0,0,0.6583131419456378,1.0,2118.951416015625,3.217313766479492,1,1,6,18,1,-32.64386062922016,-456.5887451171875,283.1734313964844,-453.0608825683594,287.22991943359375,1,-453.0608825683594,287.22991943359375,2122.70849609375,0.8853554725646973,0.6079477667808533,0.2901253402233124,4.0,4.0,1,2118.710693359375,0.5734958648681641,1.0819077303081395,20.84957504272461,8.26492691040039,0.6583131419456378,2118.710693359375,0.5734958648681641,2118.710693359375,0.5734958648681641,0.0,0.0,0.0,1,0.0377563504004146,0.03775525044010945,-0.0002882009082261551,3.1329503059387207,-0.02413482405245304,0.7665237784385681,0.03965557739138603,-1.020516172973059,0.0,-32.746095002731956,-32.746095002731956,70.64646446497942,3.515577793121338,-0.0669315904378891,0.029384521851456378,1.0,2119.975876202688,1.3523451841866183,10,10,11,546.0028372322517,0.0005982943069715824,0.4381713869647683,3.102745225618389,-455.1324907112556,289.09265580942116,0.037579621515551526,0.03020508032033168,0.007374541195219846,0,1.2830072545312516,nan
GT+smooth-jitter_controlled_forward3x6_SoftMS_local_prior_3frame_causal_heading_continuous_waypoint_RNN_polynomial_Kalman,1,controlled_gt_jitter,8.0,-455.14553661343285,291.2827332197197,0.9096391678171358,3.0691712080009865,0,0,6,-455.1719987182936,289.1087525224397,-456.05517578125,288.21356201171875,-1,-455.1719970703125,289.1087646484375,-455.1719987182936,289.1087525224397,0.0,0,0.0,0.0,1002,/yh/study/uav-sat/v36_GvsK/v36_training_data/routes/route_C/vi/vi_001002.jpg,-456.05517578125,288.21356201171875,2120.414047589653,0.11610164512998326,10,0.03418831035291724,0.03418831035291724,1,0.03418831035291724,119.81466133049338,12.000000000000002,2120.0186103329693,1.3520173250914826,-455.09654487981464,289.0695326875549,1.2851688616980081,4.615367310447202,1,0.0,0,0,0.3901022480762378,1.0,2118.813232421875,3.204967975616455,1,1,6,18,1,-32.679634271327934,-456.5887451171875,283.1734313964844,-453.09136962890625,287.8974609375,1,-453.09136962890625,287.8974609375,2122.325927734375,1.4332267045974731,0.6271277070045471,0.016935229301452637,4.0,4.0,1,2118.327880859375,1.109291434288025,1.6562867658457103,20.911998748779297,8.279651641845703,0.3901022480762378,2118.327880859375,1.109291434288025,2118.327880859375,1.109291434288025,0.0,0.0,0.0,1,0.04273538794114655,0.042734130281240436,-0.00032785909513572065,3.138467311859131,-0.0241339560598135,0.7692898511886597,0.039823442697525024,-1.0187424582229714,0.0,-32.74424355288172,-32.74424355288172,152.5589048833751,3.5224802494049072,-0.06686064600944519,0.015456881384734483,1.0,2119.9338067585563,1.3448301823291453,10,10,11,546.0449066763836,0.0005212905418702554,0.4802408310965802,3.104279001506214,-455.1719987182936,289.1087525224397,0.04266130319286703,0.03418831035291724,0.008472992839949796,0,1.2575244629895543,nan
GT+smooth-jitter_controlled_forward3x6_SoftMS_local_prior_3frame_causal_heading_continuous_waypoint_RNN_polynomial_Kalman,1,controlled_gt_jitter,8.0,-455.2707107424579,291.3416467640775,0.8014938473858566,3.098391148843101,0,0,6,-455.2143404055824,289.10430162450007,-456.07220458984375,288.2432556152344,-1,-455.21435546875,289.10430908203125,-455.2143404055824,289.10430162450007,0.0,0,0.0,0.0,1003,/yh/study/uav-sat/v36_GvsK/v36_training_data/routes/route_C/vi/vi_001003.jpg,-456.07220458984375,288.2432556152344,2120.414047589653,0.1320943811970728,10,0.03422996365562942,0.03422996365562942,1,0.03422996365562942,119.8335841911508,0.01892286065742081,2119.976592950738,1.344501507500283,-455.1360095372708,289.0856010142688,1.259367677740093,4.42093922115348,1,0.0,0,0,0.6662174748218432,1.0,2118.67578125,3.189256429672241,1,1,6,18,1,-32.70221778918458,-456.5887451171875,283.1734313964844,-453.1739501953125,287.11590576171875,1,-453.1739501953125,287.11590576171875,2122.673828125,0.728558361530304,0.5935762524604797,0.27417370676994324,4.0,4.0,1,2118.676025390625,0.4162231683731079,0.9888133782785479,20.895095825195312,8.274014472961426,0.6662174748218432,2118.676025390625,0.4162231683731079,2118.676025390625,0.4162231683731079,0.0,0.0,0.0,1,0.042787454569536774,0.04278619218155602,-0.0003286748288622167,3.144620180130005,-0.02447383850812912,0.7705307602882385,0.0397048145532608,-1.0660386367392536,0.0,-32.791485125564336,-32.791485125564336,152.62506931671516,3.529188394546509,-0.07029348611831665,0.029636616670150013,1.0,2119.9001318803876,1.3184338028644602,10,10,11,546.0785815545523,0.0004596521612869774,0.5139157092653477,3.1103902164743755,-455.2143404055824,289.10430162450007,0.04257498062162136,0.03422996365562942,0.008345016965991936,0,1.215455136445102,nan
GT+smooth-jitter_controlled_forward3x6_SoftMS_local_prior_3frame_causal_heading_continuous_waypoint_RNN_polynomial_Kalman,1,controlled_gt_jitter,8.0,-455.39672789167105,291.397146824293,0.6925055067664759,3.1241976055429532,0,0,6,-455.25674131220245,289.1085495039295,-456.0892333984375,288.27294921875,-1,-455.2567443847656,289.1085510253906,-455.25674131220245,289.1085495039295,0.0,0,0.0,0.0,1004,/yh/study/uav-sat/v36_GvsK/v36_training_data/routes/route_C/vi/vi_001004.jpg,-456.0892333984375,288.27294921875,2120.414047589653,0.14808711726416582,10,0.03422996365562942,0.03422996365562942,1,0.03422996365562942,119.8335841911508,0.0,2119.942918054221,1.3181027481398935,-455.1783526906682,289.08114822496367,1.2177394209891867,4.347692454576163,1,0.0,0,0,0.6391224967277422,1.0,2118.539306640625,3.1701979637145996,1,1,6,18,1,-32.73344495545425,-456.5887451171875,283.1734313964844,-452.8333740234375,287.391845703125,1,-452.8333740234375,287.391845703125,2122.814208984375,1.1438188552856445,0.6428398489952087,0.18982669711112976,4.0,4.0,1,2118.816162109375,0.8237766623497009,1.0292894404101685,20.9453067779541,8.285669326782227,0.6391224967277422,2118.816162109375,0.8237766623497009,2118.816162109375,0.8237766623497009,0.0,0.0,0.0,1,0.042787454569536774,0.042786173833488726,-0.00033105472456681893,3.1497251987457275,-0.024286387488245964,0.7709349393844604,0.03996964544057846,-1.0622477750281907,0.0,-32.78764041815653,-32.78764041815653,152.62122460930735,3.534505605697632,-0.06983856111764908,0.017104548582246023,1.0,2119.861832080578,1.2993578598187732,10,10,11,546.1168813543618,0.0003895483401213022,0.5522155090748129,3.115495235090098,-455.25674131220245,289.1085495039295,0.042613159491524465,0.03422996365562942,0.008383195835895044,0,1.1795214751059275,nan
GT+smooth-jitter_controlled_forward3x6_SoftMS_local_prior_3frame_causal_heading_continuous_waypoint_RNN_polynomial_Kalman,1,controlled_gt_jitter,8.0,-455.5390901052686,291.3958373923413,0.5827665841845112,3.146569814216337,0,0,6,-455.30626887281977,289.1167809855954,-456.1218566894531,288.249267578125,-1,-455.3062744140625,289.1167907714844,-455.30626887281977,289.1167809855954,0.0,0,0.0,0.0,1005,/yh/study/uav-sat/v36_GvsK/v36_training_data/routes/route_C/vi/vi_001005.jpg,-456.1218566894531,288.249267578125,2120.414047589653,0.11063427104355837,10,0.040312519387676694,0.040312519387676694,1,0.040312519387676694,-144.02364972559255,12.000000000000002,2119.9122212272405,1.2989687211554062,-455.21435852304256,289.0812825867105,1.2311790676217718,4.2931027118572365,1,0.0,0,0,0.6409000905192271,1.0,2118.4189453125,3.0942234992980957,1,1,6,18,1,-32.75240517080249,-456.5887451171875,283.1734313964844,-452.9911804199219,287.4911804199219,1,-452.9911804199219,287.4911804199219,2122.627685546875,1.1434168815612793,0.6363924145698547,0.11929260194301605,4.0,4.0,1,2118.629638671875,0.8282911777496338,1.1887108789093317,20.947357177734375,8.285055160522461,0.6409000905192271,2118.629638671875,0.8282911777496338,2118.629638671875,0.8282911777496338,0.0,0.0,0.0,1,0.05039064923459586,0.05038914666259739,-0.000389138663366917,3.156550407409668,-0.02442234754562378,0.7736284136772156,0.04002831503748894,-1.09481187583499,0.0,-32.82015104305611,-32.82015104305611,111.20349868253645,3.542633533477783,-0.0721101313829422,0.021387978933072822,1.0,2119.815375259532,1.2798391173236887,10,10,11,546.1633381754077,0.00030451393548391236,0.5986723301207348,3.1162378880219914,-455.30626887281977,289.1167809855954,0.050206937280805254,0.040312519387676694,0.00989441789312856,0,1.1906985339630307,nan
GT+smooth-jitter_controlled_forward3x6_SoftMS_local_prior_3frame_causal_heading_continuous_waypoint_RNN_polynomial_Kalman,1,controlled_gt_jitter,8.0,-455.6791194001313,291.39321085744683,0.47236985768121925,3.1654886894780674,0,0,6,-455.35145237315567,289.12308473687744,-456.1514892578125,288.22772216796875,-1,-455.3514404296875,289.1230773925781,-455.35145237315567,289.12308473687744,0.0,0,0.0,0.0,1006,/yh/study/uav-sat/v36_GvsK/v36_training_data/routes/route_C/vi/vi_001006.jpg,-456.1514892578125,288.22772216796875,2120.414047589653,0.07658550773357209,10,0.03663732804632555,0.03663732804632555,1,0.03663732804632555,-143.97964428642885,0.04400543916372016,2119.8611705512035,1.2794850930035295,-455.26775048300004,289.0919997873005,1.2361108467224007,4.241568594409039,1,0.0,0,0,0.6486748414075747,1.0,2118.30126953125,3.018355369567871,1,1,6,18,1,-32.77608683412637,-456.5887451171875,283.1734313964844,-452.89837646484375,287.44708251953125,1,-452.89837646484375,287.44708251953125,2122.729736328125,1.1557554006576538,0.6254719495773315,0.15503907203674316,4.0,4.0,1,2118.731689453125,0.836682915687561,1.1265319300156988,20.983444213867188,8.293157577514648,0.6486748414075747,2118.731689453125,0.836682915687561,2118.731689453125,0.836682915687561,0.0,0.0,0.0,1,0.04579666005790694,0.04579529167109021,-0.0003540243201591333,3.160813808441162,-0.024534212425351143,0.7748019099235535,0.04005727544426918,-1.1023662785004358,0.0,-32.827668500110825,-32.827668500110825,111.15197578631802,3.547471284866333,-0.07276789844036102,0.017277352575622056,1.0,2119.773626944148,1.2610132777665979,10,10,11,546.2050864907919,0.0002280979633320249,0.6404206455049462,3.1241764803948366,-455.35145237315567,289.12308473687744,0.04562111334491289,0.03663732804632555,0.008983785298587336,0,1.200721927264672,nan
GT+smooth-jitter_controlled_forward3x6_SoftMS_local_prior_3frame_causal_heading_continuous_waypoint_RNN_polynomial_Kalman,1,controlled_gt_jitter,8.0,-455.8197438732588,291.3871135777033,0.3614084704912264,3.1809368198908317,0,0,6,-455.3922895167157,289.1437847457506,-456.18115234375,288.2061767578125,-1,-455.3923034667969,289.143798828125,-455.3922895167157,289.1437847457506,0.0,0,0.0,0.0,1007,/yh/study/uav-sat/v36_GvsK/v36_training_data/routes/route_C/vi/vi_001007.jpg,-456.18115234375,288.2061767578125,2120.414047589653,0.04252043153097537,10,0.03666201530380662,0.03666201530380662,1,0.03666201530380662,-144.00769134706283,-0.0280470606339783,2119.819453087834,1.2606582222125522,-455.31290868107294,289.09828631185394,1.2448720874816386,4.731186722509207,1,0.0,0,0,0.35553889441851527,1.0,2118.184814453125,2.9392223358154297,1,1,6,18,1,-32.7941233376247,-456.5887451171875,283.1734313964844,-452.9972229003906,287.8954772949219,1,-452.9972229003906,287.8954772949219,2122.406494140625,1.4818754196166992,0.6534799337387085,0.00890737771987915,4.0,4.0,1,2118.408447265625,1.1674227714538574,1.6019899990897188,20.986282348632812,8.292601585388184,0.35553889441851527,2118.408447265625,1.1674227714538574,2118.408447265625,1.1674227714538574,0.0,0.0,0.0,1,0.045827519129758264,0.04582614368613075,-0.0003550555540457286,3.166517734527588,-0.024396803230047226,0.7748952507972717,0.04027959704399109,-1.1232842664421288,0.0,-32.84855818608122,-32.84855818608122,111.1591331609816,3.553199052810669,-0.07392724603414536,0.008966455745175418,1.0,2119.7280049067804,1.2566783941422064,10,10,11,546.2507085281595,0.00014459154385353177,0.6860426828725394,3.1298557192237815,-455.3922895167157,289.1437847457506,0.04578386900966442,0.03666201530380662,0.009121853705857802,0,1.2253217124175548,nan
GT+smooth-jitter_controlled_forward3x6_SoftMS_local_prior_3frame_causal_heading_continuous_waypoint_RNN_polynomial_Kalman,1,controlled_gt_jitter,8.0,-455.9379818064139,291.3879363105472,0.24997595725793703,3.19289846875034,0,0,6,-455.4084890901784,289.14268294424977,-456.1879577636719,288.1950378417969,-1,-455.4084777832031,289.1426696777344,-455.4084890901784,289.14268294424977,0.0,0,0.0,0.0,1008,/yh/study/uav-sat/v36_GvsK/v36_training_data/routes/route_C/vi/vi_001008.jpg,-456.1879577636719,288.1950378417969,2120.414047589653,0.029468683711682177,10,0.013053321045473456,0.013053321045473456,1,0.013053321045473456,-121.42321564484202,12.000000000000002,2119.7443210713755,1.2565523672394836,-455.3785661395827,289.13495579315196,1.2403872606671158,4.458832868732821,1,0.0,0,0,0.6760277526414767,1.0,2118.083740234375,2.877747058868408,1,1,6,18,1,-32.81313909259328,-456.5887451171875,283.1734313964844,-453.31256103515625,287.18865966796875,1,-453.31256103515625,287.18865966796875,2122.517822265625,0.7159526348114014,0.5757393836975098,0.2999279499053955,4.0,4.0,1,2118.519775390625,0.39418458938598633,1.0926494088467147,21.014583587646484,8.30010986328125,0.6760277526414767,2118.519775390625,0.39418458938598633,2118.519775390625,0.39418458938598633,0.0,0.0,0.0,1,0.01631665130684182,0.016316164594930176,-0.00012602690272289408,3.1666529178619385,-0.024687305092811584,0.7772770524024963,0.040105149149894714,-1.117811684091362,0.0,-32.84307977306424,-32.84307977306424,88.58013587177777,3.5545244216918945,-0.07399138808250427,0.026135388143396422,1.0,2119.714804697861,1.2470873778063203,10,10,11,546.263908737079,0.0001204299270815954,0.6992428917919824,3.153599596816465,-455.4084890901784,289.14268294424977,0.016236999320092618,0.013053321045473456,0.0031836782746191613,0,1.2270300131458092,nan
GT+smooth-jitter_controlled_forward3x6_SoftMS_local_prior_3frame_causal_heading_continuous_waypoint_RNN_polynomial_Kalman,1,controlled_gt_jitter,8.0,-456.0565969129278,291.38525850604435,0.13816627066600046,3.201359580263098,0,0,6,-455.4243237500868,289.1391095728952,-456.19476318359375,288.18389892578125,-1,-455.42431640625,289.13909912109375,-455.4243237500868,289.1391095728952,0.0,0,0.0,0.0,1009,/yh/study/uav-sat/v36_GvsK/v36_training_data/routes/route_C/vi/vi_001009.jpg,-456.19476318359375,288.18389892578125,2120.414047589653,0.016416935892388986,10,0.013053321045473456,0.013053321045473456,1,0.013053321045473456,-121.42321564484202,0.0,2119.7311208574515,1.2469607046460955,-455.39476608256746,289.1338534603729,1.2419375907998433,4.266973191864736,1,0.0,0,0,0.6852636473214999,1.0,2117.984375,2.813096046447754,1,1,6,18,1,-32.823616293055615,-456.5887451171875,283.1734313964844,-453.0650329589844,287.0203857421875,1,-453.0650329589844,287.0203857421875,2122.817138671875,0.7060510516166687,0.5589468479156494,0.38792961835861206,4.0,4.0,1,2118.819091796875,0.3857373297214508,0.8186260392395119,21.050769805908203,8.306737899780273,0.6852636473214999,2118.819091796875,0.3857373297214508,2118.819091796875,0.3857373297214508,0.0,0.0,0.0,1,0.01631665130684182,0.01631615959040428,-0.000126673160224691,3.1766855716705322,-0.024816419929265976,0.779334545135498,0.040229059755802155,-1.1438422820702208,0.0,-32.869106125913795,-32.869106125913795,88.55410951892821,3.5655481815338135,-0.07589422911405563,0.019476306578205503,1.0,2119.7032145923026,1.235602493696536,10,10,11,546.2754988426373,9.921543793563835e-05,0.7108329973502805,3.1636322506250587,-455.4243237500868,289.1391095728952,0.016232850558391337,0.013053321045473456,0.0031795295129178804,0,1.2271936689302252,nan
GT+smooth-jitter_controlled_forward3x6_SoftMS_local_prior_3frame_causal_heading_continuous_waypoint_RNN_polynomial_Kalman,1,controlled_gt_jitter,8.0,-456.1754947954475,291.3790678009117,0.02607380806813121,3.2063077911460622,0,0,6,-455.4400600855796,289.1432366738339,-456.2015686035156,288.1727600097656,-1,-455.4400634765625,289.14324951171875,-455.4400600855796,289.1432366738339,0.0,0,0.0,0.0,1010,/yh/study/uav-sat/v36_GvsK/v36_training_data/routes/route_C/vi/vi_001010.jpg,-456.2015686035156,288.1727600097656,2120.414047589653,0.003365188073095785,10,0.013053321045473456,0.013053321045473456,1,0.013053321045473456,-121.42321564484202,0.0,2119.719530748511,1.2354753856142877,-455.4106009963899,289.13027973471,1.241963678687774,4.211694090102804,1,0.0,0,0,0.6524023370778933,1.0,2117.886474609375,2.7453081607818604,1,1,6,18,1,-32.839536443726004,-456.5887451171875,283.1734313964844,-453.118408203125,287.5990295410156,1,-453.118408203125,287.5990295410156,2122.462646484375,1.1665563583374023,0.6073967814445496,0.1175144612789154,4.0,4.0,1,2118.464599609375,0.8533823490142822,1.3782075944042458,21.012977600097656,8.297372817993164,0.6524023370778933,2118.464599609375,0.8533823490142822,2118.464599609375,0.8533823490142822,0.0,0.0,0.0,1,0.01631665130684182,0.016316156208019402,-0.00012710808224825513,3.176189422607422,-0.024460067972540855,0.7770605087280273,0.040468666702508926,-1.157513546024236,0.0,-32.88277297863982,-32.88277297863982,88.5404426662022,3.5639069080352783,-0.07623594999313354,0.020454521995620412,1.0,2119.687658644955,1.2306785103522333,10,10,11,546.2910547899851,7.074188568838173e-05,0.7263889446981011,3.1631361015619484,-455.4400600855796,289.1432366738339,0.016268534565240175,0.013053321045473456,0.003215213519766719,0,1.2335802277882746,nan
GT+smooth-jitter_controlled_forward3x6_SoftMS_local_prior_3frame_causal_heading_continuous_waypoint_RNN_polynomial_Kalman,1,controlled_gt_jitter,8.0,-456.28096974591193,291.39904714491604,-0.08620656231816591,3.2077324476504185,0,0,6,-455.46426105812867,289.14774408117466,-456.19476318359375,288.1913146972656,-1,-455.4642639160156,289.1477355957031,-455.46426105812867,289.14774408117466,0.0,0,0.0,0.0,1011,/yh/study/uav-sat/v36_GvsK/v36_training_data/routes/route_C/vi/vi_001011.jpg,-456.19476318359375,288.1913146972656,2120.414047589653,0.02268432050176389,10,0.019763354182317065,0.019763354182317065,1,0.019763354182317065,69.85815887501049,-12.000000000000002,2119.712362097502,1.2304872759895629,-455.41928256416037,289.12986892205055,1.2174786338898962,4.220467456811599,1,0.0,0,0,0.6308572279250995,1.0,2117.7861328125,2.706838607788086,1,1,6,18,1,-32.85467006829402,-456.5887451171875,283.1734313964844,-452.916259765625,287.4914855957031,1,-452.916259765625,287.4914855957031,2122.69091796875,1.183722972869873,0.6578676104545593,0.12217848002910614,4.0,4.0,1,2118.692626953125,0.8578567504882812,1.1935190139632514,21.08611297607422,8.315067291259766,0.6308572279250995,2118.692626953125,0.8578567504882812,2118.692626953125,0.8578567504882812,0.0,0.0,0.0,1,0.02470419272789633,0.024703452547277273,-0.00019123436267040828,3.1818721294403076,-0.024882322177290916,0.7819687724113464,0.040335386991500854,-1.153216823427769,0.0,-32.878472443454164,-32.878472443454164,102.73663131846465,3.572037935256958,-0.07662124186754227,0.013447645339351146,1.0,2119.664702466214,1.2215510246116041,10,10,11,546.314010968726,2.8722975482316587e-05,0.7493451234390704,3.1621087752579906,-455.46426105812867,289.14774408117466,0.024617144295316883,0.019763354182317065,0.004853790112999818,0,1.2034909728425984,nan
GT+smooth-jitter_controlled_forward3x6_SoftMS_local_prior_3frame_causal_heading_continuous_waypoint_RNN_polynomial_Kalman,1,controlled_gt_jitter,8.0,-456.3865372397397,291.4154940127504,-0.19857947606785364,3.2056246279847564,0,0,6,-455.48886129858505,289.148840291662,-456.1879577636719,288.2098693847656,-1,-455.4888610839844,289.1488342285156,-455.48886129858505,289.148840291662,0.0,0,0.0,0.0,1012,/yh/study/uav-sat/v36_GvsK/v36_training_data/routes/route_C/vi/vi_001012.jpg,-456.1879577636719,288.2098693847656,2120.414047589653,0.042003452930431985,10,0.019763354182317065,0.019763354182317065,1,0.019763354182317065,69.85815887501049,0.0,2119.6894059104384,1.221358718107679,-455.44348417127713,289.1343754613118,1.1869930140248885,4.172916905797955,1,0.0,0,0,0.661296190503873,1.0,2117.687744140625,2.665315628051758,1,1,6,18,1,-32.86299765503438,-456.5887451171875,283.1734313964844,-453.0256042480469,287.35302734375,1,-453.0256042480469,287.35302734375,2122.672607421875,1.0082569122314453,0.6025240421295166,0.2338445484638214,4.0,4.0,1,2118.674560546875,0.6901553273200989,1.0824438034488804,21.056297302246094,8.307195663452148,0.661296190503873,2118.674560546875,0.6901553273200989,2118.674560546875,0.6901553273200989,0.0,0.0,0.0,1,0.02470419272789633,0.02470344422435046,-0.0001923065039251641,3.1830735206604004,-0.024901079013943672,0.7814708948135376,0.0403398796916008,-1.1757226169080786,0.0,-32.900977483758815,-32.900977483758815,102.75913635876931,3.5729594230651855,-0.07806038111448288,0.015970711823796373,1.0,2119.643200760694,1.2093865764911258,10,9,10,0.00580949084989868,0.9998018581675464,0.7708468289588382,3.1633101664780834,-455.48886129858505,289.148840291662,0.02462465244311555,0.019763354182317065,0.004861298260798487,0,1.1706418032407226,nan
GT+smooth-jitter_controlled_forward3x6_SoftMS_local_prior_3frame_causal_heading_continuous_waypoint_RNN_polynomial_Kalman,1,controlled_gt_jitter,8.0,-456.4921013922327,291.42840124235136,-0.3109490484827199,3.1999771700857416,0,0,6,-455.513230842173,289.1528927580273,-456.18115234375,288.2284240722656,-1,-455.51324462890625,289.15289306640625,-455.513230842173,289.1528927580273,0.0,0,0.0,0.0,1013,/yh/study/uav-sat/v36_GvsK/v36_training_data/routes/route_C/vi/vi_001013.jpg,-456.18115234375,288.2284240722656,2120.414047589653,0.06132258535910009,10,0.019763354182317065,0.019763354182317065,1,0.019763354182317065,69.85815887501049,0.0,2119.6679042008527,1.209193748404276,-455.4680531616968,289.1355217748045,1.153835640546887,4.165679701840934,1,0.0,0,0,0.6497318820989505,1.0,2117.591064453125,2.620783805847168,1,1,6,18,1,-32.87628840218334,-456.5887451171875,283.1734313964844,-453.17230224609375,287.51220703125,1,-453.17230224609375,287.51220703125,2122.46337890625,1.0643703937530518,0.6235500574111938,0.17219145596027374,4.0,4.0,1,2118.46533203125,0.7484027147293091,1.2735321709369525,21.064306259155273,8.3087739944458,0.6497318820989505,2118.46533203125,0.7484027147293091,2118.46533203125,0.7484027147293091,0.0,0.0,0.0,1,0.024704192727896326,0.024703440158527875,-0.00019282808684962437,3.1859421730041504,-0.024732019752264023,0.7803820371627808,0.040515508502721786,-1.1769752095688353,0.0,-32.90223007641957,-32.90223007641957,102.76038895143006,3.575286865234375,-0.07792941480875015,0.019806654266090535,1.0,2119.6203415529644,1.2000188787857125,10,9,10,0.028668698579551233,0.9990222088962043,0.7937060366884907,3.1661788188218334,-455.513230842173,289.1528927580273,0.02470419272770536,0.019763354182317065,0.0049408385453882965,0,1.1405093086962321,nan
GT+smooth-jitter_controlled_forward3x6_SoftMS_local_prior_3frame_causal_heading_continuous_waypoint_RNN_polynomial_Kalman,1,controlled_gt_jitter,8.0,-456.6107493697988,291.415729773017,-0.42321885222067945,3.190784704657646,0,0,6,-455.5219645710739,289.1553823100805,-456.1875305175781,288.2249450683594,-1,-455.52197265625,289.1553955078125,-455.5219645710739,289.1553823100805,0.0,0,0.0,0.0,1014,/yh/study/uav-sat/v36_GvsK/v36_training_data/routes/route_C/vi/vi_001014.jpg,-456.1875305175781,288.2249450683594,2120.414047589653,0.05497293629541913,10,0.007265299000143179,0.007265299000143179,1,0.007265299000143179,-151.3895403340348,12.000000000000002,2119.6294229017285,1.1999482065581797,-455.5055435966596,289.1480572491238,1.1477117489071629,4.311735247318784,1,0.0,0,0,0.5698611753023044,1.0,2117.496826171875,2.5476150512695312,1,1,6,18,1,-32.88536729985416,-456.5887451171875,283.1734313964844,-453.17034912109375,287.64239501953125,1,-453.17034912109375,287.64239501953125,2122.3955078125,1.175441861152649,0.6137081980705261,0.08588650822639465,4.0,4.0,1,2118.3974609375,0.8593757152557373,1.392340395298194,21.081764221191406,8.312140464782715,0.5698611753023044,2118.3974609375,0.8593757152557373,2118.3974609375,0.8593757152557373,0.0,0.0,0.0,1,0.009081623750178973,0.009081348764146785,-7.067222753286598e-05,3.191523790359497,-0.024762602522969246,0.7822012901306152,0.04062072932720184,-1.1904789204447737,0.0,-32.91573378729551,-32.91573378729551,118.47380654673928,3.581758737564087,-0.07888488471508026,0.016099402348194406,1.0,2119.6116037004617,1.1975438386685193,9,9,10,0.03740655108224189,0.9987241906788896,0.8024438891911814,3.184258491359354,-455.5219645710739,289.1553823100805,0.009081623750180382,0.007265299000143179,0.0018163247500372027,0,1.1439805461316366,nan
GT+smooth-jitter_controlled_forward3x6_SoftMS_local_prior_3frame_causal_heading_continuous_waypoint_RNN_polynomial_Kalman,1,controlled_gt_jitter,8.0,-456.7298719751605,291.39914354689085,-0.5352918970354936,3.178043693375258,0,0,6,-455.53190422601347,289.1567810077425,-456.194580078125,288.2210998535156,-1,-455.5318908691406,289.1567687988281,-455.53190422601347,289.1567810077425,0.0,0,0.0,0.0,1015,/yh/study/uav-sat/v36_GvsK/v36_training_data/routes/route_C/vi/vi_001015.jpg,-456.194580078125,288.2210998535156,2120.414047589653,0.04795490311977175,10,0.008030067315947725,0.008030067315947725,1,0.008030067315947725,-151.3895403340348,0.0,2119.6216409816743,1.197465855828064,-455.5134680733645,289.15003790907224,1.1518851826854013,4.2736910636313565,1,0.0,0,0,0.6445664660966769,1.0,2117.404296875,2.4708669185638428,1,1,6,18,1,-32.89599560781123,-456.5887451171875,283.1734313964844,-453.0233459472656,287.44970703125,1,-453.0233459472656,287.44970703125,2122.622802734375,1.091172218322754,0.632941722869873,0.12430860102176666,4.0,4.0,1,2118.624755859375,0.7713326215744019,1.1586194271104022,21.11587142944336,8.319969177246094,0.6445664660966769,2118.624755859375,0.7713326215744019,2118.624755859375,0.7713326215744019,0.0,0.0,0.0,1,0.010037584144934657,0.010037281212720808,-7.798284045541972e-05,3.1942763328552246,-0.025122547522187233,0.7844431400299072,0.04043873772025108,-1.1941378741274906,0.0,-32.919392740978225,-32.919392740978225,118.47014759305657,3.5856165885925293,-0.07964519411325455,0.013610620018886556,1.0,2119.6024137341974,1.193506808135202,9,9,10,0.046596517346571886,0.9984107524098831,0.8116338554555114,3.186246265539277,-455.53190422601347,289.1567810077425,0.010037584144962055,0.008030067315947725,0.0020075168290143303,0,1.1465768649973167,nan
GT+smooth-jitter_controlled_forward3x6_SoftMS_local_prior_3frame_causal_heading_continuous_waypoint_RNN_polynomial_Kalman,1,controlled_gt_jitter,8.0,-456.848639215549,291.37903762836845,-0.6470706120333451,3.161752472118452,0,0,6,-455.541528326824,289.15931591400977,-456.2015686035156,288.21728515625,-1,-455.5415344238281,289.1593017578125,-455.541528326824,289.15931591400977,0.0,0,0.0,0.0,1016,/yh/study/uav-sat/v36_GvsK/v36_training_data/routes/route_C/vi/vi_001016.jpg,-456.2015686035156,288.21728515625,2120.414047589653,0.04099528743555663,10,0.00796187178770025,0.00796187178770025,1,0.00796187178770025,-151.3720133295301,0.01752700450469982,2119.612365769492,1.1934289641647307,-455.5234801637022,289.15148155113206,1.1543512621465297,4.210661085251161,1,0.0,0,0,0.6621482746637241,1.0,2117.31396484375,2.3913118839263916,1,1,6,18,1,-32.90418457773925,-456.5887451171875,283.1734313964844,-453.11114501953125,287.5972595214844,1,-453.11114501953125,287.5972595214844,2122.4697265625,1.168942928314209,0.6009747982025146,0.19789747893810272,4.0,4.0,1,2118.4716796875,0.8530884981155396,1.330723718352346,21.09619140625,8.315180778503418,0.6621482746637241,2118.4716796875,0.8530884981155396,2118.4716796875,0.8530884981155396,0.0,0.0,0.0,1,0.009952339734625311,0.00995203529483608,-7.784397047137368e-05,3.194267511367798,-0.02475116401910782,0.7819206118583679,0.04069924354553223,-1.194117703725098,0.0,-32.91937257057583,-32.91937257057583,118.45264075895426,3.584357261657715,-0.07911593466997147,0.01712798744704733,1.0,2119.5928947003217,1.1906021463184462,9,9,10,0.05611555122224843,0.9980860907718762,0.8211528893311879,3.1863056395800977,-455.541528326824,289.15931591400977,0.009952339734707286,0.00796187178770025,0.0019904679470070363,0,1.1502500230039583,nan
GT+smooth-jitter_controlled_forward3x6_SoftMS_local_prior_3frame_causal_heading_continuous_waypoint_RNN_polynomial_Kalman,1,controlled_gt_jitter,8.0,-456.94025004373725,291.3771713088463,-0.7584568308466155,3.1419112990806597,0,0,6,-455.57225155312574,289.1724292890559,-456.1817932128906,288.2352600097656,-1,-455.572265625,289.17242431640625,-455.57225155312574,289.1724292890559,0.0,0,0.0,0.0,1017,/yh/study/uav-sat/v36_GvsK/v36_training_data/routes/route_C/vi/vi_001017.jpg,-456.1817932128906,288.2352600097656,2120.414047589653,0.06675735680563907,10,0.026723799005371866,0.026723799005371866,1,0.026723799005371866,42.269287732518656,-12.000000000000002,2119.626298437744,1.1903422122304879,-455.5132524810481,289.14152957697365,1.1261754919105575,4.273783163653937,1,0.0,0,0,0.6067496882713214,1.0,2117.23681640625,2.3415513038635254,1,1,6,18,1,-32.909500385904224,-456.5887451171875,283.1734313964844,-453.00946044921875,287.7620849609375,1,-453.00946044921875,287.7620849609375,2122.467529296875,1.3625984191894531,0.6194453835487366,0.10190409421920776,4.0,4.0,1,2118.46923828125,1.0337939262390137,1.4377213830125255,21.104890823364258,8.3190336227417,0.6067496882713214,2118.46923828125,1.0337939262390137,2118.46923828125,1.0337939262390137,0.0,0.0,0.0,1,0.03340474875671483,0.03340373742216817,-0.0002599340879582703,3.18332839012146,-0.024731846526265144,0.7831768989562988,0.04051665589213371,-1.1883997681727394,0.0,-32.91365463502348,-32.91365463502348,75.18294236754214,3.5740551948547363,-0.07861633598804474,0.014676564478847513,1.0,2119.5598665326906,1.185600408378422,9,9,10,0.08914371885332173,0.9969596131121133,0.8541810569622612,3.1566045911160883,-455.57225155312574,289.1724292890559,0.03340474875656365,0.026723799005371866,0.006680949751191784,0,1.117956749178791,nan
GT+smooth-jitter_controlled_forward3x6_SoftMS_local_prior_3frame_causal_heading_continuous_waypoint_RNN_polynomial_Kalman,1,controlled_gt_jitter,8.0,-457.03136960238027,291.37172675327105,-0.869351780114653,3.1185224075678994,0,0,6,-455.6056276388641,289.17198053538505,-456.1620178222656,288.2532043457031,-1,-455.6056213378906,289.1719665527344,-455.6056276388641,289.17198053538505,0.0,0,0.0,0.0,1018,/yh/study/uav-sat/v36_GvsK/v36_training_data/routes/route_C/vi/vi_001018.jpg,-456.1620178222656,288.2532043457031,2120.414047589653,0.09249363446951007,10,0.026703281944532434,0.026703281944532434,1,0.026703281944532434,42.22083313592792,-0.048454596590734846,2119.5932446263323,1.1853409013168457,-455.5439972948712,289.154656799935,1.0929619844814427,4.218016804775627,1,0.0,0,0,0.6583522843158618,1.0,2117.162353515625,2.2890052795410156,1,1,6,18,1,-32.910954362423794,-456.5887451171875,283.1734313964844,-453.0440673828125,287.33404541015625,1,-453.0440673828125,287.33404541015625,2122.6669921875,0.9823451638221741,0.6078765988349915,0.24341008067131042,4.0,4.0,1,2118.6689453125,0.662842869758606,1.0418995179954664,21.081832885742188,8.31298828125,0.6583522843158618,2118.6689453125,0.662842869758606,2118.6689453125,0.662842869758606,0.0,0.0,0.0,1,0.03337910243066554,0.033378093641816244,-0.0002595070615762188,3.1845688819885254,-0.02450374886393547,0.7793632745742798,0.04067201539874077,-1.1859390858025367,0.0,-32.91119395265328,-32.91119395265328,75.13202708858121,3.5733985900878906,-0.07814334332942963,0.013525861628170556,1.0,2119.5317134970073,1.167668005837602,9,9,10,0.11729675453663901,0.9959994095033028,0.8823340926455785,3.157865600043993,-455.6056276388641,289.17198053538505,0.03337910243060707,0.026703281944532434,0.006675820486074638,0,1.0741134590498291,nan
GT+smooth-jitter_controlled_forward3x6_SoftMS_local_prior_3frame_causal_heading_continuous_waypoint_RNN_polynomial_Kalman,1,controlled_gt_jitter,8.0,-457.11994537829133,291.36453928203025,-0.9796560716507031,3.0915900632802313,0,0,6,-455.6423125102221,289.17094270448223,-456.1402893066406,288.27294921875,-1,-455.6423034667969,289.1709289550781,-455.6423125102221,289.17094270448223,0.0,0,0.0,0.0,1019,/yh/study/uav-sat/v36_GvsK/v36_training_data/routes/route_C/vi/vi_001019.jpg,-456.1402893066406,288.27294921875,2120.414047589653,0.12079564792692214,10,0.029359639011797813,0.029359639011797813,1,0.029359639011797813,42.26167059356274,0.040837457634822015,2119.568411949183,1.1673843027407806,-455.5745618754132,289.1524414662991,1.045731389957329,4.212777077915301,1,0.0,0,0,0.6413076506889239,1.0,2117.0908203125,2.236314535140991,1,1,6,18,1,-32.91103824568454,-456.5887451171875,283.1734313964844,-452.9001159667969,287.3309020996094,1,-452.9001159667969,287.3309020996094,2122.79052734375,1.0566365718841553,0.6388668417930603,0.21961741149425507,4.0,4.0,1,2118.79248046875,0.7375579476356506,0.9759635267052456,21.115324020385742,8.319841384887695,0.6413076506889239,2118.79248046875,0.7375579476356506,2118.79248046875,0.7375579476356506,0.0,0.0,0.0,1,0.036699548764747264,0.03669845217565608,-0.00028370309682149093,3.1926496028900146,-0.02478272095322609,0.7823375463485718,0.04064455255866051,-1.1998389476503357,0.0,-32.925093814501075,-32.925093814501075,75.18676440806381,3.5829391479492188,-0.07950322329998016,0.009170858880768023,1.0,2119.501055840679,1.1474946325951498,9,9,10,0.14795441086509697,0.9949537818638754,0.9129917489740365,3.163289963878217,-455.6423125102221,289.17094270448223,0.03669954876472143,0.029359639011797813,0.007339909752923618,0,1.0268267576318697,nan
GT+smooth-jitter_controlled_forward3x6_SoftMS_local_prior_3frame_causal_heading_continuous_waypoint_RNN_polynomial_Kalman,1,controlled_gt_jitter,8.0,-457.2551022181926,291.39528810631185,-1.089269698661306,3.061120625843099,0,0,6,-455.7185575399031,289.20352952073824,-456.16583251953125,288.33416748046875,-1,-455.71856689453125,289.2035217285156,-455.7185575399031,289.20352952073824,0.0,0,0.0,0.0,1020,/yh/study/uav-sat/v36_GvsK/v36_training_data/routes/route_C/vi/vi_001020.jpg,-456.16583251953125,288.33416748046875,2120.414047589653,0.1588799194721023,10,0.06633348545524471,0.06633348545524471,1,0.06633348545524471,112.6482522802961,12.000000000000002,2119.5839702087032,1.1468521997961911,-455.5721250771801,289.12679602411146,0.9903274889148106,4.646437725507073,1,0.0,0,0,0.3983439879453555,1.0,2116.95947265625,2.191396951675415,1,1,6,18,1,-32.91595768943424,-456.5887451171875,283.1734313964844,-453.2015380859375,287.87530517578125,1,-453.2015380859375,287.87530517578125,2122.24462890625,1.3556122779846191,0.6369264721870422,0.022387653589248657,4.0,4.0,1,2118.24658203125,1.0401110649108887,1.5278324619528438,21.111318588256836,8.317926406860352,0.3983439879453555,2118.24658203125,1.0401110649108887,2118.24658203125,1.0401110649108887,0.0,0.0,0.0,1,0.08291685681905589,0.08291436802418889,-0.0006424327989586263,3.1960132122039795,-0.024858936667442322,0.7828078269958496,0.04065932705998421,-1.2140255707215695,0.0,-32.93928043757231,-32.93928043757231,145.5875327178684,3.5865159034729004,-0.08053542673587799,0.009859352591042163,1.0,2119.419067721169,1.1351191162822447,9,9,10,0.22994253037488477,0.9921574479580597,0.9949798684838242,3.129679726748735,-455.7185575399031,289.20352952073824,0.08291685681909504,0.06633348545524471,0.016583371363850324,0,0.9776733935537515,nan
GT+smooth-jitter_controlled_forward3x6_SoftMS_local_prior_3frame_causal_heading_continuous_waypoint_RNN_polynomial_Kalman,1,controlled_gt_jitter,8.0,-457.3894372512153,291.42253887409794,-1.198092036371584,3.0271226143322987,0,0,6,-455.7968611852799,289.1761954867581,-456.19134521484375,288.3954162597656,-1,-455.796875,289.17620849609375,-455.7968611852799,289.1761954867581,0.0,0,0.0,0.0,1021,/yh/study/uav-sat/v36_GvsK/v36_training_data/routes/route_C/vi/vi_001021.jpg,-456.19134521484375,288.3954162597656,2120.414047589653,0.19700629561610436,10,0.06634991022952302,0.06634991022952302,1,0.06634991022952302,112.61378345434196,-0.034468825954142135,2119.502002608936,1.1344751566501021,-455.64835345607065,289.1593707514374,0.9372654455600998,4.428804470842015,1,0.0,0,0,0.669332735422887,1.0,2116.8310546875,2.1439363956451416,1,1,6,18,1,-32.92412061926604,-456.5887451171875,283.1734313964844,-453.0457458496094,287.1536560058594,1,-453.0457458496094,287.1536560058594,2122.76220703125,0.8289932012557983,0.5879121422767639,0.33050182461738586,4.0,4.0,1,2118.76416015625,0.5130681991577148,0.7468856484071914,21.121980667114258,8.320556640625,0.669332735422887,2118.76416015625,0.5130681991577148,2118.76416015625,0.5130681991577148,0.0,0.0,0.0,1,0.08293738778690378,0.08293488776689474,-0.0006439596321426785,3.1992452144622803,-0.024858716875314713,0.7831793427467346,0.04074652120471001,-1.2111791961066725,0.0,-32.93643406295741,-32.93643406295741,145.5502175172994,3.589937686920166,-0.08038569241762161,0.01083065938238768,1.0,2119.366837762163,1.0706936424761089,9,9,10,0.28217248938101136,0.9903760629703146,1.0472098274899508,3.132895304232757,-455.7968611852799,289.1761954867581,0.08293738778697014,0.06634991022952302,0.01658747755744712,0,0.874776457664413,nan
GT+smooth-jitter_controlled_forward3x6_SoftMS_local_prior_3frame_causal_heading_continuous_waypoint_RNN_polynomial_Kalman,1,controlled_gt_jitter,8.0,-457.51058117356456,291.3454722550296,-1.3060218473926997,2.9896067765139938,0,0,6,-455.84165859410587,289.14954614285017,-456.2045593261719,288.3558654785156,-1,-455.8416442871094,289.1495361328125,-455.84165859410587,289.14954614285017,0.0,0,0.0,0.0,1022,/yh/study/uav-sat/v36_GvsK/v36_training_data/routes/route_C/vi/vi_001022.jpg,-456.2045593261719,288.3558654785156,2120.414047589653,0.15651676186579014,10,0.04169984455219747,0.04169984455219747,1,0.04169984455219747,-108.47472834407938,12.000000000000002,2119.4189609953964,1.0702887652731343,-455.75273913966583,289.14844228047326,0.9123154432189274,4.153469534535783,1,0.0,0,0,0.73230744916562,1.0,2116.7685546875,2.014681816101074,1,1,6,18,1,-32.92843036191063,-456.5887451171875,283.1734313964844,-453.28692626953125,286.7847900390625,1,-453.28692626953125,286.7847900390625,2122.75537109375,0.38832804560661316,0.4734126627445221,0.5306385159492493,4.0,4.0,1,2118.757080078125,0.06581860780715942,0.7005108256244904,21.15578842163086,8.32833480834961,0.73230744916562,2118.757080078125,0.06581860780715942,2118.757080078125,0.06581860780715942,0.0,0.0,0.0,1,0.052124805690246835,0.05212323323333368,-0.0004048772029746089,3.2021872997283936,-0.025041939690709114,0.7861596345901489,0.0406942144036293,-1.2127822628492158,0.0,-32.93803712969995,-32.93803712969995,75.53669121437943,3.594362258911133,-0.08078927546739578,0.01960020903556458,1.0,2119.342747476082,1.024469693220556,9,9,10,0.3062627754620024,0.9895544258334726,1.071300113570942,3.160487455176196,-455.84165859410587,289.14954614285017,0.05212480569022083,0.04169984455219747,0.01042496113802336,0,0.8727118300290022,nan
GT+smooth-jitter_controlled_forward3x6_SoftMS_local_prior_3frame_causal_heading_continuous_waypoint_RNN_polynomial_Kalman,1,controlled_gt_jitter,8.0,-457.63070021207557,291.26493137634236,-1.4129572921536697,2.9485861614986235,0,0,6,-455.87434109739485,289.10900209020235,-456.2177429199219,288.31634521484375,-1,-455.87432861328125,289.1090087890625,-455.87434109739485,289.10900209020235,0.0,0,0.0,0.0,1023,/yh/study/uav-sat/v36_GvsK/v36_training_data/routes/route_C/vi/vi_001023.jpg,-456.2177429199219,288.31634521484375,2120.414047589653,0.1160693327142978,10,0.04166123359742918,0.04166123359742918,1,0.04166123359742918,-108.44822095136497,0.026507392714399704,2119.394822435352,1.0240636841434558,-455.7975782045232,289.121817358517,0.9084733140272279,3.864322789065365,1,0.0,0,0,0.7999617086685077,1.0,2116.708740234375,1.8830113410949707,1,1,6,18,1,-32.93179273597298,-456.5887451171875,283.1734313964844,-453.6562805175781,285.7384948730469,1,-453.6562805175781,285.7384948730469,2123.00244140625,-0.6933755278587341,0.35040491819381714,0.7216586470603943,4.0,4.0,1,2119.004150390625,-1.0154354572296143,1.222043241839797,21.155576705932617,8.328300476074219,0.7999617086685077,2119.004150390625,-1.0154354572296143,2119.004150390625,-1.015435457229614,0.0,0.0,0.0,1,0.05207654199678648,0.0520749592700021,-0.0004060090771001627,3.2015886306762695,-0.025129616260528564,0.7854886054992676,0.040619831532239914,-1.20927986990888,0.0,-32.934534736759616,-32.934534736759616,75.51368621460536,3.593430519104004,-0.0806746780872345,0.06841523278856682,1.0,2119.3362683648347,0.972797772956384,9,9,10,0.3127418867092473,0.9893334455430531,1.0777792248181868,3.15992739707884,-455.87434109739485,289.10900209020235,0.05207654199678845,0.04166123359742918,0.010415308399359266,0,0.8638458970025542,nan
GT+smooth-jitter_controlled_forward3x6_SoftMS_local_prior_3frame_causal_heading_continuous_waypoint_RNN_polynomial_Kalman,1,controlled_gt_jitter,8.0,-457.75100419665245,291.1770254142373,-1.5187959446993387,2.904076195487287,0,0,6,-455.9121935577293,289.0661458496711,-456.2322082519531,288.27294921875,-1,-455.9122009277344,289.0661315917969,-455.9121935577293,289.0661458496711,0.0,0,0.0,0.0,1024,/yh/study/uav-sat/v36_GvsK/v36_training_data/routes/route_C/vi/vi_001024.jpg,-456.2322082519531,288.27294921875,2120.414047589653,0.07166121538431725,10,0.04574339632933996,0.04574339632933996,1,0.04574339632933996,-108.43494882292202,0.01327212844295886,2119.3934458595427,0.9723503304635854,-455.8259423838563,289.07855491244027,0.9022485740009051,3.727911084390094,1,0.0,0,0,0.7849842937624827,1.0,2116.652587890625,1.744978904724121,1,1,6,18,1,-32.93275248427307,-456.5887451171875,283.1734313964844,-453.5283203125,286.0501708984375,1,-453.5283203125,286.0501708984375,2122.944091796875,-0.36156490445137024,0.377636581659317,0.6907240748405457,4.0,4.0,1,2118.946044921875,-0.6729152798652649,0.9128125117705651,21.097923278808594,8.313813209533691,0.7849842937624827,2118.946044921875,-0.6729152798652649,2118.946044921875,-0.6729152798652649,0.0,0.0,0.0,1,0.05717924541167495,0.05717749470783228,-0.000447442492798557,3.2051990032196045,-0.02493049018085003,0.7857000827789307,0.04083907976746559,-1.2439614360800892,0.0,-32.969216302930825,-32.969216302930825,75.46573251999119,3.5971031188964844,-0.08262179791927338,0.04725296441387833,1.0,2119.3266076507643,0.9164405488453742,9,9,10,0.32240260077962546,0.989003951678931,1.087439938888565,3.1594556068902646,-455.9121935577293,289.0661458496711,0.05717924541164885,0.04574339632933996,0.011435849082308894,0,0.855318829340112,nan
GT+smooth-jitter_controlled_forward3x6_SoftMS_local_prior_3frame_causal_heading_continuous_waypoint_RNN_polynomial_Kalman,1,controlled_gt_jitter,8.0,-457.8169467770297,291.07536355909684,-1.6234348141390846,2.856094760268708,0,0,6,-455.98646246097235,289.10256428330433,-456.1935119628906,288.2192687988281,-1,-455.9864501953125,289.1025695800781,-455.98646246097235,289.10256428330433,0.0,0,0.0,0.0,1025,/yh/study/uav-sat/v36_GvsK/v36_training_data/routes/route_C/vi/vi_001025.jpg,-456.1935119628906,288.2192687988281,2120.414047589653,0.04697835198845151,10,0.06617393950942767,0.06617393950942767,1,0.06617393950942767,-54.21351885363919,12.000000000000002,2119.4093225593656,0.9157954192062819,-455.84217719888983,289.0221017604874,0.8763429013360329,3.8606602321048973,1,0.0,0,0,0.6492591248786822,1.0,2116.64990234375,1.6238317489624023,1,1,6,18,1,-32.94551479945894,-456.5887451171875,283.1734313964844,-452.8745422363281,287.4864501953125,1,-452.8745422363281,287.4864501953125,2122.72900390625,1.201767086982727,0.6244096159934998,0.21965160965919495,4.0,4.0,1,2118.73095703125,0.8838446140289307,1.1580411253735108,21.118614196777344,8.319296836853027,0.6492591248786822,2118.73095703125,0.8838446140289307,2118.73095703125,0.8838446140289307,0.0,0.0,0.0,1,0.08271742438678457,0.08271490860136514,-0.0006451296390922627,3.2079579830169678,-0.024739399552345276,0.787475049495697,0.04105096310377121,-1.2422018085951647,0.0,-32.9674566754459,-32.9674566754459,21.246062178193288,3.6007578372955322,-0.08229341357946396,0.0058222037356623025,1.0,2119.2442855406616,0.9083632667871002,9,9,10,0.4047247108823484,0.9861962264980766,1.1697620489912879,3.14178404350754,-455.98646246097235,289.10256428330433,0.08271742438700305,0.06617393950942767,0.016543484877575385,0,0.9072377908468452,nan
GT+smooth-jitter_controlled_forward3x6_SoftMS_local_prior_3frame_causal_heading_continuous_waypoint_RNN_polynomial_Kalman,1,controlled_gt_jitter,8.0,-457.8817386337284,290.9704337584815,-1.7267703720096275,2.804662274106452,0,0,6,-456.0201626657263,289.14804509791935,-456.15496826171875,288.165771484375,-1,-456.0201721191406,289.1480407714844,-456.0201626657263,289.14804509791935,0.0,0,0.0,0.0,1026,/yh/study/uav-sat/v36_GvsK/v36_training_data/routes/route_C/vi/vi_001026.jpg,-456.15496826171875,288.165771484375,2120.414047589653,0.022368674366802153,10,0.06593617788227746,0.06593617788227746,1,0.06593617788227746,-54.22803538067121,-0.014516527032019682,2119.3267032871454,0.9077244262467388,-455.9166955550098,289.0586818051939,0.9241551405404193,3.9884943551942267,1,0.0,0,0,0.6378031955993548,1.0,2116.64990234375,1.5005099773406982,1,1,6,18,1,-32.953194493406976,-456.5887451171875,283.1734313964844,-452.7593688964844,287.529296875,1,-452.7593688964844,287.529296875,2122.80322265625,1.2995434999465942,0.6452385783195496,0.1734967678785324,4.0,4.0,1,2118.80517578125,0.9918885231018066,1.249169941672176,21.07408905029297,8.309245109558105,0.6378031955993548,2118.80517578125,0.9918885231018066,2118.80517578125,0.9918885231018066,0.0,0.0,0.0,0,0.08242022235284682,0.0824177464837319,-0.0006388405403614305,3.199418783187866,-0.024493040516972542,0.7805469036102295,0.04103050008416176,-1.2165252065143826,0.0,-32.941780073365116,-32.941780073365116,21.28625530730609,3.5887985229492188,-0.08018884807825089,0.0033658207127244483,1.0,2119.191704907729,0.9293271724091422,9,9,10,0.4573053438147525,0.9844028812239412,1.222342681923692,3.1334826053055886,-456.0201626657263,289.14804509791935,0.056605726728859336,0.06593617788227746,0.0,0,0.9914807111469001,nan
GT+smooth-jitter_controlled_forward3x6_SoftMS_local_prior_3frame_causal_heading_continuous_waypoint_RNN_polynomial_Kalman,1,controlled_gt_jitter,8.0,-457.94857163266914,290.86689772190374,-1.8286985857941336,2.749801774638098,0,0,6,-456.07792184456775,289.1001868524188,-456.119873046875,288.1170959472656,-1,-456.0779113769531,289.1001892089844,-456.07792184456775,289.1001868524188,0.0,0,0.0,0.0,1027,/yh/study/uav-sat/v36_GvsK/v36_training_data/routes/route_C/vi/vi_001027.jpg,-456.119873046875,288.1170959472656,2120.414047589653,-9.270538419577538e-06,10,0.06000818292379059,0.06000818292379059,1,0.06000818292379059,-54.208278146348924,0.01975723432228845,2119.266712913604,0.9287497145992984,-455.95666605465107,289.10811121775754,1.004364370464696,4.050716395380591,1,0.0,0,0,0.6567310558593646,1.0,2116.647705078125,1.377300500869751,1,1,6,18,1,-32.94919947307275,-456.5887451171875,283.1734313964844,-453.1072082519531,286.98260498046875,1,-453.1072082519531,286.98260498046875,2122.801513671875,0.6515765190124512,0.6108242869377136,0.31900227069854736,4.0,4.0,1,2118.803466796875,0.3378465473651886,0.9105478550837953,21.15259552001953,8.326356887817383,0.6567310558593646,2118.803466796875,0.3378465473651886,2118.803466796875,0.3378465473651886,0.0,0.0,0.0,1,0.07501022865473825,0.07500800587479957,-0.0005774578098437328,3.210603713989258,-0.025280918926000595,0.7875791788101196,0.0407036617398262,-1.2437370003328307,0.0,-32.96899186718357,-32.96899186718357,21.239286279165352,3.6034369468688965,-0.08316344767808914,0.006986718065863183,1.0,2119.167742236206,0.8582474652044679,9,9,10,0.4812680153381024,0.9835855965825162,1.2463053534470419,3.150595531065467,-456.07792184456775,289.1001868524188,0.07501022865471646,0.06000818292379059,0.015002045730925867,0,0.9839855848384745,nan
GT+smooth-jitter_controlled_forward3x6_SoftMS_local_prior_3frame_causal_heading_continuous_waypoint_RNN_polynomial_Kalman,1,controlled_gt_jitter,8.0,-458.021766326005,290.7901107807355,-1.9291149588174983,2.691539003391784,0,0,6,-456.1159890144321,289.11583606798166,-456.0926513671875,288.09857177734375,-1,-456.1159973144531,289.1158447265625,-456.1159890144321,289.11583606798166,0.0,0,0.0,0.0,1028,/yh/study/uav-sat/v36_GvsK/v36_training_data/routes/route_C/vi/vi_001028.jpg,-456.0926513671875,288.09857177734375,2120.414047589653,-0.0011137360002420552,10,0.03292665662200383,0.03292665662200383,1,0.03292665662200383,-34.23502380234613,12.000000000000002,2119.2088993065136,0.8579266336196261,-456.0430831962307,289.0782716533263,0.9809530317870424,4.116354300939576,1,0.0,0,0,0.6425944643056766,1.0,2116.625732421875,1.2734979391098022,1,1,6,18,1,-32.95612677899503,-456.5887451171875,283.1734313964844,-453.06787109375,287.48065185546875,1,-453.06787109375,287.48065185546875,2122.568603515625,1.09352445602417,0.6365271806716919,0.13250291347503662,4.0,4.0,1,2118.5703125,0.7772576212882996,1.3572160050794893,21.166778564453125,8.329326629638672,0.6425944643056766,2118.5703125,0.7772576212882996,2118.5703125,0.7772576212882996,0.0,0.0,0.0,1,0.04115832077750479,0.04115707030776304,-0.0003208315848418119,3.2148218154907227,-0.024967268109321594,0.7874032258987427,0.041019007563591,-1.240417848561322,0.0,-32.96567271541206,-32.96567271541206,1.2693510869340705,3.60758113861084,-0.08257289230823517,0.004928107363208168,1.0,2119.127133998232,0.8515408730853326,9,9,10,0.5218762533121861,0.9822005886889176,1.2869135914211256,3.181895158868719,-456.1159890144321,289.11583606798166,0.041158320777383454,0.03292665662200383,0.008231664155379625,0,1.0175319566411494,nan
GT+smooth-jitter_controlled_forward3x6_SoftMS_local_prior_3frame_causal_heading_continuous_waypoint_RNN_polynomial_Kalman,1,controlled_gt_jitter,8.0,-458.0933137466358,290.7098890637761,-2.0279145767139006,2.6299024915104243,0,0,6,-456.1530688982588,289.13387009491095,-456.0653991699219,288.0799865722656,-1,-456.153076171875,289.1338806152344,-456.1530688982588,289.13387009491095,0.0,0,0.0,0.0,1029,/yh/study/uav-sat/v36_GvsK/v36_training_data/routes/route_C/vi/vi_001029.jpg,-456.0653991699219,288.0799865722656,2120.414047589653,-0.002253471981913034,10,0.03298624112566483,0.03298624112566483,1,0.03298624112566483,-34.29284922757958,-0.05782542523345283,2119.168365552033,0.8512201192266431,-456.08108697109725,289.09388176810813,1.0140165557121028,4.1872683825374155,1,0.0,0,0,0.6267415093219653,1.0,2116.60693359375,1.167639970779419,1,1,6,18,1,-32.95946780871622,-456.5887451171875,283.1734313964844,-452.9757080078125,287.4678955078125,1,-452.9757080078125,287.4678955078125,2122.6533203125,1.13200843334198,0.6653507351875305,0.14704371988773346,4.0,4.0,1,2118.655029296875,0.8152385950088501,1.3388968305859408,21.18797492980957,8.334267616271973,0.6267415093219653,2118.655029296875,0.8152385950088501,2118.655029296875,0.8152385950088501,0.0,0.0,0.0,1,0.04123280140708104,0.04123155380091709,-0.00032075385868945695,3.2171597480773926,-0.025451887398958206,0.7903047800064087,0.04073655232787132,-1.2495212100644795,0.0,-32.97477607691522,-32.97477607691522,1.3180731506643657,3.611342430114746,-0.08385439217090607,0.0030145512087596427,1.0,2119.0861114804334,0.8473819134357956,9,9,10,0.5628987711105964,0.9808014511296286,1.3279361092195359,3.1841735069517276,-456.1530688982588,289.13387009491095,0.04123280140724482,0.03298624112566483,0.008246560281579988,0,1.0575237399557451,nan
GT+smooth-jitter_controlled_forward3x6_SoftMS_local_prior_3frame_causal_heading_continuous_waypoint_RNN_polynomial_Kalman,1,controlled_gt_jitter,8.0,-458.1631696508738,290.62635553102524,-2.124992160639403,2.5649236462595897,0,0,6,-456.18987684700676,289.15233493544383,-456.0381774902344,288.0614318847656,-1,-456.18988037109375,289.15234375,-456.18987684700676,289.15233493544383,0.0,0,0.0,0.0,1030,/yh/study/uav-sat/v36_GvsK/v36_training_data/routes/route_C/vi/vi_001030.jpg,-456.0381774902344,288.0614318847656,2120.414047589653,-0.003383729149951971,10,0.03294383513241144,0.03294383513241144,1,0.03294383513241144,-34.27890372656281,0.01394550101676854,2119.1272900049703,0.8470585809470991,-456.11821331648804,289.1119414869671,1.0535540602179048,4.195943990676444,1,0.0,0,0,0.6458897994792834,1.0,2116.591552734375,1.0598546266555786,1,1,6,18,1,-32.96482566523327,-456.5887451171875,283.1734313964844,-453.0765075683594,287.5202941894531,1,-453.0765075683594,287.5202941894531,2122.5400390625,1.1224113702774048,0.6305356621742249,0.2448926717042923,4.0,4.0,1,2118.5419921875,0.8082715272903442,1.4540766197151576,21.17269515991211,8.330415725708008,0.6458897994792834,2118.5419921875,0.8082715272903442,2118.5419921875,0.8082715272903442,0.0,0.0,0.0,1,0.0411797939155143,0.04117852453677745,-0.00032333248869650634,3.216902732849121,-0.02521364949643612,0.7885056138038635,0.04088709130883217,-1.2494381805773815,0.0,-32.974693047428126,-32.974693047428126,1.3042106791346884,3.6101930141448975,-0.08351051062345505,0.004054839358702333,1.0,2119.045093723136,0.8437323911090594,9,9,10,0.6039165284081918,0.9794024759347153,1.3689538665171312,3.1839588977167095,-456.18987684700676,289.15233493544383,0.041179793915651214,0.03294383513241144,0.008235958783239773,0,1.1014000911676802,nan
GT+smooth-jitter_controlled_forward3x6_SoftMS_local_prior_3frame_causal_heading_continuous_waypoint_RNN_polynomial_Kalman,1,controlled_gt_jitter,8.0,-458.2552152719067,290.56505724803975,-2.220242127375431,2.4966368378835004,0,0,6,-456.19947637026786,289.15188289744754,-456.03497314453125,288.06842041015625,-1,-456.199462890625,289.1518859863281,-456.19947637026786,289.15188289744754,0.0,0,0.0,0.0,1031,/yh/study/uav-sat/v36_GvsK/v36_training_data/routes/route_C/vi/vi_001031.jpg,-456.03497314453125,288.06842041015625,2120.414047589653,0.004235425296590051,10,0.007688128414675834,0.007688128414675834,1,0.007688128414675834,65.36782060263788,12.000000000000002,2119.0547035880036,0.8436570093203443,-456.181742533085,289.1472175022773,1.0887352384235656,4.194304467367903,1,0.0,0,0,0.6472808616197482,1.0,2116.54541015625,0.959313690662384,1,1,6,18,1,-32.96827928635406,-456.5887451171875,283.1734313964844,-453.2686767578125,287.2693176269531,1,-453.2686767578125,287.2693176269531,2122.511962890625,0.8075780868530273,0.6280064582824707,0.2431875765323639,4.0,4.0,1,2118.513671875,0.4930327534675598,1.3268644882876324,21.19121551513672,8.334224700927734,0.6472808616197482,2118.513671875,0.4930327534675598,2118.513671875,0.4930327534675598,0.0,0.0,0.0,1,0.009610160518344794,0.009609864867639045,-7.538178871518853e-05,3.220320224761963,-0.02527337521314621,0.789151668548584,0.040921080857515335,-1.252912398987391,0.0,-32.978167265838124,-32.978167265838124,98.345987868476,3.613926649093628,-0.08385392278432846,0.004916436812486875,1.0,2119.037166268966,0.8383000200270059,9,9,10,0.6118439825781223,0.9791320976285081,1.3768813206870618,3.212632096347287,-456.19947637026786,289.15188289744754,0.009610160518457984,0.007688128414675834,0.0019220321037821501,0,1.0958796798212698,nan
GT+smooth-jitter_controlled_forward3x6_SoftMS_local_prior_3frame_causal_heading_continuous_waypoint_RNN_polynomial_Kalman,1,controlled_gt_jitter,8.0,-458.34502227949224,290.5011598086268,-2.3135586564453465,2.4250794863611898,0,0,6,-456.20980703165407,289.1498332964271,-456.0314636230469,288.0760803222656,-1,-456.2098083496094,289.14984130859375,-456.20980703165407,289.1498332964271,0.0,0,0.0,0.0,1032,/yh/study/uav-sat/v36_GvsK/v36_training_data/routes/route_C/vi/vi_001032.jpg,-456.0314636230469,288.0760803222656,2120.414047589653,0.012585126205806908,10,0.008425615382429906,0.008425615382429906,1,0.008425615382429906,65.38429579541872,0.01647519278085346,2119.047697964006,0.8382173846941483,-456.1905617808344,289.14627455328434,1.0819555979415834,4.185535781996941,1,0.0,0,0,0.6496013091838733,1.0,2116.502685546875,0.8577390909194946,1,1,6,18,1,-32.971740057829145,-456.5887451171875,283.1734313964844,-453.0926513671875,287.2115783691406,1,-453.0926513671875,287.2115783691406,2122.69140625,0.852872908115387,0.6237874627113342,0.34144827723503113,4.0,4.0,1,2118.693359375,0.5397646427154541,1.177521704745134,21.198413848876953,8.335783004760742,0.6496013091838733,2118.693359375,0.5397646427154541,2118.693359375,0.5397646427154541,0.0,0.0,0.0,1,0.010532019228037382,0.010531695040282578,-8.263533285751925e-05,3.2229456901550293,-0.02566637098789215,0.7916787266731262,0.04070618376135826,-1.2681285663542983,0.0,-32.99338343320503,-32.99338343320503,98.37767922862376,3.617781400680542,-0.08540008217096329,0.0025546065580855154,1.0,2119.0294569968796,0.8311243282192258,9,9,10,0.6195532546643534,0.978869160765792,1.3845905927732929,3.2145200747725995,-456.20980703165407,289.1498332964271,0.010532019228018025,0.008425615382429906,0.0021064038455881184,0,1.0884630544553564,nan
GT+smooth-jitter_controlled_forward3x6_SoftMS_local_prior_3frame_causal_heading_continuous_waypoint_RNN_polynomial_Kalman,1,controlled_gt_jitter,8.0,-458.43278986590013,290.43400186440374,-2.4048357643376357,2.350292147606861,0,0,6,-456.2203043158207,289.1497958372531,-456.0279541015625,288.0837097167969,-1,-456.2203063964844,289.1498107910156,-456.2203043158207,289.1497958372531,0.0,0,0.0,0.0,1033,/yh/study/uav-sat/v36_GvsK/v36_training_data/routes/route_C/vi/vi_001033.jpg,-456.0279541015625,288.0837097167969,2120.414047589653,0.020909035408885734,10,0.008397880801890268,0.008397880801890268,1,0.008397880801890268,65.2975697722287,-0.08672602319003506,2119.039954019423,0.8310412873328701,-456.2009221471915,289.14424283972374,1.074545694530357,4.188493612136792,1,0.0,0,0,0.6439470725095645,1.0,2116.46337890625,0.7544636726379395,1,1,6,18,1,-32.97931527122722,-456.5887451171875,283.1734313964844,-453.2229919433594,287.2931213378906,1,-453.2229919433594,287.2931213378906,2122.537841796875,0.8521159887313843,0.6340678930282593,0.24413155019283295,4.0,4.0,1,2118.539794921875,0.5400997400283813,1.312443031161931,21.18084716796875,8.331380844116211,0.6439470725095645,2118.539794921875,0.5400997400283813,2118.539794921875,0.5400997400283813,0.0,0.0,0.0,1,0.010497351002362834,0.01049702254346447,-8.304088635565713e-05,3.222806930541992,-0.025279128924012184,0.7899422645568848,0.04098239541053772,-1.2664330786145486,0.0,-32.99168794546529,-32.99168794546529,98.28925771769397,3.616788625717163,-0.08474554121494293,0.0039402198649489675,1.0,2119.020547920896,0.8255725048081642,9,9,10,0.6284623306477641,0.9785653027020768,1.3934996687567036,3.214409049740102,-456.2203043158207,289.1497958372531,0.010497351002293147,0.008397880801890268,0.002099470200402879,0,1.0832996912925985,nan
GT+smooth-jitter_controlled_forward3x6_SoftMS_local_prior_3frame_causal_heading_continuous_waypoint_RNN_polynomial_Kalman,1,controlled_gt_jitter,8.0,-458.51529917301286,290.41733812989906,-2.4939673859034923,2.272318598649057,0,0,6,-456.26954874014746,289.2090982911907,-456.0213317871094,288.14501953125,-1,-456.2695617675781,289.2091064453125,-456.26954874014746,289.2090982911907,0.0,0,0.0,0.0,1034,/yh/study/uav-sat/v36_GvsK/v36_training_data/routes/route_C/vi/vi_001034.jpg,-456.0213317871094,288.14501953125,2120.414047589653,0.0762644708840895,10,0.06166642844362468,0.06166642844362468,1,0.06166642844362468,83.83515821776456,12.000000000000002,2119.097628566994,0.8249655719876262,-456.15506025898407,289.10874699539613,0.9729614223284875,4.215730061479106,1,0.0,0,0,0.6302528159654514,1.0,2116.40185546875,0.6969025731086731,1,1,6,18,1,-32.98364571788271,-456.5887451171875,283.1734313964844,-453.11761474609375,287.74102783203125,1,-453.11761474609375,287.74102783203125,2122.387451171875,1.2869893312454224,0.6589665412902832,0.12164756655693054,4.0,4.0,1,2118.38916015625,0.9744711518287659,1.6044472770804723,21.206871032714844,8.337211608886719,0.6302528159654514,2118.38916015625,0.9744711518287659,2118.38916015625,0.9744711518287659,0.0,0.0,0.0,1,0.07708303555453085,0.07708064609778788,-0.0006069328205379988,3.2277698516845703,-0.025513742119073868,0.7923548221588135,0.04092637822031975,-1.2769207273633973,0.0,-33.00217559421414,-33.00217559421414,116.83733381197868,3.6229348182678223,-0.08580760657787323,0.005978579615916491,1.0,2118.94747763253,0.850118936898858,9,9,10,0.7015326190138893,0.9760731254685018,1.4665699571228288,3.1661034232409455,-456.26954874014746,289.2090982911907,0.07708303555444414,0.06166642844362468,0.015416607110819457,0,1.0926459916791051,nan
GT+smooth-jitter_controlled_forward3x6_SoftMS_local_prior_3frame_causal_heading_continuous_waypoint_RNN_polynomial_Kalman,1,controlled_gt_jitter,8.0,-458.59494658406203,290.4032115365519,-2.5808474629682614,2.1912059213175583,0,0,6,-456.3114147687832,289.13602215667515,-456.01409912109375,288.2120056152344,-1,-456.3114013671875,289.1360168457031,-456.3114147687832,289.13602215667515,0.0,0,0.0,0.0,1035,/yh/study/uav-sat/v36_GvsK/v36_training_data/routes/route_C/vi/vi_001035.jpg,-456.01409912109375,288.2120056152344,2120.414047589653,0.136743421566841,10,0.06737541766293785,0.06737541766293785,1,0.06737541766293785,83.83749567613111,0.002337458366558094,2119.031694282813,0.8494544035701809,-456.19826523412036,289.1642480118391,0.9698880033688689,4.145633578040355,1,0.0,0,0,0.6764046208894625,1.0,2116.341552734375,0.6430044770240784,1,1,6,18,1,-32.99013119594305,-456.5887451171875,283.1734313964844,-453.15972900390625,286.937255859375,1,-453.15972900390625,286.937255859375,2122.781494140625,0.5851755142211914,0.5750541687011719,0.39665400981903076,4.0,4.0,1,2118.783203125,0.27181726694107056,0.9159471363603409,21.203256607055664,8.336645126342773,0.6764046208894625,2118.783203125,0.27181726694107056,2118.783203125,0.27181726694107056,0.0,0.0,0.0,1,0.0842192720786723,0.0842166502831626,-0.0006645333286770622,3.2257466316223145,-0.025603976100683212,0.7924671173095703,0.04082208871841431,-1.280108504715089,0.0,-33.00536337156583,-33.00536337156583,116.84285904769693,3.620960235595703,-0.08610758185386658,0.004973463597748415,1.0,2118.950294089045,0.7659467718907041,9,9,10,0.6987161624987692,0.9761691851524483,1.4637535006077087,3.1583712139593767,-456.3114147687832,289.13602215667515,0.08421927207867376,0.06737541766293785,0.01684385441573591,0,0.9706715011872864,nan
GT+smooth-jitter_controlled_forward3x6_SoftMS_local_prior_3frame_causal_heading_continuous_waypoint_RNN_polynomial_Kalman,1,controlled_gt_jitter,8.0,-458.6729078819651,290.37995380271155,-2.665370040168201,2.107004583961576,0,0,6,-456.3086733499892,289.2125928282207,-456.0075378417969,288.27294921875,-1,-456.3086853027344,289.21258544921875,-456.3086733499892,289.2125928282207,0.0,0,0.0,0.0,1036,/yh/study/uav-sat/v36_GvsK/v36_training_data/routes/route_C/vi/vi_001036.jpg,-456.0075378417969,288.27294921875,2120.414047589653,0.19175673078224803,10,0.06129578448377425,0.06129578448377425,1,0.06129578448377425,83.85511969956423,0.017624023433111324,2119.0269114189055,0.7653402382752036,-456.24656458927745,289.09521728765174,0.8563051810812157,4.3495020441403485,1,0.0,0,0,0.5395757527983562,1.0,2116.28759765625,0.5822262167930603,1,1,6,18,1,-32.995462478755364,-456.5887451171875,283.1734313964844,-452.9619140625,287.83319091796875,1,-452.9619140625,287.83319091796875,2122.4697265625,1.4481086730957031,0.6608688235282898,0.08414767682552338,4.0,4.0,1,2118.471435546875,1.1354669332504272,1.519779132792176,21.200822830200195,8.33580493927002,0.5395757527983562,2118.471435546875,1.1354669332504272,2118.471435546875,1.1354669332504272,0.0,0.0,0.0,1,0.07661973060471781,0.07661732986023985,-0.0006065336155005235,3.226862907409668,-0.025236740708351135,0.7903178930282593,0.04109755530953407,-1.274341050291248,0.0,-32.99959591714198,-32.99959591714198,116.8547156167062,3.6210217475891113,-0.08523917198181152,0.004048250381663533,1.0,2118.912361454521,0.8325177742565516,9,9,10,0.7366487970229372,0.974875432927235,1.5016861351318767,3.1655671229258937,-456.3086733499892,289.2125928282207,0.07661973060471479,0.06129578448377425,0.01532394612094054,0,0.9867181497840997,nan
GT+smooth-jitter_controlled_forward3x6_SoftMS_local_prior_3frame_causal_heading_continuous_waypoint_RNN_polynomial_Kalman,1,controlled_gt_jitter,8.0,-458.7261280984643,290.25432662618863,-2.7474293679955446,2.0197685207199028,0,0,6,-456.2995158404244,289.153275072486,-455.97869873046875,288.23455810546875,-1,-456.2995300292969,289.1532897949219,-456.2995158404244,289.153275072486,0.0,0,0.0,0.0,1037,/yh/study/uav-sat/v36_GvsK/v36_training_data/routes/route_C/vi/vi_001037.jpg,-455.97869873046875,288.23455810546875,2120.414047589653,0.1747264478851909,10,0.048016371386952576,0.048016371386952576,1,0.048016371386952576,-53.086404043437426,-12.000000000000002,2118.972380063015,0.8320457983416785,-456.25787094438255,289.18063079275066,0.9864028865744205,4.2730507727061715,1,0.0,0,0,0.7107441501653567,1.0,2116.308349609375,0.44738468527793884,1,1,6,18,1,-32.996909198198935,-456.5887451171875,283.1734313964844,-452.6278381347656,283.7756652832031,1,-452.6278381347656,283.7756652832031,2124.9208984375,-1.8025020360946655,0.5126186609268188,0.3695776164531708,4.0,4.0,1,2120.922607421875,-2.1253490447998047,2.612313389660999,21.24361801147461,8.346632957458496,0.7107441501653567,2120.922607421875,-2.1253490447998047,2120.922607421875,-1.6906820494311607,0.0,-0.43466699536864395,0.0,1,0.06002046423369072,0.0600186084940623,-0.0004719759148730819,3.228104829788208,-0.025459423661231995,0.7945898771286011,0.04101045802235603,-1.2623965435367768,0.0,-32.987651410387514,-32.987651410387514,20.09875263304991,3.624410629272461,-0.08482487499713898,0.12033828974532662,1.0,2118.9513426850153,0.7868787580973564,9,9,10,0.6976675665286365,0.9762049491690195,1.462704904637576,3.1800884584012556,-456.2995158404244,289.153275072486,0.0600204642337094,0.048016371386952576,0.012004092846756825,0,0.9731210014821777,nan
GT+smooth-jitter_controlled_forward3x6_SoftMS_local_prior_3frame_causal_heading_continuous_waypoint_RNN_polynomial_Kalman,1,controlled_gt_jitter,8.0,-458.7739720149596,290.1219075027828,-2.8269200130065135,1.9295552078608984,0,0,6,-456.30246656087775,289.0874002675895,-455.9470520019531,288.1923522949219,-1,-456.3024597167969,289.08740234375,-456.30246656087775,289.0874002675895,0.0,0,0.0,0.0,1038,/yh/study/uav-sat/v36_GvsK/v36_training_data/routes/route_C/vi/vi_001038.jpg,-455.9470520019531,288.1923522949219,2120.414047589653,0.15597298783178803,10,0.05275268589996511,0.05275268589996511,1,0.05275268589996511,-53.136731508298915,-0.050327464861493205,2119.0172814970424,0.7863593932889222,-456.24370275088444,289.1181596099752,0.9721732620514301,4.274693134709354,1,0.0,0,0,0.8429324256217853,1.0,2116.337158203125,0.309593141078949,1,1,6,18,1,-32.993669020489705,-456.5887451171875,283.1734313964844,-454.23699951171875,282.3811340332031,1,-454.23699951171875,282.3811340332031,2124.306396484375,-3.8412423133850098,0.2722763419151306,0.8019981980323792,4.0,4.0,1,2120.308349609375,-4.149815082550049,4.346620676586285,21.144685745239258,8.323076248168945,0.8429324256217853,2120.308349609375,-4.149815082550049,2120.308349609375,-1.954479108987024,0.0,-2.195335973563025,0.0,1,0.06594085737495639,0.06593881202706113,-0.0005193648084342204,3.2147860527038574,-0.025059521198272705,0.7858416438102722,0.040969669818878174,-1.2627674014643673,0.0,-32.988022268315106,-32.988022268315106,20.148709239983813,3.6067299842834473,-0.08407900482416153,0.10332098087594176,1.0,2118.9834729065215,0.729295379095088,9,9,10,0.6655373450225142,0.9773008009623786,1.4305746831314536,3.1620333668038922,-456.30246656087775,289.0874002675895,0.06594085737497556,0.05275268589996511,0.013188171475010446,0,0.9630318697073249,nan
GT+smooth-jitter_controlled_forward3x6_SoftMS_local_prior_3frame_causal_heading_continuous_waypoint_RNN_polynomial_Kalman,1,controlled_gt_jitter,8.0,-458.8193558716014,289.9869384320243,-2.9037369751170234,1.836425736711831,0,0,6,-456.3030245775742,289.0219881971963,-455.9156188964844,288.1505126953125,-1,-456.30303955078125,289.0220031738281,-456.3030245775742,289.0219881971963,0.0,0,0.0,0.0,1039,/yh/study/uav-sat/v36_GvsK/v36_training_data/routes/route_C/vi/vi_001039.jpg,-455.9156188964844,288.1505126953125,2120.414047589653,0.1374148380046487,10,0.05233156040939706,0.05233156040939706,1,0.05233156040939706,-53.083324844536065,0.053406663762854564,2119.0488853509682,0.7287830830302875,-456.24709747168816,289.0525676062199,0.9610312732223043,4.278699081334279,1,0.0,0,0,0.8167468683755771,1.0,2116.36962890625,0.1709262728691101,1,1,6,18,1,-32.99169264122034,-456.5887451171875,283.1734313964844,-453.9605407714844,282.5586242675781,1,-453.9605407714844,282.5586242675781,2124.445068359375,-3.543459415435791,0.3198864459991455,0.7569940090179443,4.0,4.0,1,2120.447021484375,-3.8589422702789307,4.054049935012803,21.117023468017578,8.319723129272461,0.8167468683755771,2120.447021484375,-3.8589422702789307,2120.447021484375,-1.9688492497894146,0.0,-1.890093020489516,0.0,1,0.06541445051174632,0.06541244444672357,-0.0005122960648004975,3.199289560317993,-0.024333717301487923,0.782164454460144,0.041089292615652084,-1.2613342356774282,0.0,-32.986589102528164,-32.986589102528164,20.096735742007898,3.589418411254883,-0.08282177150249481,0.1034696067985293,1.0,2119.0173949852,0.6733637877189614,9,9,10,0.6316152663438714,0.9784577668658776,1.396652604452811,3.146957999908596,-456.3030245775742,289.0219881971963,0.06541445051174812,0.05233156040939706,0.013082890102351058,0,0.9537047300524072,nan
GT+smooth-jitter_controlled_forward3x6_SoftMS_local_prior_3frame_causal_heading_continuous_waypoint_RNN_polynomial_Kalman,1,controlled_gt_jitter,8.0,-458.6209337708679,289.69048760730584,-2.9777758118835385,1.7404448826964787,0,0,6,-456.21172102110495,288.60913245213777,-455.6431579589844,287.9500427246094,-1,-456.21173095703125,288.609130859375,-456.21172102110495,288.60913245213777,0.0,0,0.0,0.0,1040,/yh/study/uav-sat/v36_GvsK/v36_training_data/routes/route_C/vi/vi_001040.jpg,-455.6431579589844,287.9500427246094,2120.414047589653,0.11363062512774373,10,0.33826494293244563,0.33826494293244563,1,0.33826494293244563,-36.344708797017006,12.000000000000002,2119.4402136036774,0.6701047202724217,-455.94509753652534,288.7968783596999,0.8990540035753235,4.302901528237405,1,0.0,0,0,0.8355275513565914,1.0,2116.6943359375,0.023110903799533844,1,1,6,18,1,-32.98990644003067,-456.5887451171875,283.1734313964844,-454.12060546875,282.06121826171875,1,-454.12060546875,282.06121826171875,2124.57568359375,-4.049399375915527,0.2857397496700287,0.7932800054550171,4.0,4.0,1,2120.57763671875,-4.362864971160889,4.502034394393231,21.074771881103516,8.31007194519043,0.8355275513565914,2120.57763671875,-4.362864971160889,2120.57763671875,-2.058515739465954,0.0,-2.304349231694934,0.0,1,0.42283117866555703,0.4228186184773361,-0.003259067446539734,3.195864200592041,-0.0246867798268795,0.7833940386772156,0.04079975560307503,-1.2704948000148846,0.0,-32.99574966686563,-32.99574966686563,3.348959130151378,3.5865838527679443,-0.0838310495018959,0.09543808022352009,1.0,2119.3121547088194,0.37020885870802944,9,9,10,0.33685554272453544,0.9885110113378062,1.101892880833475,2.8575992576595954,-456.21172102110495,288.60913245213777,0.42283117866565306,0.33826494293244563,0.08456623573320743,0,0.8704385242746212,nan
GT+smooth-jitter_controlled_forward3x6_SoftMS_local_prior_3frame_causal_heading_continuous_waypoint_RNN_polynomial_Kalman,1,controlled_gt_jitter,8.0,-458.42002651963577,289.39152858211446,-3.0489327696357416,1.6416811700050633,0,0,6,-456.21917434464785,288.1869699692431,-455.37109375,287.7498474121094,-1,-456.21917724609375,288.1869812011719,-456.21917434464785,288.1869699692431,0.0,0,0.0,0.0,1041,/yh/study/uav-sat/v36_GvsK/v36_training_data/routes/route_C/vi/vi_001041.jpg,-455.37109375,287.7498474121094,2120.4781491865374,0.0898664700027994,10,0.33778261790279607,0.33778261790279607,1,0.33778261790279607,-36.34706487491456,-0.002356077897556643,2119.734370409161,0.366950579884322,-455.854770358336,288.3835981109412,0.7972346014324967,4.206111120257846,1,0.0,0,0,0.8538599656856434,1.0,2117.0224609375,-0.12553109228610992,1,1,6,18,1,-32.99197379124321,-456.5887451171875,283.1734313964844,-454.4245910644531,282.5721435546875,1,-454.4245910644531,282.5721435546875,2124.045654296875,-3.780087471008301,0.25240808725357056,0.8132795691490173,4.0,4.0,1,2120.0478515625,-4.085668563842773,4.193350152009603,20.9350528717041,8.277467727661133,0.8538599656856434,2120.0478515625,-4.085668563842773,2120.0478515625,-2.39191836349699,0.0,-1.6937502003457836,0.0,1,0.4222282723784951,0.4222157003414672,-0.0032582788237074524,3.1879723072052,-0.02339567057788372,0.7750368714332581,0.04155443608760834,-1.2657758863503463,0.0,-32.99103075320108,-32.99103075320108,3.3560341217134786,3.5745601654052734,-0.08160097151994705,0.0950658454770171,1.0,2119.527807780439,0.007206838470371513,10,9,10,0.12120247110480875,0.9958661988902117,0.9503414060982323,2.850189689302404,-456.21917434464785,288.1869699692431,0.4222282723783971,0.33778261790279607,0.08444565447560104,0,0.9541052483732425,nan
GT+smooth-jitter_controlled_forward3x6_SoftMS_local_prior_3frame_causal_heading_continuous_waypoint_RNN_polynomial_Kalman,1,controlled_gt_jitter,8.0,-458.2157377338004,289.08958437283025,-3.117104921300357,1.5402069314239681,0,0,6,-456.28497538937523,287.76888260247483,-455.0986328125,287.54937744140625,-1,-456.28497314453125,287.7688903808594,-456.28497538937523,287.76888260247483,0.0,0,0.0,0.0,1042,/yh/study/uav-sat/v36_GvsK/v36_training_data/routes/route_C/vi/vi_001042.jpg,-455.0986328125,287.54937744140625,2120.8155769311506,0.06608225712589444,10,0.33826494293244563,0.33826494293244563,1,0.33826494293244563,-36.344708797017006,0.002356077897556643,2119.950627037664,0.004031720918126185,-455.8628424230976,287.95930886175825,0.8672139864656053,3.928840399555229,1,0.0,0,0,0.871462599370517,1.0,2117.35498046875,-0.2749340534210205,1,1,6,18,1,-32.99190528992469,-456.5887451171875,283.1734313964844,-454.1179504394531,283.13653564453125,1,-454.1179504394531,283.13653564453125,2124.003173828125,-3.139183759689331,0.2204032987356186,0.8410778641700745,4.0,4.0,1,2120.00537109375,-3.440197706222534,3.5907220196345655,20.96722984313965,8.28406810760498,0.871462599370517,2120.00537109375,-3.440197706222534,2120.00537109375,-2.783881568043227,0.0,-0.656316138179307,0.0,1,0.42283117866555703,0.42281925722492075,-0.0031751175522453275,3.197507381439209,-0.02433914691209793,0.7812899351119995,0.04111406207084656,-1.3017187963621863,0.0,-33.02697923075488,-33.02697923075488,3.3177295662621193,3.5871405601501465,-0.08529436588287354,0.11905539998722652,1.0,2119.6916908768835,-0.3825732743516048,10,10,11,546.2870225580564,7.812246907092337e-05,1.1238860542671318,2.8592424385067634,-456.28497538937523,287.76888260247483,0.4232337696101551,0.33826494293244563,0.08496882667770944,0,1.20647885412166,nan
GT+smooth-jitter_controlled_forward3x6_SoftMS_local_prior_3frame_causal_heading_continuous_waypoint_RNN_polynomial_Kalman,1,controlled_gt_jitter,8.0,-457.67840613103846,288.62933566754737,-3.18219031072596,1.4360983628598543,0,0,6,-456.21689008626345,286.89249148347636,-454.4962158203125,287.1932373046875,-1,-456.2168884277344,286.8924865722656,-456.21689008626345,286.89249148347636,0.0,0,0.0,0.0,1043,/yh/study/uav-sat/v36_GvsK/v36_training_data/routes/route_C/vi/vi_001043.jpg,-454.4962158203125,287.1932373046875,2121.515076668528,0.08710954576841634,10,0.6998157110684815,0.6998157110684815,1,0.6998157110684815,-30.59095999668134,5.753748800335662,2120.5664354802566,-0.3891914234908888,-455.5491860361738,287.2956755498052,1.0579413355918192,3.73796822656245,1,0.0,0,0,0.8621219152546302,1.0,2118.053955078125,-0.3838581144809723,1,1,6,18,1,-33.006509637123735,-456.5887451171875,283.1734313964844,-454.035400390625,282.9313049316406,1,-454.035400390625,282.9313049316406,2124.1826171875,-3.2685065269470215,0.23738636076450348,0.8285560607910156,4.0,4.0,1,2120.1845703125,-3.582003116607666,3.8903736118979193,21.077648162841797,8.309860229492188,0.8621219152546302,2120.1845703125,-3.582003116607666,2120.1845703125,-3.161692583661029,0.0,-0.4203105329466372,0.0,1,0.8747696388356018,0.8747446033732014,-0.006618149139283998,3.202587127685547,-0.02460014447569847,0.7829857468605042,0.041014399379491806,-1.2709798501676612,0.0,-32.99718437393168,-32.99718437393168,2.406224377250338,3.593104839324951,-0.08381209522485733,0.1297106484310778,1.0,2120.2104953957974,-1.0868912367684158,10,10,11,545.7682180391425,0.0010277404669407615,1.304581272730502,2.5027714166170654,-456.21689008626345,286.89249148347636,0.8790318549172229,0.6998157110684815,0.1792161438487414,0,1.746759278916758,nan
GT+smooth-jitter_controlled_forward3x6_SoftMS_local_prior_3frame_causal_heading_continuous_waypoint_RNN_polynomial_Kalman,1,controlled_gt_jitter,8.0,-457.1378869314158,288.1665022224913,-3.244088103290754,1.329435572100704,0,0,6,-456.34677699979994,286.02413338035313,-453.893798828125,286.8370666503906,-1,-456.3467712402344,286.0241394042969,-456.34677699979994,286.02413338035313,0.0,0,0.0,0.0,1044,/yh/study/uav-sat/v36_GvsK/v36_training_data/routes/route_C/vi/vi_001044.jpg,-453.893798828125,286.8370666503906,2122.2145927187976,0.10811104270476984,10,0.6998312421280565,0.6998312421280565,1,0.6998312421280565,-30.59311076136264,-0.002150764681299735,2121.0852589897772,-1.093565163736163,-455.4811826040348,286.41926924658037,1.641445071469736,3.5082251269374822,1,0.0,0,0,0.8838158199525252,1.0,2118.757080078125,-0.4933045208454132,1,1,6,18,1,-33.007342326564974,-456.5887451171875,283.1734313964844,-454.3091125488281,282.9896240234375,1,-454.3091125488281,282.9896240234375,2123.920166015625,-3.3655288219451904,0.19794289767742157,0.860221803188324,4.0,4.0,1,2119.92236328125,-3.6724987030029297,4.401671181974343,21.030052185058594,8.298460960388184,0.8838158199525252,2119.92236328125,-3.6724987030029297,2119.92236328125,-3.6724987030029297,0.0,0.0,0.0,1,0.8747890526600706,0.8747635939799581,-0.006673926967747057,3.200634002685547,-0.024726703763008118,0.7829229831695557,0.04088998958468437,-1.282941325673352,0.0,-33.010653848647884,-33.010653848647884,2.4175430872852415,3.5910990238189697,-0.08470649272203445,0.1544089472731706,1.0,2120.5567207044082,-1.8902491410247038,10,10,11,545.4219927305317,0.0016614700748926463,1.6578720143893406,2.5008027605574905,-456.34677699979994,286.02413338035313,0.878018454001855,0.6998312421280565,0.1781872118737985,0,2.584175383414909,nan
GT+smooth-jitter_controlled_forward3x6_SoftMS_local_prior_3frame_causal_heading_continuous_waypoint_RNN_polynomial_Kalman,1,controlled_gt_jitter,8.0,-456.59371436754685,287.7010155119912,-3.302698742546833,1.2203026213662016,0,0,6,-456.4095126548242,285.3678885075743,-453.291015625,286.480712890625,-1,-456.4095153808594,285.3678894042969,-456.4095126548242,285.3678885075743,0.0,0,0.0,0.0,1045,/yh/study/uav-sat/v36_GvsK/v36_training_data/routes/route_C/vi/vi_001045.jpg,-453.291015625,286.480712890625,2122.9145161468973,0.12915354411518454,10,0.7002396675915552,0.7002396675915552,1,0.7002396675915552,-30.590757459244713,0.0023533021179287434,2121.431994460941,-1.896973256765491,-455.610773090642,285.5506627502875,2.4992534811306446,3.383700752337605,1,0.0,0,0,0.8856511594689265,1.0,2119.64892578125,-0.604944109916687,1,1,6,18,1,-33.01294789045513,-456.5887451171875,283.1734313964844,-454.32696533203125,283.17529296875,1,-454.32696533203125,283.17529296875,2123.805908203125,-3.2181551456451416,0.19460591673851013,0.8535882234573364,4.0,4.0,1,2119.807861328125,-3.5272862911224365,4.774527073516737,21.069393157958984,8.30734634399414,0.8856511594689265,2119.807861328125,-3.5272862911224365,2119.807861328125,-3.5272862911224365,0.0,0.0,0.0,0,0.875299584489444,0.8752737565327192,-0.006724115740787125,3.207703113555908,-0.024687031283974648,0.7841051816940308,0.04106823354959488,-1.2793905878002974,0.0,-33.00890180452952,-33.00890180452952,2.4181443452848055,3.5987656116485596,-0.08452623337507248,0.10668145463239716,1.0,2120.8485615757872,-2.478434301416436,10,10,11,545.1301518591526,0.0021956545969467976,2.065954571110069,2.507463445964353,-456.4095126548242,285.3678885075743,0.6592367522065223,0.7002396675915552,0.0,0,3.311102812135931,nan
GT+smooth-jitter_controlled_forward3x6_SoftMS_local_prior_3frame_causal_heading_continuous_waypoint_RNN_polynomial_Kalman,1,controlled_gt_jitter,8.0,-455.5803362220026,286.9143600729759,-3.3579241126276065,1.1087875632103064,0,0,6,-456.0784755045667,284.761707891663,-452.222412109375,285.8055725097656,-1,-456.0784606933594,284.76171875,-456.0784755045667,284.761707891663,0.0,0,0.0,0.0,1046,/yh/study/uav-sat/v36_GvsK/v36_training_data/routes/route_C/vi/vi_001046.jpg,-452.222412109375,285.8055725097656,2124.178528654817,0.12977587524665793,10,1.2640126611205489,1.2640126611205489,1,1.2640126611205489,-32.28457004134678,-1.6938125821020706,2122.4285306870406,-2.4905841640373656,-455.0812522667714,284.51339801333773,3.1373048903096663,3.3081367329893387,1,0.0,0,0,0.8952523091769591,1.0,2120.747802734375,-0.7280881404876709,1,1,6,18,1,-33.02584742103883,-456.5887451171875,283.1734313964844,-454.414794921875,283.3557434082031,1,-454.414794921875,283.3557434082031,2123.63525390625,-3.1125972270965576,0.17714928090572357,0.8621196746826172,4.0,4.0,1,2119.63720703125,-3.4191510677337646,5.735926454464566,21.070850372314453,8.307328224182129,0.8952523091769591,2119.63720703125,-3.4191510677337646,2119.63720703125,-3.4191510677337646,0.0,0.0,0.0,0,1.580015826400686,1.5799691112534242,-0.01214986262092971,3.2077836990356445,-0.024871889501810074,0.7838624119758606,0.04092780873179436,-1.2792005164423006,0.0,-33.01387594339816,-33.01387594339816,0.7293059020513801,3.598719358444214,-0.0847683846950531,0.18017104846705423,1.0,2121.4492030953484,-2.813805303226102,10,10,11,544.5295103395915,0.0032950667578841553,2.7293255594686343,1.9437710379150956,-456.0784755045667,284.761707891663,0.690681210079767,1.2640126611205489,0.0,0,3.9948564741006662,nan
GT+smooth-jitter_controlled_forward3x6_SoftMS_local_prior_3frame_causal_heading_continuous_waypoint_RNN_polynomial_Kalman,1,controlled_gt_jitter,8.0,-454.56344578228925,286.1253840806818,-3.4096677061174026,0.9949824693536784,0,0,6,-455.83603423423097,284.27444217248586,-451.1537780761719,285.1304016113281,-1,-455.8360290527344,284.2744445800781,-455.83603423423097,284.27444217248586,0.0,0,0.0,0.0,1047,/yh/study/uav-sat/v36_GvsK/v36_training_data/routes/route_C/vi/vi_001047.jpg,-451.1537780761719,285.1304016113281,2125.4425832673355,0.13038872756449932,10,1.26405476108311,1.26405476108311,1,1.26405476108311,-32.28500062687795,-0.0004305855311685818,2123.029224403372,-2.8260109230469417,-454.7504857833387,283.9073188072026,3.798978530676488,3.2695692226508166,1,0.0,0,0,0.8969994390344993,1.0,2122.029052734375,-0.8513159155845642,1,1,6,18,1,-33.035860268916075,-456.5887451171875,283.1734313964844,-454.39892578125,283.1099853515625,1,-454.39892578125,283.1099853515625,2123.780029296875,-3.3118152618408203,0.17397268116474152,0.868868350982666,4.0,4.0,1,2119.781982421875,-3.6174843311309814,6.757883981558799,21.08642578125,8.310687065124512,0.8969994390344993,2119.781982421875,-3.6174843311309814,2119.781982421875,-3.6174843311309814,0.0,0.0,0.0,0,1.5800684513538874,1.580021308023617,-0.012205619820839893,3.2117972373962402,-0.02514638938009739,0.7858299612998962,0.04082930088043213,-1.2854794880019522,0.0,-33.02541980650235,-33.02541980650235,0.7404191796243969,3.603698968887329,-0.08559854328632355,0.23589181216018879,1.0,2121.9120009078556,-3.0960310762737984,10,10,11,544.0667125270843,0.00414217027396715,3.530582359479922,1.9477424763131301,-455.83603423423097,284.27444217248586,0.5442477842372931,1.26405476108311,0.0,0,4.759851813935538,nan
GT+smooth-jitter_controlled_forward3x6_SoftMS_local_prior_3frame_causal_heading_continuous_waypoint_RNN_polynomial_Kalman,1,controlled_gt_jitter,8.0,-453.54212434783784,285.3336648485197,-3.457834797056616,0.8789834520353134,0,0,6,-454.53363555728583,283.3789911652945,-450.08428955078125,284.4546813964844,-1,-454.53363037109375,283.3789978027344,-454.53363555728583,283.3789911652945,0.0,0,0.0,0.0,1048,/yh/study/uav-sat/v36_GvsK/v36_training_data/routes/route_C/vi/vi_001048.jpg,-450.08428955078125,284.4546813964844,2126.707653679695,0.13099409016363628,10,1.2650705571985688,1.2650705571985688,1,1.2650705571985688,-32.285362145736215,-0.00036151885826380103,2123.4932912185373,-3.1083373774582355,-454.5072781973187,283.41944599419065,4.542525828827136,3.681946068685559,1,0.0,0,0,0.6458328581494844,1.0,2123.3154296875,-0.9744935035705566,1,1,6,18,1,-33.046867098286896,-442.4858093261719,268.8093566894531,-446.2746276855469,278.0140686035156,1,-446.2746276855469,278.0140686035156,2133.3701171875,-3.275822401046753,0.6247318387031555,0.18779580295085907,4.0,7.685456275939941,1,2129.372314453125,-3.5799524784088135,4.582231264643385,21.029067993164062,11.984382629394531,0.6458328581494844,2129.372314453125,-3.5799524784088135,2127.519331578448,-3.5799524784088135,1.8529828746766661,0.0,0.0,1,1.5813381964982107,1.581290310681556,-0.012306301184437296,3.2020819187164307,-0.024445421993732452,0.7821036577224731,0.04108584299683571,-1.2805694357623592,0.0,-33.046195170108554,-33.046195170108554,0.7608330243723384,3.592149019241333,-0.08420192450284958,0.15866193948457777,1.0,2123.49217799358,-3.1566187768097644,10,10,11,542.48653544136,0.007034520948874165,3.2154756861150418,1.937011361517862,-454.53363555728583,283.3789911652945,1.5805299174607357,1.2650705571985688,0.3154593602621669,0,4.577530923879772,nan
GT+smooth-jitter_controlled_forward3x6_SoftMS_local_prior_3frame_causal_heading_continuous_waypoint_RNN_polynomial_Kalman,1,controlled_gt_jitter,8.0,-451.92878525544836,284.13949175171024,-3.502332618729627,0.7608906774914644,0,0,6,-452.4040848906966,282.13451287557547,-448.42645263671875,283.37860107421875,-1,-452.4040832519531,282.134521484375,-452.4040848906966,282.13451287557547,0.0,0,0.0,0.0,1049,/yh/study/uav-sat/v36_GvsK/v36_training_data/routes/route_C/vi/vi_001049.jpg,-448.42645263671875,283.37860107421875,2128.68397123426,0.1077343156115894,10,1.9764544248718623,1.9764544248718623,1,1.9764544248718623,-32.98707656685116,-0.7017144211149406,2125.9626727687782,-3.175644074745253,-452.4585675008632,282.0439937545304,4.247249342270857,3.868246469743924,1,0.0,0,0,0.65750536698889,1.0,2125.3173828125,-1.1213444471359253,1,1,6,18,1,-33.10683279455739,-442.4858093261719,268.8093566894531,-445.6956787109375,278.7597961425781,1,-445.6956787109375,278.7597961425781,2133.460693359375,-2.336104393005371,0.6041650772094727,0.13106873631477356,4.0,7.271989822387695,1,2129.462890625,-2.63887882232666,2.859608405948786,21.03276252746582,11.571333885192871,0.65750536698889,2129.462890625,-2.63887882232666,2129.462890625,-2.63887882232666,0.0,0.0,0.0,1,2.4705680310898277,2.4704947751981856,-0.019025297935488412,3.203665018081665,-0.02461075782775879,0.7829161882400513,0.04102082550525665,-1.283018912353455,0.0,-33.1088186137755,-33.1088186137755,0.12174204692434298,3.594130039215088,-0.08459783345460892,0.1607468077043826,1.0,2125.961227663751,-3.070015529342947,10,10,11,540.0174857711891,0.011553860929446593,2.72274357050901,1.2272105932098027,-452.4040848906966,282.13451287557547,2.4665182454530314,1.9764544248718623,0.49006382058116915,0,4.1676508723606345,nan
GT+smooth-jitter_controlled_forward3x6_SoftMS_local_prior_3frame_causal_heading_continuous_waypoint_RNN_polynomial_Kalman,1,controlled_gt_jitter,8.0,-450.3118693739833,282.94342067587274,-3.5430705458583303,0.6408083711852498,0,0,6,-450.29816885547933,280.8517419213866,-446.768798828125,282.3026123046875,-1,-450.29815673828125,280.85174560546875,-450.29816885547933,280.8517419213866,0.0,0,0.0,0.0,1050,/yh/study/uav-sat/v36_GvsK/v36_training_data/routes/route_C/vi/vi_001050.jpg,-446.768798828125,282.3026123046875,2130.6600850999102,0.08445403882252074,10,1.9762509914741948,1.9762509914741948,1,1.9762509914741948,-32.98774042685886,-0.0006638600077059044,2128.431468352759,-3.089013138472084,-450.32996422314557,280.80014400061833,3.865140356497351,4.345385895170164,1,0.0,0,0,0.4324950423807009,1.0,2127.3232421875,-1.2678874731063843,1,1,6,18,1,-33.185400011171396,-442.4858093261719,268.8093566894531,-445.9413146972656,278.9179382324219,1,-445.9413146972656,278.9179382324219,2133.168701171875,-2.333754301071167,0.6244964003562927,0.034612298011779785,4.0,7.683220863342285,1,2129.170654296875,-2.6426379680633545,3.0988285626227485,21.109573364257812,11.999883651733398,0.4324950423807009,2129.170654296875,-2.6426379680633545,2129.170654296875,-2.6426379680633545,0.0,0.0,0.0,1,2.4703137393427435,2.4702406890084427,-0.01899760912913725,3.2113397121429443,-0.024940460920333862,0.7851777076721191,0.04093519225716591,-1.2751294035318557,0.0,-33.17881852891005,-33.17881852891005,0.19107810205118347,3.6029365062713623,-0.08467131108045578,0.004793110823078112,1.0,2128.4311909813414,-3.0284080715654618,10,10,11,537.5475224535985,0.016074873247097242,2.22889411856886,1.2350887206687495,-450.29816885547933,280.8517419213866,2.4658433989805335,1.9762509914741948,0.4895924075063387,0,3.8159504267124444,nan
GT+smooth-jitter_controlled_forward3x6_SoftMS_local_prior_3frame_causal_heading_continuous_waypoint_RNN_polynomial_Kalman,1,controlled_gt_jitter,8.0,-448.6907696069721,281.74528524411784,-3.5799602808002127,0.518844814430319,0,0,6,-448.033650295958,279.8802999556382,-445.1108093261719,281.2264404296875,-1,-448.0336608886719,279.88031005859375,-448.033650295958,279.8802999556382,0.0,0,0.0,0.0,1051,/yh/study/uav-sat/v36_GvsK/v36_training_data/routes/route_C/vi/vi_001051.jpg,-445.1108093261719,281.2264404296875,2132.636580551685,0.06119845361492888,10,1.9766322604692526,1.9766322604692526,1,1.9766322604692526,-32.98689445510522,0.0008459717536393228,2130.9019074476555,-3.0475124191540264,-448.22412604621144,279.51729935144914,3.5516058656049787,4.461537108109043,1,0.0,0,0,0.5818351959698984,1.0,2129.333740234375,-1.4139387607574463,1,1,6,18,1,-33.271019760915294,-437.75439453125,268.7794494628906,-441.2403564453125,277.83709716796875,1,-441.2403564453125,277.83709716796875,2137.719482421875,-0.7343648076057434,0.6092331409454346,0.09138444066047668,4.0,8.817483901977539,1,2133.721435546875,-1.0448975563049316,1.5520954663627549,21.120990753173828,13.136577606201172,0.5818351959698984,2133.721435546875,-1.0448975563049316,2133.721435546875,-1.0448975563049316,0.0,0.0,0.0,1,2.4707903255865653,2.470716466314049,-0.019104347588564684,3.212254762649536,-0.024964548647403717,0.7851992845535278,0.04094700515270233,-1.2706759067495959,0.0,-33.261167211951765,-33.261167211951765,0.27427275684654,3.603868246078491,-0.08442997187376022,0.11843609622699157,1.0,2130.8710864303225,-2.6389019341901983,10,10,11,535.1076270046174,0.020540849441992307,1.7654941213622806,1.2356225021802836,-448.033650295958,279.8802999556382,2.464090866675502,1.9766322604692526,0.4874586062062496,0,3.2179331115693026,nan
GT+smooth-jitter_controlled_forward3x6_SoftMS_local_prior_3frame_causal_heading_continuous_waypoint_RNN_polynomial_Kalman,1,controlled_gt_jitter,8.0,-446.55294900231104,280.2493298613686,-3.612916043326684,0.3951123320717528,0,0,6,-445.48808595522127,277.93155467012406,-442.9400329589844,279.8542175292969,-1,-445.48809814453125,277.9315490722656,-445.48808595522127,277.93155467012406,0.0,0,0.0,0.0,1052,/yh/study/uav-sat/v36_GvsK/v36_training_data/routes/route_C/vi/vi_001052.jpg,-442.9400329589844,279.8542175292969,2135.204705414143,0.06184306098332274,10,2.5681249433577444,2.5681249433577444,1,2.5681249433577444,-32.2983979506603,0.6884965044449249,2134.081146110221,-2.6637926217166883,-445.33847384344114,278.1461580789006,2.944483955181572,4.935062880324626,1,0.0,0,0,0.4528333408355827,1.0,2131.940185546875,-1.5354819297790527,1,1,6,18,1,-33.38345106720342,-437.75439453125,268.7794494628906,-441.6734924316406,272.6175537109375,1,-441.6734924316406,272.6175537109375,2140.143310546875,-5.377152442932129,0.6555474996566772,0.04921343922615051,4.0,6.638369560241699,1,2136.145263671875,-5.684990406036377,5.825478390146345,21.123924255371094,10.958154678344727,0.4528333408355827,2136.145263671875,-5.684990406036377,2136.145263671875,-4.760967634095399,0.0,-0.9240227719409773,0.0,1,3.2101561791971807,3.210059679898849,-0.02489068752648988,3.2141499519348145,-0.02526983991265297,0.7874017953872681,0.040791671723127365,-1.2762046247176038,0.0,-33.38286132329715,-33.38286132329715,1.08446337263685,3.6068472862243652,-0.08522731810808182,0.042495887903319755,1.0,2134.0684558536373,-2.925138664346962,10,10,11,531.9102575813026,0.026393303380857543,1.136249560505803,0.64602500857707,-445.48808595522127,277.93155467012406,3.205854956270483,2.5681249433577444,0.6377300129127383,0,3.1920536558263533,nan
GT+smooth-jitter_controlled_forward3x6_SoftMS_local_prior_3frame_causal_heading_continuous_waypoint_RNN_polynomial_Kalman,1,controlled_gt_jitter,8.0,-444.4108672147077,278.75159982950277,-3.64185476353584,0.26972727090902543,0,0,6,-442.8558201508512,276.1023277759404,-440.7690124511719,278.48187255859375,-1,-442.8558349609375,276.1023254394531,-442.8558201508512,276.1023277759404,0.0,0,0.0,0.0,1053,/yh/study/uav-sat/v36_GvsK/v36_training_data/routes/route_C/vi/vi_001053.jpg,-440.7690124511719,278.48187255859375,2137.773101861822,0.06251500466775153,10,2.568396535575573,2.568396535575573,1,2.568396535575573,-32.297789652959956,0.0006082977003439141,2137.278853527262,-2.9502229396224178,-442.7927043901014,276.1970662492092,3.0521580783262,5.147321415652874,1,0.0,0,0,0.45726496447570764,1.0,2134.551025390625,-1.6562471389770508,1,1,6,18,1,-33.48687758446803,-432.9012145996094,287.7821960449219,-437.00274658203125,272.12884521484375,1,-437.00274658203125,272.12884521484375,2144.35205078125,-3.293476104736328,0.7265758514404297,0.0658285915851593,4.0,4.420173645019531,1,2140.35400390625,-3.602843999862671,4.483938930933679,21.12969207763672,8.74083137512207,0.45726496447570764,2140.35400390625,-3.602843999862671,2140.35400390625,-3.602843999862671,0.0,0.0,0.0,1,3.2104956694694664,3.2103976736248896,-0.025084275275455703,3.2174630165100098,-0.025142941623926163,0.7879692316055298,0.04094739630818367,-1.2792412841339091,0.0,-33.48973811390382,-33.48973811390382,1.1919484609438669,3.610443353652954,-0.08529406785964966,0.06434436962695533,1.0,2137.275945842437,-3.06402860434246,10,10,11,528.7027675925028,0.03226428196779901,0.4971560193848745,0.6490664809344366,-442.8558201508512,276.1023277759404,3.205447596711087,2.568396535575573,0.637051061135514,0,3.164964414980607,nan
GT+smooth-jitter_controlled_forward3x6_SoftMS_local_prior_3frame_causal_heading_continuous_waypoint_RNN_polynomial_Kalman,1,controlled_gt_jitter,8.0,-442.0679108770425,277.1279784256003,-3.6666962774330973,0.14280996856904643,0,0,6,-440.1650897256105,274.3493874501948,-438.4012145996094,276.98516845703125,-1,-440.16510009765625,274.3493957519531,-440.1650897256105,274.3493874501948,0.0,0,0.0,0.0,1054,/yh/study/uav-sat/v36_GvsK/v36_training_data/routes/route_C/vi/vi_001054.jpg,-438.4012145996094,276.98516845703125,2140.5742782685393,0.06327127709266235,10,2.8011765088080405,2.8011765088080405,1,2.8011765088080405,-32.29731043465813,0.00047921830182805696,2140.491166770629,-3.089152468754768,-440.1552863351317,274.3645452840791,3.1534795810298215,5.540113741676318,1,0.0,0,0,0.3598797557894442,1.0,2137.399169921875,-1.7760329246520996,1,1,6,18,1,-33.56226974122217,-432.9012145996094,287.7821960449219,-436.47088623046875,272.25933837890625,1,-436.47088623046875,272.25933837890625,2144.73193359375,-2.8988897800445557,0.6900599598884583,0.019254982471466064,4.0,5.587996959686279,1,2140.73388671875,-3.206876277923584,3.274105500836185,21.115283966064453,9.905424118041992,0.3598797557894442,2140.73388671875,-3.206876277923584,2140.73388671875,-3.206876277923584,0.0,0.0,0.0,1,3.2153190861324674,3.2152209281921387,-0.02512386441230774,3.2172775268554688,-0.025034591555595398,0.7874523997306824,0.041021525859832764,-1.281318088528416,0.0,-33.566256847966464,-33.566256847966464,1.2689464133083381,3.609999656677246,-0.08526962995529175,0.00031714240497082165,1.0,2140.4909750444776,-3.107203315378118,10,10,11,525.4877383904623,0.0381490603045927,0.08330322406163759,0.4161010180474283,-440.1650897256105,274.3493874501948,3.2113595262662256,2.8011765088080405,0.4101830174581851,0,3.171529122698603,nan
GT+smooth-jitter_controlled_forward3x6_SoftMS_local_prior_3frame_causal_heading_continuous_waypoint_RNN_polynomial_Kalman,1,controlled_gt_jitter,8.0,-439.5303811028183,275.37978012271645,-3.687363524693275,0.014484712560185577,0,0,6,-437.75671248391495,272.33962298579377,-435.843017578125,275.36529541015625,-1,-437.7567138671875,272.3396301269531,-437.75671248391495,272.33962298579377,0.0,0,0.0,0.0,1055,/yh/study/uav-sat/v36_GvsK/v36_training_data/routes/route_C/vi/vi_001055.jpg,-435.843017578125,275.36529541015625,2143.602207964885,0.061708360244738907,10,3.0279300997089784,3.0279300997089784,1,3.0279300997089784,-32.34235354790743,-0.04504311324929993,2143.602207964885,-3.132278080464292,-437.55033354384517,272.6659211166152,3.1939864407090384,5.742135895266155,1,0.0,0,0,0.5107479395306483,1.0,2140.47802734375,-1.8970965147018433,1,1,6,18,1,-33.59149700030351,-433.0534362792969,263.9914245605469,-433.41937255859375,266.1561279296875,1,-433.41937255859375,266.1561279296875,2150.5732421875,-6.425814151763916,0.792445719242096,0.1015634685754776,4.0,4.0,1,2146.5751953125,-6.732892990112305,7.4165531939945195,21.11783218383789,8.317781448364258,0.5107479395306483,2146.5751953125,-6.732892990112305,2146.5751953125,-5.325012180689862,0.0,-1.4078808094224429,0.0,1,3.216449726211956,3.2163519859313965,-0.02507476508617401,3.218425750732422,-0.025107992812991142,0.7879053354263306,0.04100514203310013,-1.2809320761186045,0.0,-33.59370475223101,-33.59370475223101,1.2513512043235877,3.611372470855713,-0.08535761386156082,0.0685937957785381,1.0,2143.602207964885,-3.5183645177835596,10,10,11,522.3765054700548,0.04384385028631747,0.0,0.19049565102344346,-437.75671248391495,272.33962298579377,3.136787232294589,3.0279300997089784,0.10885713258561047,0,3.580072878028318,nan
GT+smooth-jitter_controlled_forward3x6_SoftMS_local_prior_3frame_causal_heading_continuous_waypoint_RNN_polynomial_Kalman,1,controlled_gt_jitter,8.0,-436.96721048247474,273.6167522478594,-3.703782748099752,-0.11512031073434621,0,0,6,-435.5505536756206,270.2471387271905,-433.263427734375,273.73187255859375,-1,-435.5505676269531,270.24713134765625,-435.5505536756206,270.2471387271905,0.0,0,0.0,0.0,1056,/yh/study/uav-sat/v36_GvsK/v36_training_data/routes/route_C/vi/vi_001056.jpg,-433.263427734375,273.73187255859375,2146.6554605716046,0.06012926355887533,10,3.053253015061922,3.053253015061922,1,3.053253015061922,-32.34241188964453,-5.834173710258145e-05,2146.6554605716046,-3.5434575572812927,-435.18969215090016,270.68632771850974,3.603586820840219,5.755587609536517,1,0.0,0,0,0.5460151376164333,1.0,2143.586669921875,-2.0169870853424072,1,1,6,18,1,-33.59227635946268,-433.0534362792969,263.9914245605469,-433.7693176269531,265.9744873046875,1,-433.7693176269531,265.9744873046875,2150.37451171875,-6.76638650894165,0.7774832844734192,0.11237861216068268,4.0,4.0,1,2146.376953125,-7.0705485343933105,7.13611464706271,20.66476058959961,8.22814655303955,0.5460151376164333,2146.376953125,-7.0705485343933105,2146.376953125,-5.794382534348408,0.0,-1.2761660000449027,0.0,0,3.2175904285115604,3.2174925804138184,-0.025093039497733116,3.1004176139831543,-0.02115420065820217,0.7568276524543762,0.04096318408846855,-1.2323109476250458,0.0,-33.545090317746755,-33.545090317746755,1.202678428102227,3.4780125617980957,-0.07548898458480835,0.029338430926863137,1.0,2146.5852455771924,-4.107530127682841,10,10,11,519.3934678577475,0.049303992019277404,0.07021499441225387,0.04716459892123215,-435.5505536756206,270.2471387271905,3.0406622732420057,3.053253015061922,0.0,0,4.168250825807537,nan
GT+smooth-jitter_controlled_forward3x6_SoftMS_local_prior_3frame_causal_heading_continuous_waypoint_RNN_polynomial_Kalman,1,controlled_gt_jitter,8.0,-434.4169029812485,271.863501922658,-3.7158836941391327,-0.24587307734201064,0,0,6,-432.84974408140977,268.7121063519879,-430.7010192871094,272.109375,-1,-432.8497314453125,268.71209716796875,-432.84974408140977,268.7121063519879,0.0,0,0.0,0.0,1057,/yh/study/uav-sat/v36_GvsK/v36_training_data/routes/route_C/vi/vi_001057.jpg,-430.7010192871094,272.109375,2149.6883524321725,0.0585994391569976,10,3.0328922463979677,3.0328922463979677,1,3.0328922463979677,-32.341679996394646,0.0007318932498855299,2149.6883524321725,-4.130456804701245,-432.94024103547986,268.5690249924679,4.189056243858249,5.31366870155483,1,0.0,0,0,0.5648111330306903,1.0,2146.679443359375,-2.1354901790618896,1,1,6,18,1,-33.5757612822147,-423.59063720703125,263.9316711425781,-428.26007080078125,266.57269287109375,1,-428.26007080078125,266.57269287109375,2154.7109375,-3.3158998489379883,0.7779514193534851,0.16751764714717865,4.0,4.0,1,2150.71337890625,-3.6165640354156494,3.815429967564982,20.748130798339844,8.244230270385742,0.5648111330306903,2150.71337890625,-3.6165640354156494,2150.71337890625,-3.6165640354156494,0.0,0.0,0.0,1,3.1531847948090723,3.1531014442443848,-0.022926677018404007,3.122842311859131,-0.02176404930651188,0.7594726085662842,0.04105808585882187,-1.213699642632113,0.0,-33.526479012753825,-33.526479012753825,1.1847990163591797,3.5017666816711426,-0.07542449980974197,0.010738021073418657,1.0,2149.6883524321725,-3.961158328222369,10,10,11,516.2903610027674,0.054983908078936335,0.0,0.08995006546116313,-432.84974408140977,268.7121063519879,3.106557074496035,3.0328922463979677,0.0736648280980674,0,4.019757767379403,nan
GT+smooth-jitter_controlled_forward3x6_SoftMS_local_prior_3frame_causal_heading_continuous_waypoint_RNN_polynomial_Kalman,1,controlled_gt_jitter,8.0,-430.5735754001521,269.2321644486404,-3.723599814214571,-0.3776377974533369,0,0,6,-429.03503550650197,266.1573727360096,-426.8499755859375,269.60980224609375,-1,-429.0350341796875,266.1573791503906,-429.03503550650197,266.1573727360096,0.0,0,0.0,0.0,1058,/yh/study/uav-sat/v36_GvsK/v36_training_data/routes/route_C/vi/vi_001058.jpg,-426.8499755859375,269.60980224609375,2154.2791574128473,0.004644181606826341,10,4.591122035015629,4.591122035015629,1,4.591122035015629,-32.986139755853166,-0.6444597594585236,2154.2791574128473,-3.983445559161042,-428.98177252589824,266.2392975973516,3.988089740767933,5.065298794307015,1,0.0,0,0,0.5557950125968829,1.0,2151.333984375,-2.3049299716949463,1,1,6,18,1,-33.558512493239476,-423.59063720703125,263.9316711425781,-424.5811767578125,263.4199523925781,1,-424.5811767578125,263.4199523925781,2159.50537109375,-4.0138959884643555,0.7943443655967712,0.16472963988780975,4.0,4.0,1,2155.5078125,-4.325409889221191,4.500995620913276,20.752553939819336,8.246149063110352,0.5557950125968829,2155.5078125,-4.325409889221191,2155.5078125,-4.325409889221191,0.0,0.0,0.0,1,4.591150766429381,4.591096670668369,-0.02228723093867302,3.1178555488586426,-0.022010471671819687,0.7608720660209656,0.040804002434015274,-1.192430647000105,0.0,-33.50521001712182,-33.50521001712182,0.519070261268648,3.4975006580352783,-0.07440875470638275,0.01372838114995372,1.0,2154.277934783636,-4.08115499159467,10,10,11,511.70077865130406,0.0633846637484898,0.0012226292114974058,1.4732664861569864,-429.03503550650197,266.1573727360096,4.591150766429336,4.591122035015629,2.8731413706850617e-05,0,4.0857993561305666,nan
GT+smooth-jitter_controlled_forward3x6_SoftMS_local_prior_3frame_causal_heading_continuous_waypoint_RNN_polynomial_Kalman,1,controlled_gt_jitter,8.0,-426.34982378819194,266.3559359396969,-3.726868465926302,-0.5102749978030787,0,0,6,-426.04785342275187,263.38929694204865,-422.6229553222656,266.8662109375,-1,-426.0478515625,263.3892822265625,-426.04785342275187,263.38929694204865,0.0,0,0.0,0.0,1059,/yh/study/uav-sat/v36_GvsK/v36_training_data/routes/route_C/vi/vi_001059.jpg,-422.6229553222656,266.8662109375,2159.3181541033596,-0.05456672184940109,10,5.039344558380962,5.039344558380962,1,5.039344558380962,-32.98600440855818,0.000135347294987429,2159.317349322924,-4.103290003446458,-424.78784352184596,263.44489248667793,4.048723361581735,4.861005623852414,1,0.0,0,0,0.5948627369439975,1.0,2156.441162109375,-2.477985382080078,1,1,6,18,1,-33.53985657857353,-428.35247802734375,259.2033996582031,-425.4181213378906,261.2157897949219,1,-425.4181213378906,261.2157897949219,2159.976318359375,-6.324109077453613,0.7233121395111084,0.16664555668830872,4.0,4.0,1,2155.9833984375,-6.6147894859313965,7.35915199363102,18.67819595336914,7.818427085876465,0.5948627369439975,2155.9833984375,-6.6147894859313965,2155.9833984375,-6.434813519404054,0.0,-0.17997596652734238,0.0,0,5.03946315171972,5.039414539288385,-0.022135011851787567,2.5738539695739746,-0.016965877264738083,0.6015106439590454,0.03105982393026352,-1.0279265013356997,0.0,-33.34070587145741,-33.34070587145741,0.35470146289923027,2.8741209506988525,-0.05300547182559967,0.15006220994407773,1.0,2158.282179333055,-4.823802950615171,10,10,11,507.69653410188494,0.07071401912874259,1.0359747703046196,2.465490588806987,-426.04785342275187,263.38929694204865,4.072529975652759,5.039344558380962,0.0,0,4.880456733798569,nan
GT+smooth-jitter_controlled_forward3x6_SoftMS_local_prior_3frame_causal_heading_continuous_waypoint_RNN_polynomial_Kalman,1,controlled_gt_jitter,8.0,-423.5757592876838,264.4498947621414,-3.725631113855699,-0.6436416148116928,0,0,6,-423.66690705314704,260.99873854952716,-419.8501281738281,265.0935363769531,-1,-423.6669006347656,260.9987487792969,-423.66690705314704,260.99873854952716,0.0,0,0.0,0.0,1060,/yh/study/uav-sat/v36_GvsK/v36_training_data/routes/route_C/vi/vi_001060.jpg,-419.8501281738281,265.0935363769531,2162.6091555227913,-0.07054013796871032,10,3.2910401840029384,3.2910401840029384,1,3.2910401840029384,-32.59087166625139,0.39513274230678946,2161.6560943975164,-4.843094938257817,-423.2067263304553,261.56949698370005,4.86678588292853,4.522745398550401,1,0.0,0,0,0.6599571214950457,1.0,2159.804443359375,-2.606011152267456,1,1,6,18,1,-33.470153857763314,-418.8896789550781,259.14361572265625,-419.9122619628906,257.01507568359375,1,-419.9122619628906,257.01507568359375,2166.875,-6.931204795837402,0.604958713054657,0.37518730759620667,4.0,4.0,1,2162.880859375,-7.229991436004639,7.164605074409422,18.915966033935547,7.86648416519165,0.6599571214950457,2162.880859375,-7.229991436004639,2162.880859375,-7.229991436004639,0.0,0.0,0.0,1,3.3739702196356447,3.373915064461611,-0.019291987642645836,2.6471729278564453,-0.01641228422522545,0.6092652082443237,0.03345960006117821,-0.9249630004233442,0.0,-33.23774237054506,-33.23774237054506,0.6468707042936642,2.9514260292053223,-0.04733337461948395,0.08087233546954603,1.0,2161.5722697588053,-5.571452623507019,10,10,11,504.4064436761346,0.0767361892699218,1.0368857639859925,0.6438672561464931,-423.66690705314704,260.99873854952716,3.3739702196358095,3.2910401840029384,0.08293003563287105,0,5.597782620029771,nan
GT+smooth-jitter_controlled_forward3x6_SoftMS_local_prior_3frame_causal_heading_continuous_waypoint_RNN_polynomial_Kalman,1,controlled_gt_jitter,8.0,-420.7940827968562,262.5412870752389,-3.719833529278064,-0.7775910985892012,0,0,6,-420.66620528314485,259.4481029471031,-417.0742492675781,263.3188781738281,-1,-420.66619873046875,259.4480895996094,-420.66620528314485,259.4481029471031,0.0,0,0.0,0.0,1061,/yh/study/uav-sat/v36_GvsK/v36_training_data/routes/route_C/vi/vi_001061.jpg,-417.0742492675781,263.3188781738281,2165.9037964508634,-0.08655872573075538,10,3.294679869134868,3.294679869134868,1,3.294679869134868,-32.5913500127727,-0.0004783465213124485,2164.949897373774,-5.589160774176952,-420.8217957005684,259.17829264936205,5.584671230505511,4.335515919791121,1,0.0,0,0,0.6567655431068317,1.0,2163.17578125,-2.7321372032165527,1,1,6,18,1,-33.38880982656475,-418.8896789550781,259.14361572265625,-415.8334045410156,257.63018798828125,1,-415.8334045410156,257.63018798828125,2169.993408203125,-4.2310309410095215,0.6107615828514099,0.248041033744812,4.0,4.0,1,2166.00048828125,-4.528903961181641,4.443397405251608,18.848541259765625,7.84522008895874,0.6567655431068317,2166.00048828125,-4.528903961181641,2166.00048828125,-4.528903961181641,0.0,0.0,0.0,1,3.377674034598289,3.3776276149687274,-0.017708150669932365,2.6821067333221436,-0.00954920332878828,0.6216307878494263,0.03948318585753441,-0.7835917449824203,0.0,-33.096371115104134,-33.096371115104134,0.5050211023314277,2.992781639099121,-0.030739255249500275,0.026006321744447242,1.0,2164.9371688382676,-5.277963153451788,10,10,11,501.04154459667234,0.08289528891223559,0.9666276125958575,0.6125731358127244,-420.66620528314485,259.4481029471031,3.3776740345982628,3.294679869134868,0.08299416546339478,0,5.280629590644856,nan
GT+smooth-jitter_controlled_forward3x6_SoftMS_local_prior_3frame_causal_heading_continuous_waypoint_RNN_polynomial_Kalman,1,controlled_gt_jitter,8.0,-418.0092001581414,260.6331619701745,-3.709425988219532,-0.9119735278723421,0,0,6,-418.25056107036187,257.2299359896584,-414.2997741699219,261.5451354980469,-1,-418.25054931640625,257.2299499511719,-418.25056107036187,257.2299359896584,0.0,0,0.0,0.0,1062,/yh/study/uav-sat/v36_GvsK/v36_training_data/routes/route_C/vi/vi_001062.jpg,-414.2997741699219,261.5451354980469,2169.1967615736717,-0.1025539553665777,10,3.2930039701467546,3.2930039701467546,1,3.2930039701467546,-32.59108536750297,0.0002646452697321606,2168.3074999096348,-5.291183882758128,-417.82486184051163,257.63534985875606,5.264282176189704,4.456489706873339,1,0.0,0,0,0.6751293139493838,1.0,2166.54931640625,-2.8561413288116455,1,1,6,18,1,-33.28645624020094,-418.98101806640625,244.86915588378906,-416.8536682128906,252.84805297851562,1,-416.8536682128906,252.84805297851562,2171.687255859375,-8.81799030303955,0.5773729085922241,0.13456991314888,4.0,4.0,1,2167.693359375,-9.121057510375977,9.142954913084006,19.06241226196289,7.8927717208862305,0.6751293139493838,2167.693359375,-9.121057510375977,2167.693359375,-7.755147250774611,0.0,-1.3659102596013653,0.0,0,3.370357001610888,3.3703310713673433,-0.013220729306340218,2.7165682315826416,-0.011541459709405899,0.6362146735191345,0.03874660283327103,-0.7499085070079438,0.0,-33.062687877129655,-33.062687877129655,0.4716025096266835,3.034518241882324,-0.03188665956258774,0.0581261428138766,1.0,2168.1644336235922,-5.861370060554346,10,10,11,497.81427981134766,0.08880246321837308,1.0323279500794342,0.576435738564113,-418.25056107036187,257.2299359896584,3.279573389002225,3.2930039701467546,0.0,0,5.850612269659017,nan
GT+smooth-jitter_controlled_forward3x6_SoftMS_local_prior_3frame_causal_heading_continuous_waypoint_RNN_polynomial_Kalman,1,controlled_gt_jitter,8.0,-414.96789252000025,258.6377819886735,-3.6943634672658754,-1.0466357359358534,0,0,6,-416.2038318844944,254.87483962441092,-411.2735290527344,259.6844177246094,-1,-416.2038269042969,254.8748321533203,-416.2038318844944,254.87483962441092,0.0,0,0.0,0.0,1063,/yh/study/uav-sat/v36_GvsK/v36_training_data/routes/route_C/vi/vi_001063.jpg,-411.2735290527344,259.6844177246094,2172.7490000166636,-0.057474183668883884,10,3.5525244744670506,3.5525244744670506,1,3.5525244744670506,-31.585704862770264,1.005380504732708,2171.7995214515477,-5.873667191675505,-415.1849667054114,255.276440167813,5.893183405596675,4.303145185854,1,0.0,0,0,0.8245826365387813,1.0,2170.186279296875,-2.916818857192993,1,1,6,18,1,-33.20813734247446,-418.98101806640625,244.86915588378906,-415.5860595703125,250.8814697265625,1,-415.5860595703125,250.8814697265625,2173.809814453125,-9.802444458007812,0.3056395947933197,0.7448550462722778,4.0,4.0,1,2169.830078125,-10.032696723937988,10.393515754427181,17.370685577392578,7.536571502685547,0.8245826365387813,2169.830078125,-10.032696723937988,2169.830078125,-8.584228541964494,0.0,-1.4484681819734941,0.0,0,3.635108627865647,3.6350878279553926,-0.0122971311211586,2.329700469970703,-0.0053631337359547615,0.5447176694869995,0.03378681093454361,-0.4849609334306535,0.0,-32.79774030355237,-32.79774030355237,1.212035440782101,2.6020636558532715,-0.010494138114154339,0.13394260195115118,1.0,2171.1531069572407,-6.757702004993674,10,10,11,494.82560647769924,0.0942729205561927,1.595893059422906,1.2228240044963474,-416.2038318844944,254.87483962441092,3.1201889766300286,3.5525244744670506,0.0,0,6.887664881131285,nan
GT+smooth-jitter_controlled_forward3x6_SoftMS_local_prior_3frame_causal_heading_continuous_waypoint_RNN_polynomial_Kalman,1,controlled_gt_jitter,8.0,-412.19853161777485,256.812383484156,-3.6746058365248473,-1.1814214474846114,0,0,6,-415.16384315825246,253.12105003539835,-408.52392578125,257.9938049316406,-1,-415.1638488769531,253.1210479736328,-415.16384315825246,253.12105003539835,0.0,0,0.0,0.0,1064,/yh/study/uav-sat/v36_GvsK/v36_training_data/routes/route_C/vi/vi_001064.jpg,-408.52392578125,257.9938049316406,2175.976508579439,-0.01650781306230197,10,3.2277685428647414,3.2277685428647414,1,3.2277685428647414,-31.585570114913228,0.00013474785703614103,2174.508526146452,-6.766185437227008,-413.3725588302764,253.0740612381544,6.907468454774752,4.105660109924895,1,0.0,0,0,0.789018646065034,1.0,2173.50244140625,-2.9792044162750244,1,1,6,18,1,-33.06449835750738,-418.98101806640625,244.86915588378906,-415.68951416015625,251.0262451171875,1,-415.68951416015625,251.0262451171875,2173.64501953125,-9.735389709472656,0.37030139565467834,0.6438836455345154,4.0,4.0,1,2169.6669921875,-9.962991714477539,11.778902287618159,17.22134780883789,7.501369953155518,0.789018646065034,2169.6669921875,-9.962991714477539,2170.088724869773,-9.418066203234314,-0.4217326822730696,-0.5449255112432247,0.0,0,3.355429913431459,3.355419189211415,-0.008483432233333588,2.324899911880493,0.0019300113199278712,0.5165941119194031,0.03912238031625748,-0.1344074506952728,0.0,-32.44718682081698,-32.44718682081698,0.8616167059037565,2.583240032196045,0.015431348234415054,0.3580126532209278,1.0,2172.9695179676496,-7.683987875826375,10,10,11,493.0091954672903,0.09759767299016242,3.006990611789206,0.9028686309842482,-415.16384315825246,253.12105003539835,2.0389591641911715,3.2277685428647414,0.0,0,8.236033210974337,nan
GT+smooth-jitter_controlled_forward3x6_SoftMS_local_prior_3frame_causal_heading_continuous_waypoint_RNN_polynomial_Kalman,1,controlled_gt_jitter,8.0,-409.4224874339046,254.98583052662087,-3.65011804913898,-1.3161714265041253,0,0,6,-413.2087494799288,250.77080325504224,-405.7723693847656,256.302001953125,-1,-413.208740234375,250.7707977294922,-413.2087494799288,250.77080325504224,0.0,0,0.0,0.0,1065,/yh/study/uav-sat/v36_GvsK/v36_training_data/routes/route_C/vi/vi_001065.jpg,-405.7723693847656,256.302001953125,2179.206304014223,0.024496706129127466,10,3.2300557148675346,3.2300557148675346,1,3.2300557148675346,-31.585408326059127,0.00016178885409835444,2176.4401121090536,-7.686743913808556,-412.2321693158502,251.26354639559915,8.192377527604734,3.9748860040310823,1,0.0,0,0,0.8937091541726285,1.0,2176.824951171875,-3.0389931201934814,1,1,6,18,1,-32.848439303657486,-419.0114440917969,240.1110076904297,-412.482666015625,246.60043334960938,1,-412.482666015625,246.60043334960938,2178.720947265625,-11.761640548706055,0.13171710073947906,0.8769025206565857,4.0,36.915550231933594,1,2174.75927734375,-11.951388359069824,12.77489214446661,16.380008697509766,40.242340087890625,0.8937091541726285,2174.75927734375,-11.951388359069824,2174.75927734375,-10.511364018193394,0.0,-1.4400243408764313,0.0,0,3.470595235704262,3.4705941414039994,-0.0027560379821807146,2.133885383605957,0.004630120936781168,0.47059428691864014,0.03612206503748894,0.15708992195950333,0.0,-32.15568944816221,-32.15568944816221,0.5702811221030787,2.3691115379333496,0.029186733067035675,0.15253320171875043,1.0,2175.8781539262272,-8.625204152813001,10,10,11,490.10055950871265,0.10292163019334828,3.3281500879957093,1.0961703312615776,-413.2087494799288,250.77080325504224,3.0571312074550105,3.2300557148675346,0.0,0,9.267896630703857,nan
GT+smooth-jitter_controlled_forward3x6_SoftMS_local_prior_3frame_causal_heading_continuous_waypoint_RNN_polynomial_Kalman,1,controlled_gt_jitter,8.0,-406.7398278462744,253.2030239235826,-3.6208703267431357,-1.4507236350111408,0,0,6,-410.2198348458061,249.17144988524743,-403.11895751953125,254.65374755859375,-1,-410.2198486328125,249.17144775390625,-410.2198348458061,249.17144988524743,0.0,0,0.0,0.0,1066,/yh/study/uav-sat/v36_GvsK/v36_training_data/routes/route_C/vi/vi_001066.jpg,-403.11895751953125,254.65374755859375,2182.3298748240763,0.049843727449158735,10,3.1236736506328797,3.1236736506328797,1,3.1236736506328797,-31.847848188028916,-0.2624398619697863,2179.2680713566374,-8.623897803052149,-410.34308745290747,248.9598579111855,9.198284221047153,4.467246211416283,1,0.0,0,0,0.6463204638994113,1.0,2180.045166015625,-3.111727714538574,1,1,6,18,1,-32.605976846230014,-395.2021789550781,263.7523498535156,-400.90264892578125,251.8387908935547,1,-400.90264892578125,251.8387908935547,2185.707763671875,-1.1444886922836304,0.6297526359558105,0.23036332428455353,4.0,4.0,1,2181.734619140625,-1.3464324474334717,1.5178657665374145,17.184410095214844,7.488359451293945,0.6463204638994113,2181.734619140625,-1.3464324474334717,2181.734619140625,-6.20746903761812,0.0,4.861036590184648,0.0,1,3.389917682119794,3.3899174304101773,0.0013063497608527541,2.3769586086273193,0.0037018898874521255,0.5481618046760559,0.04192906245589256,0.21468866710638287,0.0,-32.09809070301533,-32.09809070301533,0.2502425149864129,2.650928497314453,0.03459973260760307,0.05885754549644252,1.0,2179.2591328321964,-8.379188850568728,10,10,11,486.71958060274346,0.10911016229451108,3.0707419918799133,0.7467150420055604,-410.2198348458061,249.17144988524743,3.389917682119605,3.1236736506328797,0.26624403148672515,0,8.970955722886076,nan
GT+smooth-jitter_controlled_forward3x6_SoftMS_local_prior_3frame_causal_heading_continuous_waypoint_RNN_polynomial_Kalman,1,controlled_gt_jitter,8.0,-403.7952123636975,251.2607897223845,-3.5868383402599746,-1.5849134026155127,0,0,6,-407.11536866033197,247.2101808562839,-400.2083740234375,252.845703125,-1,-407.1153564453125,247.21017456054688,-407.11536866033197,247.2101808562839,0.0,0,0.0,0.0,1067,/yh/study/uav-sat/v36_GvsK/v36_training_data/routes/route_C/vi/vi_001067.jpg,-400.2083740234375,252.845703125,2185.7562066478818,0.07761412107420239,10,3.4264443613726843,3.4264443613726843,1,3.4264443613726843,-31.848407676869396,-0.0005594888404818046,2182.931227549914,-8.376564953755707,-407.11498848156623,247.21078276531313,8.913677733306631,5.080610246902261,1,0.0,0,0,0.28969146776560695,1.0,2183.572021484375,-3.17917537689209,1,1,6,18,1,-32.428216704109,-395.2326354980469,258.9941711425781,-401.52471923828125,243.9461212158203,1,-401.52471923828125,243.9461212158203,2189.40087890625,-8.147441864013672,0.9022089242935181,0.037288784980773926,4.0,4.0,1,2185.415283203125,-8.383556365966797,8.468036065461616,18.042686462402344,7.672647476196289,0.28969146776560695,2185.415283203125,-8.383556365966797,2185.415283203125,-8.383556365966797,0.0,0.0,0.0,1,3.6720956551708572,3.6720947177176955,0.00262389681302011,2.561610221862793,-0.003616980044171214,0.6073663234710693,0.0414004847407341,0.055028592986971325,0.0,-32.25775077713474,-32.25775077713474,0.40934310026534265,2.8652756214141846,0.01983516849577427,0.01891887172344689,1.0,2182.9312279896058,-8.37727687382147,10,10,11,483.04748544533413,0.115831552575897,2.8249786582759953,0.8648341395098913,-407.11536866033197,247.2101808562839,3.672095655170724,3.4264443613726843,0.24565129379803974,0,8.914352817523211,nan
GT+smooth-jitter_controlled_forward3x6_SoftMS_local_prior_3frame_causal_heading_continuous_waypoint_RNN_polynomial_Kalman,1,controlled_gt_jitter,8.0,-400.8439933756619,249.31801696940155,-3.5480033854275588,-1.7185736067703077,0,0,6,-403.837730708636,245.59380977285517,-397.2959899902344,251.03659057617188,-1,-403.8377380371094,245.59381103515625,-403.837730708636,245.59380977285517,0.0,0,0.0,0.0,1068,/yh/study/uav-sat/v36_GvsK/v36_training_data/routes/route_C/vi/vi_001068.jpg,-397.2959899902344,251.03659057617188,2189.184631133595,0.10544426564591579,10,3.4285374390815533,3.4285374390815533,1,3.4285374390815533,-31.84769261910734,0.0007150577620563499,2186.58575468508,-8.378085459256623,-404.0272045826301,245.2560036250854,8.872679155021437,5.367556324673505,1,0.0,0,0,0.5403508232868091,1.0,2187.104736328125,-3.2435483932495117,1,1,6,18,1,-32.36855364100718,-390.5621337890625,249.44798278808594,-396.216796875,245.0450897216797,1,-396.216796875,245.0450897216797,2193.29931640625,-4.3813557624816895,0.8224247097969055,0.1778162568807602,4.0,4.0,1,2189.31103515625,-4.6304144859313965,4.737545365675612,18.238265991210938,7.711485862731934,0.5403508232868091,2189.31103515625,-4.6304144859313965,2189.31103515625,-6.136506600833387,0.0,1.5060921149019908,0.0,1,3.654526784926287,3.654526695474156,-0.0008085854351520538,2.5999646186828613,-0.00421006977558136,0.6084051132202148,0.04185588285326958,0.0012877908133449138,0.0,-32.31149157930837,-32.31149157930837,0.4637989602010254,2.9041666984558105,0.01678314618766308,0.06953897068327457,1.0,2186.565315942649,-7.9913095548815125,10,10,11,479.4133974922911,0.12248337460180489,2.619315190946054,0.828572820398692,-403.837730708636,245.59380977285517,3.6545267849260994,3.4285374390815533,0.2259893458445461,0,8.509890392933784,nan
GT+smooth-jitter_controlled_forward3x6_SoftMS_local_prior_3frame_causal_heading_continuous_waypoint_RNN_polynomial_Kalman,1,controlled_gt_jitter,8.0,-398.01008985714276,247.4120759762896,-3.504352552455255,-1.8515348635541424,0,0,6,-400.82438486171054,243.7918204170452,-394.5057373046875,249.26361083984375,-1,-400.8243713378906,243.7918243408203,-400.82438486171054,243.7918204170452,0.0,0,0.0,0.0,1069,/yh/study/uav-sat/v36_GvsK/v36_training_data/routes/route_C/vi/vi_001069.jpg,-394.5057373046875,249.26361083984375,2192.490522746199,0.09852759414500285,10,3.3058988482153677,3.3058988482153677,1,3.3058988482153677,-32.43265489947107,-0.5849622803637302,2190.080759427291,-7.993988956890165,-400.8681118093147,243.7123970946523,8.443683046037018,6.137449208701804,1,0.0,0,0,0.2797763960397616,1.0,2190.5185546875,-3.339503049850464,1,1,6,18,1,-32.348581921080125,-390.5621337890625,249.44798278808594,-395.20440673828125,245.41476440429688,1,-395.20440673828125,245.41476440429688,2193.95751953125,-3.527764081954956,0.8739212155342102,0.02709946036338806,4.0,4.0,1,2189.9716796875,-3.756112575531006,4.604652124975007,17.966838836669922,7.650282859802246,0.2797763960397616,2189.9716796875,-3.756112575531006,2189.9716796875,-6.182357903424559,0.0,2.426245327893553,0.0,0,3.5154445057358172,3.515443484642161,-0.002679402008652687,2.596475124359131,-0.005922364071011543,0.6160807013511658,0.04063016176223755,-0.10059206456861236,0.0,-32.413371434690326,-32.413371434690326,0.01928346478074753,2.904536247253418,0.009293347597122192,0.004188501658381606,1.0,2190.0752599232956,-7.903491080989632,10,10,11,475.90345351164433,0.12890796392981463,2.4152628229035145,0.7094237238562369,-400.82438486171054,243.7918204170452,3.51104241381892,3.3058988482153677,0.20514356560355207,0,8.358576277148119,nan
GT+smooth-jitter_controlled_forward3x6_SoftMS_local_prior_3frame_causal_heading_continuous_waypoint_RNN_polynomial_Kalman,1,controlled_gt_jitter,8.0,-395.17029539311545,245.50636450557855,-3.4558788892091847,-1.9836257287964496,0,0,6,-397.75437613087934,242.11026813951182,-391.71441650390625,247.489990234375,-1,-397.7543640136719,242.1102752685547,-397.75437613087934,242.11026813951182,0.0,0,0.0,0.0,1070,/yh/study/uav-sat/v36_GvsK/v36_training_data/routes/route_C/vi/vi_001070.jpg,-391.71441650390625,247.489990234375,2195.7976596392655,0.09164024805499171,10,3.307144064750947,3.307144064750947,1,3.307144064750947,-32.43210170399156,0.0005531954795098419,2193.575624440144,-7.907954111946317,-397.8684632634359,241.9169606424724,8.30246652210652,6.678949150656802,1,0.0,0,0,0.37269006985787306,1.0,2193.937255859375,-3.432114839553833,1,1,6,18,1,-32.37125824917617,-390.5621337890625,249.44798278808594,-390.20123291015625,241.97747802734375,1,-390.20123291015625,241.97747802734375,2200.023193359375,-3.7583603858947754,0.7436380982398987,0.035602644085884094,4.0,4.0,1,2196.031982421875,-4.021827220916748,4.120136136675407,18.57422637939453,7.781375885009766,0.37269006985787306,2196.031982421875,-4.021827220916748,2196.031982421875,-5.943015496680827,0.0,1.9211882757640786,0.0,1,3.500367362071745,3.5003645168484647,-0.004463030956685543,2.6958582401275635,-0.009672518819570541,0.6503857374191284,0.04016350954771042,-0.2293605270933785,0.0,-32.54213989721509,-32.54213989721509,0.11003819322352845,3.021068811416626,-0.0016843732446432114,0.02432455457839562,1.0,2193.568713582614,-7.6835974711379516,10,10,11,472.4099998523261,0.13530236943067298,2.2289460566516937,0.6112858246233834,-397.75437613087934,242.11026813951182,3.5003673620718,3.307144064750947,0.19322329732085297,0,8.088419011983985,nan
GT+smooth-jitter_controlled_forward3x6_SoftMS_local_prior_3frame_causal_heading_continuous_waypoint_RNN_polynomial_Kalman,1,controlled_gt_jitter,8.0,-392.3243650045992,243.60084222739454,-3.402581557333558,-2.1146729093241987,0,0,6,-394.7667990087259,240.3119967172252,-388.9217834472656,245.71551513671875,-1,-394.76678466796875,240.31199645996094,-394.7667990087259,240.3119967172252,0.0,0,0.0,0.0,1071,/yh/study/uav-sat/v36_GvsK/v36_training_data/routes/route_C/vi/vi_001071.jpg,-388.9217834472656,245.71551513671875,2199.106362336692,0.08473218857334,10,3.308709908898651,3.308709908898651,1,3.308709908898651,-32.43240392210089,-0.0003022181093280288,2197.055738599127,-7.6909257206520545,-394.81125988939584,240.24011735464305,8.041511899783917,7.513256538768759,1,0.0,0,0,0.2609644370115176,1.0,2197.361083984375,-3.521286964416504,1,1,6,18,1,-32.43106682732381,-381.0993347167969,249.38818359375,-385.9707336425781,241.52232360839844,1,-385.9707336425781,241.52232360839844,2203.841796875,-1.8816560506820679,0.7860661149024963,0.0002465546131134033,4.0,4.0,1,2199.846923828125,-2.171304702758789,2.3744754742141954,19.397584915161133,7.9566264152526855,0.2609644370115176,2199.846923828125,-2.171304702758789,2199.846923828125,-5.91033439958305,0.0,3.7390296968242613,0.0,1,3.487032716942681,3.4870250165130323,-0.007328249514102936,2.8646180629730225,-0.01564856246113777,0.6962624192237854,0.03973506763577461,-0.4040351445970499,0.0,-32.71681451471876,-32.71681451471876,0.2844105926178718,3.2126991748809814,-0.018436428159475327,0.009155759345819902,1.0,2197.0548919280554,-7.606411249564227,10,10,11,468.92382150688445,0.14168345822216305,2.05147040863676,0.44409184592562845,-394.7667990087259,240.3119967172252,3.487032716942476,3.308709908898651,0.17832280804382528,0,7.960038833040882,nan
GT+smooth-jitter_controlled_forward3x6_SoftMS_local_prior_3frame_causal_heading_continuous_waypoint_RNN_polynomial_Kalman,1,controlled_gt_jitter,8.0,-389.4877765275986,241.66721116241047,-3.3444659807236374,-2.2445014840739046,0,0,6,-391.62628641542676,238.82033005691278,-386.143310546875,243.91171264648438,-1,-391.62628173828125,238.82032775878906,-391.62628641542676,238.82033005691278,0.0,0,0.0,0.0,1072,/yh/study/uav-sat/v36_GvsK/v36_training_data/routes/route_C/vi/vi_001072.jpg,-386.143310546875,243.91171264648438,2202.4187743722355,0.04546911725128217,10,3.3126447261939855,3.3126447261939855,1,3.3126447261939855,-32.99189262798766,-0.5594887058867736,2200.5316356716885,-7.618315671757992,-391.83481806053794,238.44347417424584,7.892711179775387,7.546152014172581,1,0.0,0,0,0.41731501090887935,1.0,2200.7919921875,-3.6392085552215576,1,1,6,18,1,-32.53107851257596,-381.0993347167969,249.38818359375,-385.4241027832031,238.9110870361328,1,-385.4241027832031,238.9110870361328,2205.69970703125,-3.7963268756866455,0.7189481854438782,0.04802083969116211,4.0,4.0,1,2201.703857421875,-4.100898742675781,4.207549485834812,19.6756591796875,8.018119812011719,0.41731501090887935,2201.703857421875,-4.100898742675781,2201.703857421875,-5.579745903758342,0.0,1.4788471610825602,0.0,1,3.476764124032297,3.4767437436328694,-0.01190442219376564,2.8979244232177734,-0.017781095579266548,0.7039645910263062,0.03893132135272026,-0.4639915056267739,0.0,-32.77677087574848,-32.77677087574848,0.21512175223917776,3.2498137950897217,-0.024633532389998436,0.017217744605949426,1.0,2200.5064297849726,-7.188350014305782,10,10,11,465.47228364996727,0.14800114118321292,1.9123445872628508,0.4147203029762121,-391.62628641542676,238.82033005691278,3.4767641240323157,3.3126447261939855,0.16411939783833018,0,7.482325911674371,nan
GT+smooth-jitter_controlled_forward3x6_SoftMS_local_prior_3frame_causal_heading_continuous_waypoint_RNN_polynomial_Kalman,1,controlled_gt_jitter,8.0,-386.64726664202374,239.73552433787356,-3.281543985773753,-2.3729351347827037,0,0,6,-388.4005526904491,237.55615762912282,-383.36572265625,242.10845947265625,-1,-388.4005432128906,237.55615234375,-388.4005526904491,237.55615762912282,0.0,0,0.0,0.0,1073,/yh/study/uav-sat/v36_GvsK/v36_training_data/routes/route_C/vi/vi_001073.jpg,-383.36572265625,242.10845947265625,2205.7301448162316,0.006197222755289918,10,3.311603312455742,3.311603312455742,1,3.311603312455742,-32.99225886665461,-0.0003662386669436021,2203.9710020349326,-7.203486607327235,-388.7063198427924,236.95558202933933,7.421194260679964,6.853809585552007,1,0.0,0,0,0.6301311926877872,1.0,2204.22509765625,-3.7533907890319824,1,1,6,18,1,-32.61707086103068,-376.4288635253906,239.84197998046875,-380.3705749511719,237.88429260253906,1,-380.3705749511719,237.88429260253906,2210.51953125,-1.9627974033355713,0.6591876745223999,0.2378631979227066,4.0,4.0,1,2206.523193359375,-2.277165651321411,2.417161973574374,19.831920623779297,8.052249908447266,0.6301311926877872,2206.523193359375,-2.277165651321411,2206.523193359375,-4.8137701393923855,0.0,2.5366044880709744,0.0,1,3.4646053154206746,3.46457224996,-0.015136593021452427,2.9175145626068115,-0.019352160394191742,0.7078409194946289,0.03821798786520958,-0.5202642602597454,0.0,-32.833043630381454,-32.833043630381454,0.1592152362731499,3.2712979316711426,-0.029948439449071884,0.06016503621435597,1.0,2203.908386689326,-6.53246952781135,10,10,11,462.0703267456138,0.15422807134009567,1.821758126905479,0.3940887498489305,-388.4005526904491,237.55615762912282,3.4646053154208776,3.311603312455742,0.15300200296513555,0,6.7877069432843955,nan
GT+smooth-jitter_controlled_forward3x6_SoftMS_local_prior_3frame_causal_heading_continuous_waypoint_RNN_polynomial_Kalman,1,controlled_gt_jitter,8.0,-383.80221283908713,237.80559301835933,-3.213833932837153,-2.4997963859375516,0,0,6,-385.29189609339005,236.5754556575345,-380.58837890625,240.30538940429688,-1,-385.2919006347656,236.57545471191406,-385.29189609339005,236.5754556575345,0.0,0,0.0,0.0,1074,/yh/study/uav-sat/v36_GvsK/v36_training_data/routes/route_C/vi/vi_001074.jpg,-380.58837890625,240.30538940429688,2209.041211049222,-0.03305042464429798,10,3.311298835363179,3.311298835363179,1,3.311298835363179,-32.99190176862135,0.00035709803325674884,2207.365407566652,-6.549924682841243,-385.48820747087814,235.69348660321805,6.728890503593037,6.234249396854985,1,0.0,0,0,0.6348042802846805,1.0,2207.661376953125,-3.8636605739593506,1,1,6,18,1,-32.69266133830758,-376.4288635253906,239.84197998046875,-380.40533447265625,237.8590087890625,1,-380.40533447265625,237.8590087890625,2210.503662109375,-2.002746343612671,0.6506911516189575,0.2517637312412262,4.0,4.0,1,2206.5068359375,-2.3294081687927246,3.4199877333152346,19.978534698486328,8.084005355834961,0.6348042802846805,2206.5068359375,-2.3294081687927246,2206.5068359375,-4.15249762037152,0.0,1.8230894515787952,0.0,0,3.4570649442415116,3.4570208773258004,-0.01745515502989292,2.9391181468963623,-0.020626431331038475,0.7147735953330994,0.03778458014130592,-0.5785949295453005,0.0,-32.891374299667014,-32.891374299667014,0.10052746895433802,3.2963194847106934,-0.03502286970615387,0.03830882493915084,1.0,2207.0598701791023,-5.699598583916537,10,10,11,458.9188432558376,0.15999653582484338,1.981340870119766,0.3721806884668166,-385.29189609339005,236.5754556575345,3.2596813027527722,3.311298835363179,0.0,0,6.002955912295103,nan
GT+smooth-jitter_controlled_forward3x6_SoftMS_local_prior_3frame_causal_heading_continuous_waypoint_RNN_polynomial_Kalman,1,controlled_gt_jitter,8.0,-381.01501806490904,235.9351517401179,-3.141360838346526,-2.6249068536321003,0,0,6,-382.1080180114062,235.42333544747007,-377.8736572265625,238.56005859375,-1,-382.1080322265625,235.42333984375,-382.1080180114062,235.42333544747007,0.0,0,0.0,0.0,1075,/yh/study/uav-sat/v36_GvsK/v36_training_data/routes/route_C/vi/vi_001075.jpg,-377.8736572265625,238.56005859375,2212.268488708248,-0.05697421952848877,10,3.2273663313001104,3.2273663313001104,1,3.2273663313001104,-32.73750494816451,0.25439682045683387,2210.4457366862302,-5.718797940353267,-382.44061881225133,234.7493454512652,5.947997375542772,5.446666198816778,1,0.0,0,0,0.6676838712728397,1.0,2211.0166015625,-3.954580545425415,1,1,6,18,1,-32.762210886789575,-376.4288635253906,239.84197998046875,-375.0330505371094,234.21441650390625,1,-375.0330505371094,234.21441650390625,2216.9921875,-2.2112412452697754,0.5909100770950317,0.2582957148551941,4.0,4.0,1,2212.995361328125,-2.525390386581421,2.5732124240519263,20.049991607666016,8.096851348876953,0.6676838712728397,2212.995361328125,-2.525390386581421,2212.995361328125,-3.267119552753081,0.0,0.7417291661716603,0.0,1,3.385920941099629,3.3858665071277416,-0.01919935643672943,2.9679360389709473,-0.020704228430986404,0.7213134765625,0.038370583206415176,-0.6757335063952515,0.0,-32.98851287651696,-32.98851287651696,0.25100792835244057,3.328343391418457,-0.04077459126710892,0.10181365472129064,1.0,2210.366556605897,-4.971391543146551,10,10,11,455.61215682904276,0.1660490832289607,1.9019321023506564,0.25943029232916315,-382.1080180114062,235.42333544747007,3.3859209410994753,3.2273663313001104,0.15855460979936487,0,5.269615104789968,nan
GT+smooth-jitter_controlled_forward3x6_SoftMS_local_prior_3frame_causal_heading_continuous_waypoint_RNN_polynomial_Kalman,1,controlled_gt_jitter,8.0,-378.21677489526223,234.06259670115324,-3.064156487059127,-2.748087502948315,0,0,6,-379.0100392090552,234.0541043316671,-375.1526184082031,236.81068420410156,-1,-379.0100402832031,234.05410766601562,-379.0100392090552,234.0541043316671,0.0,0,0.0,0.0,1076,/yh/study/uav-sat/v36_GvsK/v36_training_data/routes/route_C/vi/vi_001076.jpg,-375.1526184082031,236.81068420410156,2215.5032667087307,-0.08093864671531667,10,3.2348667679174095,3.2348667679174095,1,3.2348667679174095,-32.737239848468896,0.0002650996956233569,2213.7535708406076,-4.991418578993858,-379.256213165229,233.5959122267528,5.21289255560068,5.277238045802275,1,0.0,0,0,0.5811673017180339,1.0,2214.382568359375,-4.041381359100342,1,1,6,18,1,-32.841416588530244,-371.69744873046875,239.8120880126953,-371.7333679199219,232.9453125,1,-371.7333679199219,232.9453125,2220.459228515625,-1.5199999809265137,0.7129824757575989,0.11224929988384247,4.0,4.0,1,2216.462158203125,-1.8482757806777954,2.010709686430294,20.19231414794922,8.128093719482422,0.5811673017180339,2216.462158203125,-1.8482757806777954,2216.462158203125,-2.6824925311591015,0.0,0.8342167504813061,0.0,1,3.3870734430032323,3.387014234710705,-0.02002703584730625,2.985222101211548,-0.02176329307258129,0.7274976968765259,0.03802507370710373,-0.7164335898031526,0.0,-33.02921295992486,-33.02921295992486,0.2919731114559713,3.348674774169922,-0.04462540149688721,0.0910264397675223,1.0,2213.7167005410292,-4.472590859309331,10,10,11,452.26201289391065,0.17218117510610234,1.7865661677014941,0.2496446667058616,-379.0100392090552,234.0541043316671,3.3870734430034446,3.2348667679174095,0.15220667508603514,0,4.741142038365555,nan
GT+smooth-jitter_controlled_forward3x6_SoftMS_local_prior_3frame_causal_heading_continuous_waypoint_RNN_polynomial_Kalman,1,controlled_gt_jitter,8.0,-375.15556886007926,232.02610475842482,-2.982259533907372,-2.8691589134501925,0,0,6,-376.15413529274167,231.7255428568389,-372.1733093261719,234.895263671875,-1,-376.1541442871094,231.7255401611328,-376.15413529274167,231.7255428568389,0.0,0,0.0,0.0,1077,/yh/study/uav-sat/v36_GvsK/v36_training_data/routes/route_C/vi/vi_001077.jpg,-372.1733093261719,234.895263671875,2219.0450783675738,-0.10717973723644562,10,3.541908866917524,3.541908866917524,1,3.541908866917524,-32.73727292654361,-3.3078074720192027e-05,2217.401526924717,-4.493572836071745,-375.9070510752456,232.06668128593495,4.684197451306506,4.847776441294286,1,0.0,0,0,0.61657550800208,1.0,2218.058349609375,-4.1261677742004395,1,1,6,18,1,-32.907145313182276,-366.966064453125,239.7821807861328,-372.03302001953125,228.41787719726562,1,-372.03302001953125,228.41787719726562,2222.6259765625,-5.506505012512207,0.6838343739509583,0.15486621856689453,4.0,4.0,1,2218.62890625,-5.832241058349609,5.740167799111089,20.191831588745117,8.127569198608398,0.61657550800208,2218.62890625,-5.832241058349609,2218.62890625,-5.832241058349609,0.0,0.0,0.0,1,3.6848861205293315,3.684826383687683,-0.02098197676241398,2.985361099243164,-0.02150639519095421,0.7234699130058289,0.038226768374443054,-0.7375822033510393,0.0,-33.05036157347275,-33.05036157347275,0.31308864692913785,3.346787929534912,-0.045479584485292435,0.03227230471834022,1.0,2217.375057950518,-4.913960076299875,10,10,11,448.6036554844218,0.1788774198611872,1.670020417055639,0.5565477676743598,-376.15413529274167,231.7255428568389,3.68488612052925,3.541908866917524,0.14297725361172597,0,5.088625101281236,nan
GT+smooth-jitter_controlled_forward3x6_SoftMS_local_prior_3frame_causal_heading_continuous_waypoint_RNN_polynomial_Kalman,1,controlled_gt_jitter,8.0,-372.2359255558912,230.1479379642545,-2.8957155949536744,-2.987941552347057,0,0,6,-372.92565566007795,230.45741346790055,-369.3402099609375,233.13587951660156,-1,-372.9256591796875,230.45741271972656,-372.92565566007795,230.45741346790055,0.0,0,0.0,0.0,1078,/yh/study/uav-sat/v36_GvsK/v36_training_data/routes/route_C/vi/vi_001078.jpg,-369.3402099609375,233.13587951660156,2222.379914142041,-0.07970290239511625,10,3.3349489679931605,3.3349489679931605,1,3.3349489679931605,-31.840710832451265,0.8965620940923477,2220.843599496394,-4.935230481801002,-373.2340928723503,229.8534891319873,5.09278025883709,4.534114563990203,1,0.0,0,0,0.6466238664424793,1.0,2221.52978515625,-4.152818202972412,1,1,6,18,1,-32.95727100428394,-362.2346496582031,239.7522735595703,-366.83203125,229.00726318359375,1,-366.83203125,229.00726318359375,2226.70654296875,-2.2282485961914062,0.6292009949684143,0.16089193522930145,4.0,4.0,1,2222.709228515625,-2.567660093307495,2.509657136037036,20.318157196044922,8.15570068359375,0.6466238664424793,2222.709228515625,-2.567660093307495,2222.709228515625,-2.567660093307495,0.0,0.0,0.0,1,3.4686067643385,3.46854154587553,-0.021270405501127243,3.0020928382873535,-0.02252775989472866,0.7314180135726929,0.037909235805273056,-0.7675403735460673,0.0,-33.08031974366778,-33.08031974366778,1.2396089112165134,3.3674519062042236,-0.048686906695365906,0.09985817481637448,1.0,2220.781450695948,-4.259955986483927,10,10,11,445.19726273899187,0.18511246936624115,1.5984634460928646,0.332856129705807,-372.92565566007795,230.45741346790055,3.4686067643383303,3.3349489679931605,0.13365779634516972,0,4.475444250074931,nan
GT+smooth-jitter_controlled_forward3x6_SoftMS_local_prior_3frame_causal_heading_continuous_waypoint_RNN_polynomial_Kalman,1,controlled_gt_jitter,8.0,-369.31165740509385,228.272239306473,-2.804577326968828,-3.104256054855103,0,0,6,-369.81930446158947,228.92694114594937,-366.507080078125,231.37649536132812,-1,-369.8193054199219,228.92694091796875,-369.81930446158947,228.92694114594937,0.0,0,0.0,0.0,1079,/yh/study/uav-sat/v36_GvsK/v36_training_data/routes/route_C/vi/vi_001079.jpg,-366.507080078125,231.37649536132812,2225.7147757082143,-0.05220975466119609,10,3.3349748932656746,3.3349748932656746,1,3.3349748932656746,-31.840434232810004,0.00027659964126225953,2224.2442935987337,-4.281917936249609,-370.0107990645596,228.58782144711802,4.478029581824819,4.7901299533197035,1,0.0,0,0,0.6909903006589786,1.0,2225.00390625,-4.174910068511963,1,1,6,18,1,-33.00033806840437,-357.5032653808594,239.72238159179688,-361.02581787109375,230.5763397216797,1,-361.02581787109375,230.5763397216797,2230.77490234375,2.201503276824951,0.5485347509384155,0.34299272298812866,4.0,4.0,1,2226.777587890625,1.8692660331726074,2.19582306625841,20.294084548950195,8.149792671203613,0.6909903006589786,2226.777587890625,1.8692660331726074,2226.777587890625,-1.7917839401622944,0.0,3.661049973334902,0.0,1,3.462912545331023,3.4628429027857264,-0.02196194976568222,3.000236749649048,-0.022178886458277702,0.7256604433059692,0.03812706843018532,-0.7764600136327221,0.0,-33.08923938375443,-33.08923938375443,1.2488051509444305,3.362715721130371,-0.04868922755122185,0.0803065696758427,1.0,2224.2248605137816,-3.892951731661837,10,10,11,441.75385292115834,0.1914152747926516,1.4899151944327969,0.3347381436166268,-369.81930446158947,228.92694114594937,3.4629125453308043,3.3349748932656746,0.12793765206512964,0,4.119605104921635,nan
GT+smooth-jitter_controlled_forward3x6_SoftMS_local_prior_3frame_causal_heading_continuous_waypoint_RNN_polynomial_Kalman,1,controlled_gt_jitter,8.0,-366.3854181670484,226.4007898676477,-2.7089044951734014,-3.2179235112585567,0,0,6,-366.9907271277462,226.94957468550737,-363.676513671875,229.61871337890625,-1,-366.99072265625,226.94956970214844,-366.9907271277462,226.94957468550737,0.0,0,0.0,0.0,1080,/yh/study/uav-sat/v36_GvsK/v36_training_data/routes/route_C/vi/vi_001080.jpg,-363.676513671875,229.61871337890625,2229.0466143442036,-0.024732825330444328,10,3.3319519321139697,3.3319519321139697,1,3.3319519321139697,-31.84028458007375,0.00014965273625295366,2227.6759965977603,-3.9150329968878435,-366.91440557668574,227.06350605963715,4.124685252438699,4.499496660604182,1,0.0,0,0,0.6629339957192807,1.0,2228.477294921875,-4.192357540130615,1,1,6,18,1,-33.03145352877689,-357.564208984375,230.20606994628906,-362.0621643066406,223.83238220214844,1,-362.0621643066406,223.83238220214844,2233.50390625,-4.052072048187256,0.5962185859680176,0.19269317388534546,4.0,6.065576553344727,1,2229.50634765625,-4.387870788574219,4.387291602401665,20.417207717895508,10.240985870361328,0.6629339957192807,2229.50634765625,-4.387870788574219,2229.50634765625,-4.387870788574219,0.0,0.0,0.0,1,3.4512067240913336,3.451136083978615,-0.022081265226006508,3.02486515045166,-0.02265150658786297,0.7358711361885071,0.03835124522447586,-0.8326434955588073,0.0,-33.145422865680516,-33.145422865680516,1.3051382856067688,3.3923919200897217,-0.052779220044612885,0.040472907606361574,1.0,2227.672394976722,-4.052118245887414,10,10,11,438.3063184582179,0.19772562995520654,1.3742193674816008,0.3070867816623095,-366.9907271277462,226.94957468550737,3.451206724091274,3.3319519321139697,0.11925479197730438,0,4.255386256930946,nan
GT+smooth-jitter_controlled_forward3x6_SoftMS_local_prior_3frame_causal_heading_continuous_waypoint_RNN_polynomial_Kalman,1,controlled_gt_jitter,8.0,-363.6311028958943,224.63621531895797,-2.608764028706764,-3.328765760143604,0,0,6,-364.1382263705723,225.41893383409095,-361.0223388671875,227.96498107910156,-1,-364.1382141113281,225.41893005371094,-364.1382263705723,225.41893383409095,0.0,0,0.0,0.0,1081,/yh/study/uav-sat/v36_GvsK/v36_training_data/routes/route_C/vi/vi_001081.jpg,-361.0223388671875,227.96498107910156,2232.173758110936,-0.003607592960145554,10,3.127215121039042,3.127215121039042,1,3.127215121039042,-31.925727051951224,-0.08544247187747331,2230.909541938815,-4.074513145166293,-364.2668472221374,225.20026046401307,4.262688652110906,4.925501296916651,1,0.0,0,0,0.464565378896567,1.0,2231.748291015625,-4.211380481719971,1,1,6,18,1,-33.07134279402513,-352.8327941894531,230.17616271972656,-356.768310546875,224.81649780273438,1,-356.768310546875,224.81649780273438,2237.451904296875,-0.39057305455207825,0.6037657856941223,0.041639506816864014,4.0,4.164497375488281,1,2233.454345703125,-0.7278297543525696,1.4711907831142503,20.419092178344727,8.340648651123047,0.464565378896567,2233.454345703125,-0.7278297543525696,2233.454345703125,-1.9579802699869573,0.0,1.2301505156343877,0.0,1,3.237224426217913,3.2371469620930378,-0.022394899278879166,3.024327278137207,-0.022753411903977394,0.7338995337486267,0.038283348083496094,-0.8347902560314542,0.0,-33.147569626153164,-33.147569626153164,1.221842574201942,3.390864372253418,-0.053019970655441284,0.051915568268029004,1.0,2230.9013550510617,-3.820949856996518,10,10,11,435.07735838387816,0.20363590731249645,1.2724030598742502,0.10288784290183495,-364.1382263705723,225.41893383409095,3.2372244262180123,3.127215121039042,0.11000930517897034,0,4.0238180261507335,nan
GT+smooth-jitter_controlled_forward3x6_SoftMS_local_prior_3frame_causal_heading_continuous_waypoint_RNN_polynomial_Kalman,1,controlled_gt_jitter,8.0,-360.6097598485668,222.7110230969248,-2.5042300634105215,-3.4366056872548927,0,0,6,-361.2551241595818,223.36741198026579,-358.10552978515625,226.1476287841797,-1,-361.255126953125,223.36741638183594,-361.2551241595818,223.36741198026579,0.0,0,0.0,0.0,1082,/yh/study/uav-sat/v36_GvsK/v36_training_data/routes/route_C/vi/vi_001082.jpg,-358.10552978515625,226.1476287841797,2235.6103268750544,0.01962416036297337,10,3.4366472884015593,3.4366472884015593,1,3.4366472884015593,-31.925456656297996,0.00027039565322801296,2234.4397883023107,-3.843541939616185,-361.1598219809772,223.50840313091382,4.036609080194588,4.37562237160785,1,0.0,0,0,0.7483277754819766,1.0,2235.330810546875,-4.2234110832214355,1,1,6,18,1,-33.098022206614274,-352.8327941894531,230.17616271972656,-356.5479431152344,220.41432189941406,1,-356.5479431152344,220.41432189941406,2239.991455078125,-3.993244171142578,0.4442847967147827,0.5251601338386536,4.0,4.0,1,2235.993896484375,-4.328136444091797,4.364647513699494,20.5040340423584,8.193025588989258,0.7483277754819766,2235.993896484375,-4.328136444091797,2235.993896484375,-4.328136444091797,0.0,0.0,0.0,1,3.5385053731399916,3.5384332512488483,-0.022592082619667053,3.04754900932312,-0.023000415414571762,0.742493212223053,0.03862927854061127,-0.8871170823148623,0.0,-33.199896452436576,-33.199896452436576,1.2744397961385783,3.4183287620544434,-0.05661682039499283,0.03391503444950971,1.0,2234.4346099001555,-4.013642480353035,10,10,11,431.5441035347844,0.2101031647735239,1.1757169748989327,0.3890982790784392,-361.2551241595818,223.36741198026579,3.5385053731399863,3.4366472884015593,0.10185808473842695,0,4.201136774752542,nan
GT+smooth-jitter_controlled_forward3x6_SoftMS_local_prior_3frame_causal_heading_continuous_waypoint_RNN_polynomial_Kalman,1,controlled_gt_jitter,8.0,-357.5853558953693,220.78977189931373,-2.3953839715411567,-3.5412675293972105,0,0,6,-357.9471395500642,222.13727225883204,-355.1899719238281,224.33103942871094,-1,-357.9471435546875,222.13726806640625,-357.9471395500642,222.13727225883204,0.0,0,0.0,0.0,1083,/yh/study/uav-sat/v36_GvsK/v36_training_data/routes/route_C/vi/vi_001083.jpg,-355.1899719238281,224.33103942871094,2239.045430356903,0.04283187774433714,10,3.4351818771579765,3.4351818771579765,1,3.4351818771579765,-31.925692333417242,-0.00023567711924679703,2237.963842863681,-4.036459145823635,-358.28461537405366,221.46160940230615,4.220242500195594,4.221998587261009,1,0.0,0,0,0.8338758187330142,1.0,2238.9140625,-4.230474948883057,1,1,6,18,1,-33.13367819532012,-348.1014099121094,230.14625549316406,-351.003173828125,222.10812377929688,1,-351.003173828125,222.10812377929688,2243.772216796875,0.4021657705307007,0.28874289989471436,0.7171114087104797,4.0,4.0,1,2239.7744140625,0.06479093432426453,0.7293143651344779,20.55207061767578,8.202802658081055,0.8338758187330142,2239.7744140625,0.06479093432426453,2239.7744140625,-1.3105640449141611,0.0,1.3753549792384256,0.0,1,3.5293067181892424,3.5292329635251516,-0.022816665470600128,3.055614709854126,-0.0233535747975111,0.7454843521118164,0.038553204387426376,-0.9164483158492771,0.0,-33.22922768597099,-33.22922768597099,1.3035353525537463,3.4278531074523926,-0.05891082063317299,0.13297896647177118,1.0,2237.887888661022,-3.2850330439582853,10,10,11,428.09082477391803,0.21642403427914397,1.1575416958812639,0.37956716730385054,-357.9471395500642,222.13727225883204,3.529306718189032,3.4351818771579765,0.09412484103105534,0,3.5234340798151416,nan
GT+smooth-jitter_controlled_forward3x6_SoftMS_local_prior_3frame_causal_heading_continuous_waypoint_RNN_polynomial_Kalman,1,controlled_gt_jitter,8.0,-353.447200852662,218.13131808088795,-2.282314378052615,-3.642577182783933,0,0,6,-353.92409520162045,219.408223607388,-351.1648864746094,221.77389526367188,-1,-353.9241027832031,219.40821838378906,-353.92409520162045,219.408223607388,0.0,0,0.0,0.0,1084,/yh/study/uav-sat/v36_GvsK/v36_training_data/routes/route_C/vi/vi_001084.jpg,-351.1648864746094,221.77389526367188,2243.8140997100113,0.03325299298359323,10,4.768678973710207,4.768678973710207,1,4.768678973710207,-32.42786995209195,-0.5021776186747113,2242.7491702007546,-3.3081450094655542,-353.8510175786406,219.51918571199724,3.5069952196227603,4.568176659042886,1,0.0,0,0,0.4917404578960315,1.0,2243.832275390625,-4.265234470367432,1,1,6,18,1,-33.1671205090438,-343.43096923828125,220.60003662109375,-347.04150390625,214.5068817138672,1,-347.04150390625,214.5068817138672,2251.183349609375,-3.9042935371398926,0.6872339844703674,0.07081389427185059,4.0,4.0,1,2247.185546875,-4.241501331329346,5.444279614378971,20.573461532592773,8.207210540771484,0.4917404578960315,2247.185546875,-4.241501331329346,2246.3514564599686,-4.241501331329346,0.8340904150312793,0.0,0.0,1,4.8613364799707135,4.861281539732547,-0.023111965507268906,3.061713218688965,-0.023343846201896667,0.74672532081604,0.03871157392859459,-0.9357474422359713,0.0,-33.24852681235769,-33.24852681235769,0.8206568602657356,3.4345526695251465,-0.06008625775575638,0.09094020106544623,1.0,2242.746722965725,-3.4409867900935014,10,10,11,423.2319904692149,0.22531762779308126,1.067376744286321,1.7069657550212423,-353.92409520162045,219.408223607388,4.861336479970686,4.768678973710207,0.09265750626047886,0,3.634506181664698,nan
GT+smooth-jitter_controlled_forward3x6_SoftMS_local_prior_3frame_causal_heading_continuous_waypoint_RNN_polynomial_Kalman,1,controlled_gt_jitter,8.0,-348.9093493408532,215.2250763275628,-2.1651171631188686,-3.7403625152106588,0,0,6,-349.35436920036693,216.6788516736159,-346.7442321777344,218.96543884277344,-1,-349.3543701171875,216.67884826660156,-349.35436920036693,216.6788516736159,0.0,0,0.0,0.0,1085,/yh/study/uav-sat/v36_GvsK/v36_training_data/routes/route_C/vi/vi_001085.jpg,-346.7442321777344,218.96543884277344,2249.0514178296785,0.02272712158815247,10,5.237328697013876,5.237328697013876,1,5.237328697013876,-32.42793128201159,-6.132991963630229e-05,2248.0694409560942,-3.464226290914138,-349.43806178796365,216.5433726355305,3.6225850826745583,5.0463047269724655,1,0.0,0,0,0.35534160006407656,1.0,2249.220947265625,-4.2957563400268555,1,1,6,18,1,-33.195612696527355,-338.6995544433594,220.5701141357422,-342.6702880859375,214.2245330810547,1,-342.6702880859375,214.2245330810547,2255.02880859375,-1.80632483959198,0.7244119048118591,0.024433493614196777,4.0,4.0,1,2251.031005859375,-2.139235496520996,2.931356533998932,20.59307098388672,8.21066951751709,0.35534160006407656,2251.031005859375,-2.139235496520996,2251.031005859375,-2.139235496520996,0.0,0.0,0.0,1,5.322768723079811,5.322717990369045,-0.02323950082063675,3.0691940784454346,-0.02336135320365429,0.7478538155555725,0.03886115178465843,-0.9623372619531252,0.0,-33.275116632074834,-33.275116632074834,0.8471853500632468,3.4425692558288574,-0.06175800412893295,0.046337400400733905,1.0,2248.0677540473994,-3.304990072300919,10,10,11,417.9109593875405,0.2350572246897343,0.983663782279109,2.168134618568441,-349.35436920036693,216.6788516736159,5.322768723079687,5.237328697013876,0.08544002606581103,0,3.4700570829704014,nan
GT+smooth-jitter_controlled_forward3x6_SoftMS_local_prior_3frame_causal_heading_continuous_waypoint_RNN_polynomial_Kalman,1,controlled_gt_jitter,8.0,-345.9173085365338,213.2908972707357,-2.0438954505963105,-3.834453681412717,0,0,6,-346.67275061999203,214.44730011092437,-343.8734130859375,217.12535095214844,-1,-346.6727600097656,214.44729614257812,-346.67275061999203,214.44730011092437,0.0,0,0.0,0.0,1086,/yh/study/uav-sat/v36_GvsK/v36_training_data/routes/route_C/vi/vi_001086.jpg,-343.8734130859375,217.12535095214844,2252.4612715975313,0.0021605246198435207,10,3.409915791196345,3.409915791196345,1,3.409915791196345,-32.65835574854199,-0.2304244665304036,2251.5563579793106,-3.328296591094025,-346.4184595880552,214.79435297743694,3.451204609415486,5.244097834478303,1,0.0,0,0,0.554402862671651,1.0,2252.783447265625,-4.331045150756836,1,1,6,18,1,-33.2234391006494,-338.6995544433594,220.5701141357422,-342.7769470214844,208.81057739257812,1,-342.7769470214844,208.81057739257812,2257.83251953125,-6.438903331756592,0.6712555289268494,0.09236359596252441,4.0,4.0,1,2253.834716796875,-6.775473117828369,6.915393662463904,20.628467559814453,8.218754768371582,0.554402862671651,2253.834716796875,-6.775473117828369,2253.834716796875,-5.593061314502249,0.0,-1.18241180332612,0.0,1,3.488681783649018,3.4886039319111934,-0.02330651879310608,3.0732622146606445,-0.023609116673469543,0.7494282722473145,0.038788001984357834,-0.9702419252569455,0.0,-33.28302129537866,-33.28302129537866,0.6246655468366635,3.447410821914673,-0.06259946525096893,0.06491163365869253,1.0,2251.5269597275005,-3.757534711335686,10,10,11,414.45175370743937,0.24138894280783182,0.9343118700307969,0.3366535765357006,-346.67275061999203,214.44730011092437,3.4886817836487864,3.409915791196345,0.07876599245244131,0,3.8740478749942433,nan
GT+smooth-jitter_controlled_forward3x6_SoftMS_local_prior_3frame_causal_heading_continuous_waypoint_RNN_polynomial_Kalman,1,controlled_gt_jitter,8.0,-342.9220859981726,211.3610526430389,-1.9187595821569468,-3.924683440945462,0,0,6,-343.6940128811257,212.64052876330214,-341.0033264160156,215.28573608398438,-1,-343.6940002441406,212.64053344726562,-343.6940128811257,212.64052876330214,0.0,0,0.0,0.0,1087,/yh/study/uav-sat/v36_GvsK/v36_training_data/routes/route_C/vi/vi_001087.jpg,-341.0033264160156,215.28573608398438,2255.8702535145994,-0.018397810324823884,10,3.4090439064396807,3.4090439064396807,1,3.4090439064396807,-32.65830527067532,5.0477866675121106e-05,2255.010743624393,-3.781007659335521,-343.74100358796073,212.56523726401664,3.859532371574979,4.8089166214693035,1,0.0,0,0,0.6475452529228106,1.0,2256.346435546875,-4.360970497131348,1,1,6,18,1,-33.24429284212422,-333.9681701660156,220.5402069091797,-337.88616943359375,209.5956573486328,1,-337.88616943359375,209.5956573486328,2261.54638671875,-3.1610782146453857,0.6275257468223572,0.27897363901138306,4.0,4.0,1,2257.548583984375,-3.5031051635742188,3.867813142276516,20.671035766601562,8.228246688842773,0.6475452529228106,2257.548583984375,-3.5031051635742188,2257.548583984375,-3.5031051635742188,0.0,0.0,0.0,1,3.4838629737024283,3.4837838968924184,-0.023472947999835014,3.0783140659332275,-0.02390751615166664,0.7521297931671143,0.03869781270623207,-0.9791000402802174,0.0,-33.291879410401926,-33.291879410401926,0.6335741397266105,3.453796625137329,-0.06358528882265091,0.06692084573650625,1.0,2255.010211090753,-3.692257150596438,10,10,11,410.9685023441871,0.2477646740612413,0.8600424238466076,0.33072984050645315,-343.6940128811257,212.64052876330214,3.483862973702512,3.4090439064396807,0.0748190672628315,0,3.7731837250413975,nan
GT+smooth-jitter_controlled_forward3x6_SoftMS_local_prior_3frame_causal_heading_continuous_waypoint_RNN_polynomial_Kalman,1,controlled_gt_jitter,8.0,-340.1802689713859,209.60008969494163,-1.789827076854638,-4.010887477909926,0,0,6,-340.84084807631706,211.2535285058403,-338.39044189453125,213.61097717285156,-1,-340.8408508300781,211.25352478027344,-340.84084807631706,211.2535285058403,0.0,0,0.0,0.0,1088,/yh/study/uav-sat/v36_GvsK/v36_training_data/routes/route_C/vi/vi_001088.jpg,-338.39044189453125,213.61097717285156,2258.973740685836,-0.037114407236064594,10,3.1035436090107376,3.1035436090107376,1,3.1035436090107376,-32.6583161646426,-1.089396728402325e-05,2258.1825535786493,-3.7159691113591773,-341.0256060224041,210.9247420766993,3.762970764253686,4.975178134754713,1,0.0,0,0,0.4842658804691211,1.0,2259.60498046875,-4.383622169494629,1,1,6,18,1,-33.260948151693576,-329.2367858886719,220.5102996826172,-333.16949462890625,209.0591278076172,1,-333.16949462890625,209.0591278076172,2265.8193359375,-1.0932667255401611,0.7615792751312256,0.08418002724647522,4.0,4.0,1,2261.821533203125,-1.4301601648330688,3.1702521515305087,20.694604873657227,8.232415199279785,0.4842658804691211,2261.821533203125,-1.4301601648330688,2261.764284749939,-1.5669304085851272,0.05724845318564009,0.13677024375205837,0.0,1,3.1724311052561713,3.172342487896551,-0.02371196076273918,3.088407516479492,-0.02387934923171997,0.7545554637908936,0.03893903270363808,-1.006601690251568,0.0,-33.31938106037328,-33.31938106037328,0.6610648957306771,3.4650731086730957,-0.06529296189546585,0.12033401766731426,1.0,2258.1629506127065,-3.3393370118829946,10,10,11,407.8157628222334,0.2535354375829445,0.8107900731297377,0.015136092531245371,-340.84084807631706,211.2535285058403,3.1724311052563103,3.1035436090107376,0.06888749624557278,0,3.4003021444170587,nan
GT+smooth-jitter_controlled_forward3x6_SoftMS_local_prior_3frame_causal_heading_continuous_waypoint_RNN_polynomial_Kalman,1,controlled_gt_jitter,8.0,-337.1797445485783,207.69290765610032,-1.6572225759220378,-4.092904721829376,0,0,6,-338.0153721373832,209.24887378243497,-335.52252197265625,211.7858123779297,-1,-338.015380859375,209.24887084960938,-338.0153721373832,209.24887378243497,0.0,0,0.0,0.0,1089,/yh/study/uav-sat/v36_GvsK/v36_training_data/routes/route_C/vi/vi_001089.jpg,-335.52252197265625,211.7858123779297,2262.3731672371127,-0.0466185846649819,10,3.399439837224615,3.399439837224615,1,3.399439837224615,-32.47296751579041,0.18534864885219704,2261.6272525929057,-3.3631410357448797,-337.92574301615815,209.38159973321024,3.399369033358876,5.541411565401959,1,0.0,0,0,0.3387033300435916,1.0,2263.160400390625,-4.391560077667236,1,1,6,18,1,-33.28139965905931,-329.2977294921875,210.99398803710938,-333.54736328125,203.54071044921875,1,-333.54736328125,203.54071044921875,2268.44970703125,-5.959102630615234,0.7748944759368896,0.02888435125350952,4.0,4.0,1,2264.451904296875,-6.290598392486572,6.5809141921251095,20.69129180908203,8.230554580688477,0.3387033300435916,2264.451904296875,-6.290598392486572,2264.451904296875,-5.272001530316806,0.0,-1.0185968621697665,0.0,1,3.464383760723362,3.4643019801991466,-0.02380402386188507,3.092282295227051,-0.02368362434208393,0.7538971900939941,0.03915949538350105,-1.0267301510138898,0.0,-33.339509521135604,-33.339509521135604,0.8665420053451959,3.468600273132324,-0.06626789271831512,0.03158784832412317,1.0,2261.6224506462895,-3.52322382273174,10,10,11,404.3562627886504,0.25986769448463765,0.750716590823231,0.3071575419975643,-338.0153721373832,209.24887378243497,3.464383760723596,3.399439837224615,0.06494392349898082,0,3.5567343703304597,nan
GT+smooth-jitter_controlled_forward3x6_SoftMS_local_prior_3frame_causal_heading_continuous_waypoint_RNN_polynomial_Kalman,1,controlled_gt_jitter,8.0,-334.17503895426734,205.7896426679448,-1.5210777726266975,-4.170577668969255,0,0,6,-335.3366445816942,207.05834324987137,-332.6539611816406,209.96022033691406,-1,-335.3366394042969,207.058349609375,-335.3366445816942,207.05834324987137,0.0,0,0.0,0.0,1090,/yh/study/uav-sat/v36_GvsK/v36_training_data/routes/route_C/vi/vi_001090.jpg,-332.6539611816406,209.96022033691406,2265.773363794716,-0.05614127523604775,10,3.4002098923407336,3.4002098923407336,1,3.4002098923407336,-32.47324319731281,-0.00027568152240583046,2265.082716799117,-3.5469616258332795,-335.1036425292776,207.37915829044695,3.55848563193297,5.2615707447225315,1,0.0,0,0,0.5499752240217105,1.0,2266.71728515625,-4.393952369689941,1,1,6,18,1,-33.301738148138604,-329.2977294921875,210.99398803710938,-329.84002685546875,202.59506225585938,1,-329.84002685546875,202.59506225585938,2272.088623046875,-4.77658748626709,0.804925799369812,0.1330970823764801,4.0,4.0,1,2268.0908203125,-5.113656997680664,5.563188833267798,20.735525131225586,8.240974426269531,0.5499752240217105,2268.0908203125,-5.113656997680664,2268.0908203125,-5.113656997680664,0.0,0.0,0.0,1,3.460347573828424,3.460266152827579,-0.023737803101539612,3.0965795516967773,-0.024024147540330887,0.7562257051467896,0.039034463465213776,-1.0272259800589503,0.0,-33.34000535018066,-33.34000535018066,0.8667621528678506,3.474053144454956,-0.06679879128932953,0.09261535169442307,1.0,2265.0572855812566,-3.9426452113508152,10,10,11,400.9214278536833,0.2661548044750934,0.7160782134592409,0.3036303406439562,-335.3366445816942,207.05834324987137,3.460347573828538,3.4002098923407336,0.06013768148780452,0,3.951921159793854,nan
GT+smooth-jitter_controlled_forward3x6_SoftMS_local_prior_3frame_causal_heading_continuous_waypoint_RNN_polynomial_Kalman,1,controlled_gt_jitter,8.0,-331.428375809475,204.05727268724536,-1.38153132705315,-4.243752703379642,0,0,6,-332.4918277675071,205.711156077984,-330.0468444824219,208.301025390625,-1,-332.4918212890625,205.71115112304688,-332.4918277675071,205.711156077984,0.0,0,0.0,0.0,1091,/yh/study/uav-sat/v36_GvsK/v36_training_data/routes/route_C/vi/vi_001091.jpg,-330.0468444824219,208.301025390625,2268.863656758247,-0.06478723868286847,10,3.090305058264707,3.090305058264707,1,3.090305058264707,-32.47308000460645,0.000163192706356098,2268.204875929019,-3.9665405048250126,-332.6892548105882,205.35563265137793,3.956977474134686,5.233521833817724,1,0.0,0,0,0.5318361120260134,1.0,2269.964599609375,-4.389848709106445,1,1,6,18,1,-33.315131615492476,-319.8349609375,210.9341583251953,-324.41375732421875,202.88916015625,1,-324.41375732421875,202.88916015625,2276.517333984375,-1.6274700164794922,0.837906002998352,0.1418352723121643,4.0,4.0,1,2272.519287109375,-1.9685359001159668,4.121637081305836,20.762500762939453,8.24700927734375,0.5318361120260134,2272.519287109375,-1.9685359001159668,2271.917425237091,-1.9685359001159668,0.6018618722842817,0.0,0.0,1,3.14768104838778,3.147590347762773,-0.023895293474197388,3.100872039794922,-0.024137716740369797,0.758451521396637,0.039061158895492554,-1.0328767876583722,0.0,-33.345656157780084,-33.345656157780084,0.8725761531736287,3.4794492721557617,-0.06733906269073486,0.1269623715314351,1.0,2268.1816881392647,-3.5605396789493406,10,10,11,397.7970252956752,0.27187370011595385,0.6819686189824097,0.010566981530214736,-332.4918277675071,205.711156077984,3.1476810483877613,3.090305058264707,0.057375990123054166,0,3.5616521897717446,nan
GT+smooth-jitter_controlled_forward3x6_SoftMS_local_prior_3frame_causal_heading_continuous_waypoint_RNN_polynomial_Kalman,1,controlled_gt_jitter,8.0,-328.4785664121953,202.1900084014301,-1.2387287657109294,-4.312280416929261,0,0,6,-329.8909834107687,203.539141458247,-327.2398376464844,206.50228881835938,-1,-329.8909912109375,203.5391387939453,-329.8909834107687,203.539141458247,0.0,0,0.0,0.0,1092,/yh/study/uav-sat/v36_GvsK/v36_training_data/routes/route_C/vi/vi_001092.jpg,-327.2398376464844,206.50228881835938,2272.1974760989247,-0.0845163321830616,10,3.333877717224455,3.333877717224455,1,3.333877717224455,-32.65184411240645,-0.17876410779999619,2271.570118675884,-3.5845683042886103,-329.6409649573199,203.8795938721553,3.555831990362399,5.273206259541383,1,0.0,0,0,0.5355654554403201,1.0,2273.45556640625,-4.391159534454346,1,1,6,18,1,-33.32581520529314,-319.8349609375,210.9341583251953,-324.3367004394531,197.490966796875,1,-324.3367004394531,197.490966796875,2279.468017578125,-6.148523330688477,0.8311253786087036,0.15784898400306702,4.0,4.0,1,2275.47021484375,-6.479900360107422,7.184132220143946,20.78823471069336,8.250436782836914,0.5355654554403201,2275.47021484375,-6.479900360107422,2275.292923678345,-5.818251305765139,0.17729116540531464,-0.6616490543422833,0.0,1,3.388515733522545,3.3884305366192966,-0.024028625339269638,3.113668441772461,-0.024113694205880165,0.7613517045974731,0.03933466225862503,-1.075518619142114,0.0,-33.388297989263826,-33.388297989263826,0.7364538768573742,3.493645191192627,-0.07003525644540787,0.12583222071418204,1.0,2271.5408031506454,-4.005944232861841,10,10,11,394.4379102842945,0.27802221262004717,0.6566729482792653,0.2202092754519942,-329.8909834107687,203.539141458247,3.388515733522475,3.333877717224455,0.05463801629802001,0,3.976030198731337,nan
GT+smooth-jitter_controlled_forward3x6_SoftMS_local_prior_3frame_causal_heading_continuous_waypoint_RNN_polynomial_Kalman,1,controlled_gt_jitter,8.0,-325.52226572528133,200.3253543116666,-1.0928223659063125,-4.3760159275912205,0,0,6,-327.0919378977642,201.62577222737193,-324.429443359375,204.7013702392578,-1,-327.0919494628906,201.6257781982422,-327.0919378977642,201.62577222737193,0.0,0,0.0,0.0,1093,/yh/study/uav-sat/v36_GvsK/v36_training_data/routes/route_C/vi/vi_001093.jpg,-324.429443359375,204.7013702392578,2275.5353246908135,-0.1042788015976891,10,3.337907095407271,3.337907095407271,1,3.337907095407271,-32.65200771686891,-0.00016360446246002096,2274.9312394016333,-4.0300196459846145,-327.03845049584874,201.70646757377426,3.9719466529513405,5.54278807927565,1,0.0,0,0,0.44395227674011145,1.0,2276.950927734375,-4.386794567108154,1,1,6,18,1,-33.34768419035505,-315.134033203125,206.1460723876953,-319.8575439453125,196.77230834960938,1,-319.8575439453125,196.77230834960938,2283.6376953125,-4.361599922180176,0.8895153999328613,0.09620053321123123,4.0,4.0,1,2279.6396484375,-4.700375080108643,6.161945668290076,20.824417114257812,8.259269714355469,0.44395227674011145,2279.6396484375,-4.700375080108643,2278.402108162669,-4.700375080108643,1.2375402748313733,0.0,0.0,1,3.3905217293996976,3.390436250988136,-0.02407541312277317,3.1167378425598145,-0.02432052046060562,0.7633925676345825,0.03928632661700249,-1.072900202090766,0.0,-33.385679572212474,-33.385679572212474,0.7336718553435664,3.4977333545684814,-0.07018312811851501,0.05965972736911442,1.0,2274.929169878425,-4.126809925291693,10,10,11,391.0495435565149,0.28422426736471146,0.6061548123884677,0.22116925284745648,-327.0919378977642,201.62577222737193,3.3905217293994903,3.337907095407271,0.05261463399221933,0,4.067945463949664,nan
GT+smooth-jitter_controlled_forward3x6_SoftMS_local_prior_3frame_causal_heading_continuous_waypoint_RNN_polynomial_Kalman,1,controlled_gt_jitter,8.0,-322.5655225385237,198.4672193789858,-0.9439710248517797,-4.434819195232952,0,0,6,-324.38907349338996,199.59040498811558,-321.6215515136719,202.90203857421875,-1,-324.3890686035156,199.5904083251953,-324.38907349338996,199.59040498811558,0.0,0,0.0,0.0,1094,/yh/study/uav-sat/v36_GvsK/v36_training_data/routes/route_C/vi/vi_001094.jpg,-321.6215515136719,202.90203857421875,2278.870210092377,-0.12403775948333325,10,3.334943936257152,3.334943936257152,1,3.334943936257152,-32.652248800388236,-0.00024108351932276752,2278.3126015168978,-4.1510201473571415,-324.2453969403702,199.79672866174818,4.065404589422031,5.9523126729457205,1,0.0,0,0,0.45388625282410533,1.0,2280.443115234375,-4.376683712005615,1,1,6,18,1,-33.360982568669066,-315.134033203125,206.1460723876953,-320.1143798828125,192.39305114746094,1,-320.1143798828125,192.39305114746094,2285.761474609375,-8.199986457824707,0.8554496765136719,0.09267966449260712,4.0,4.0,1,2281.763427734375,-8.535140037536621,8.894793412769229,20.846647262573242,8.26339054107666,0.45388625282410533,2281.763427734375,-8.535140037536621,2281.763427734375,-6.249932464516915,0.0,-2.2852075730197057,0.0,1,3.3835182557614147,3.3834316384727368,-0.02421022206544876,3.124021291732788,-0.024357575923204422,0.7650946974754333,0.039414387196302414,-1.0917748962535674,0.0,-33.40455426637528,-33.40455426637528,0.752305465987045,3.5058434009552,-0.07146339118480682,0.055379798288344,1.0,2278.301462772119,-4.402194068283733,10,10,11,387.6772506628208,0.2903969006190341,0.5687473202578985,0.2109226445243637,-324.38907349338996,199.59040498811558,3.383518255761483,3.334943936257152,0.04857431950433133,0,4.315795977201568,nan
GT+smooth-jitter_controlled_forward3x6_SoftMS_local_prior_3frame_causal_heading_continuous_waypoint_RNN_polynomial_Kalman,1,controlled_gt_jitter,8.0,-319.56388552368173,196.63192806427884,-0.792340113525503,-4.488555334158676,0,0,6,-321.65961261408046,197.55202248197367,-318.77154541015625,201.1204833984375,-1,-321.65960693359375,197.55201721191406,-321.65961261408046,197.55202248197367,0.0,0,0.0,0.0,1095,/yh/study/uav-sat/v36_GvsK/v36_training_data/routes/route_C/vi/vi_001095.jpg,-318.77154541015625,201.1204833984375,2282.2311857885666,-0.10626125669842407,10,3.3610227066220895,3.3610227066220895,1,3.3610227066220895,-32.00973966415654,0.6425091362316893,2281.707981503527,-4.426485334039625,-321.5230639707379,197.74895193438488,4.351790298523368,6.368275337161191,1,0.0,0,0,0.3789473609960452,1.0,2283.9609375,-4.323268890380859,1,1,6,18,1,-33.37623267353841,-310.5245666503906,187.08352661132812,-316.185302734375,190.90048217773438,1,-316.185302734375,190.90048217773438,2289.8798828125,-7.3611674308776855,0.876006543636322,0.06722661852836609,4.0,4.0,1,2285.8818359375,-7.695589542388916,8.42170709167028,20.864274978637695,8.266845703125,0.3789473609960452,2285.8818359375,-7.695589542388916,2285.0000867462663,-6.4017484796831,0.8817491912336677,-1.2938410627058166,0.0,1,3.4066053386071045,3.4065187314081222,-0.0242912657558918,3.127718925476074,-0.024425309151411057,0.7656588554382324,0.03944530338048935,-1.1022171882774592,0.0,-33.41499655839917,-33.41499655839917,1.4052568942426258,3.5098085403442383,-0.07223115861415863,0.04396858690682068,1.0,2281.697845263935,-4.6659096391396195,10,10,11,384.28086817100484,0.2966136273904795,0.5333405246315124,0.23330378114601524,-321.65961261408046,197.55202248197367,3.4066053386070974,3.3610227066220895,0.04558263198500789,0,4.590734743667129,nan
GT+smooth-jitter_controlled_forward3x6_SoftMS_local_prior_3frame_causal_heading_continuous_waypoint_RNN_polynomial_Kalman,1,controlled_gt_jitter,8.0,-316.5603730438449,194.80227580589042,-0.6381013153292706,-4.5370949216486425,0,0,6,-318.8244487368729,195.6700832246331,-315.9222717285156,199.33937072753906,-1,-318.824462890625,195.6700897216797,-318.8244487368729,195.6700832246331,0.0,0,0.0,0.0,1096,/yh/study/uav-sat/v36_GvsK/v36_training_data/routes/route_C/vi/vi_001096.jpg,-315.9222717285156,199.33937072753906,2285.5913059468644,-0.08850228359612018,10,3.3601670880069174,3.3601670880069174,1,3.3601670880069174,-32.009961409688295,-0.0002217455317521952,2285.1006758395356,-4.690274628390518,-318.79675951734515,195.71247859137043,4.6278533485334155,6.748678262902445,1,0.0,0,0,0.3796368757224456,1.0,2287.477294921875,-4.26408576965332,1,1,6,18,1,-33.38979999055099,-305.7931823730469,187.05361938476562,-310.5816955566406,190.42901611328125,1,-310.5816955566406,190.42901611328125,2294.867919921875,-4.764266490936279,0.8560611009597778,0.06311442703008652,4.0,4.0,1,2290.869873046875,-5.103365421295166,7.280942447181362,20.89141082763672,8.27369213104248,0.3796368757224456,2290.869873046875,-5.103365421295166,2288.3946772477725,-5.103365421295166,2.4751957991026776,0.0,0.0,1,3.402917803730244,3.402830575600712,-0.02436498925089836,3.1297664642333984,-0.0245203897356987,0.7669223546981812,0.03944876044988632,-1.0941466794428543,0.0,-33.40692604956457,-33.40692604956457,1.3969646398762687,3.512495517730713,-0.07188127934932709,0.03083898249949846,1.0,2285.0999365557554,-4.740905779457238,10,10,11,380.87877687918444,0.30284080352971704,0.49136939110894673,0.230400623773519,-318.8244487368729,195.6700832246331,3.4029178037299315,3.3601670880069174,0.04275071572301403,0,4.678279829896838,nan
GT+smooth-jitter_controlled_forward3x6_SoftMS_local_prior_3frame_causal_heading_continuous_waypoint_RNN_polynomial_Kalman,1,controlled_gt_jitter,8.0,-313.55513240080614,192.97838625978505,-0.48143244963427073,-4.580314301738389,0,0,6,-316.1671226456076,193.55112331790374,-313.0736999511719,197.55870056152344,-1,-316.1671142578125,193.55111694335938,-316.1671226456076,193.55112331790374,0.0,0,0.0,0.0,1097,/yh/study/uav-sat/v36_GvsK/v36_training_data/routes/route_C/vi/vi_001097.jpg,-313.0736999511719,197.55870056152344,2288.9505963589763,-0.07074452728378915,10,3.3593373469804195,3.3593373469804195,1,3.3593373469804195,-32.00990736780361,5.4041884683672e-05,2288.498579699235,-4.765356238043454,-315.965180304382,193.83270545383937,4.716322526660545,6.859825087859503,1,0.0,0,0,0.4148118765986339,1.0,2290.9921875,-4.199108600616455,1,1,6,18,1,-33.39579412187791,-305.7931823730469,187.05361938476562,-310.377197265625,186.99949645996094,1,-310.377197265625,186.99949645996094,2296.873779296875,-7.55338716506958,0.8285983800888062,0.07114262878894806,4.0,4.0,1,2292.875732421875,-7.890785217285156,8.749841684598861,20.896282196044922,8.274051666259766,0.4148118765986339,2292.875732421875,-7.890785217285156,2291.8893123598814,-6.7997958344312,0.9864200619937051,-1.090989382853956,0.0,1,3.3987310928707433,3.3986431434796565,-0.024450458586215973,3.1321768760681152,-0.024578450247645378,0.7669645547866821,0.03945597633719444,-1.102812481952308,0.0,-33.415591852074016,-33.415591852074016,1.4056844842704062,3.5149142742156982,-0.07251376658678055,0.055305602264633415,1.0,2288.478426776566,-5.111279738496434,10,10,11,377.5002866583741,0.3090247803501687,0.47216958241051543,0.2271604709123043,-316.1671226456076,193.55112331790374,3.398731092870657,3.3593373469804195,0.039393745890237586,0,5.062602031567209,nan
GT+smooth-jitter_controlled_forward3x6_SoftMS_local_prior_3frame_causal_heading_continuous_waypoint_RNN_polynomial_Kalman,1,controlled_gt_jitter,8.0,-310.63608539557316,191.21622418487723,-0.3225172803388041,-4.61809588348215,0,0,6,-313.4912650261934,191.63292826982087,-310.3135681152344,195.83432006835938,-1,-313.49127197265625,191.6329345703125,-313.4912650261934,191.63292826982087,0.0,0,0.0,0.0,1098,/yh/study/uav-sat/v36_GvsK/v36_training_data/routes/route_C/vi/vi_001098.jpg,-310.3135681152344,195.83432006835938,2292.2050532760677,-0.05268873164953439,10,3.25450700367359,3.25450700367359,1,3.25450700367359,-31.994904438059148,0.01500292974446504,2291.7707033399056,-5.13580059389342,-313.39778677428035,191.77054333552556,5.101635627044411,6.781166087076154,1,0.0,0,0,0.4272402884400264,1.0,2294.401123046875,-4.128036975860596,1,1,6,18,1,-33.40272334879089,-305.7931823730469,187.05361938476562,-306.3829650878906,186.70025634765625,1,-306.3829650878906,186.70025634765625,2300.409423828125,-5.671207427978516,0.8201894760131836,0.0742640346288681,4.0,4.0,1,2296.411376953125,-6.011135101318359,7.293575393206734,20.923025131225586,8.280171394348145,0.4272402884400264,2296.411376953125,-6.011135101318359,2295.1956141331157,-6.011135101318359,1.2157628200093331,0.0,0.0,1,3.2923678776628655,3.292276563339854,-0.024520855396986008,3.136733293533325,-0.02465883269906044,0.7692376375198364,0.039511919021606445,-1.105432286385831,0.0,-33.418211656507545,-33.418211656507545,1.4233072184483941,3.520602226257324,-0.07283671200275421,0.050656326326955436,1.0,2291.7652617605836,-5.302072897973538,10,10,11,374.2134516743563,0.31504099174205497,0.439791515484103,0.11777371014026494,-313.4912650261934,191.63292826982087,3.2923678776629437,3.25450700367359,0.03786087398935356,0,5.267774739180208,nan
GT+smooth-jitter_controlled_forward3x6_SoftMS_local_prior_3frame_causal_heading_continuous_waypoint_RNN_polynomial_Kalman,1,controlled_gt_jitter,8.0,-307.46473744827586,189.3032848483035,-0.1615453096039794,-4.650328432946502,0,0,6,-310.67061084792573,189.42048299039044,-307.3031921386719,193.95361328125,-1,-310.6706237792969,189.4204864501953,-310.67061084792573,189.42048299039044,0.0,0,0.0,0.0,1099,/yh/study/uav-sat/v36_GvsK/v36_training_data/routes/route_C/vi/vi_001099.jpg,-307.3031921386719,193.95361328125,2295.7545649764897,-0.032985231677742845,10,3.549566387510437,3.549566387510437,1,3.549566387510437,-31.994731173669525,0.00017326438962254886,2295.3500070943655,-5.326669641259194,-310.47479189445227,189.6959476417982,5.309120615340619,6.8810499951546635,1,0.0,0,0,0.47304201591376216,1.0,2298.103759765625,-4.0495285987854,1,1,6,18,1,-33.40814427783606,-305.7931823730469,187.05361938476562,-301.7500915527344,182.15769958496094,1,-301.7500915527344,182.15769958496094,2306.753173828125,-7.033855438232422,0.8491214513778687,0.09894976019859314,4.0,4.0,1,2302.755126953125,-7.366312026977539,10.13832086074271,20.931732177734375,8.280701637268066,0.47304201591376216,2302.755126953125,-7.366312026977539,2298.9008726381285,-7.366312026977539,3.8542543149966164,0.0,0.0,1,3.584829718111135,3.5847453337820943,-0.024596743285655975,3.1434950828552246,-0.02465987764298916,0.7697563171386719,0.03963172063231468,-1.1283614448729753,0.0,-33.44114081499469,-33.44114081499469,1.446409641325161,3.5275938510894775,-0.07432503998279572,0.05736235494023034,1.0,2295.331759262249,-5.664149793768447,10,10,11,370.64695417269104,0.32156909643942677,0.4228057142408943,0.40607130465521246,-310.67061084792573,189.42048299039044,3.584829718111138,3.549566387510437,0.03526333060070108,0,5.647015051984666,nan
GT+smooth-jitter_controlled_forward3x6_SoftMS_local_prior_3frame_causal_heading_continuous_waypoint_RNN_polynomial_Kalman,1,controlled_gt_jitter,8.0,-304.55519959407854,187.56071776388453,0.001288443030815606,-4.676907358185782,0,0,6,-308.08457460259865,187.41493252007407,-304.5564880371094,192.2376251220703,-1,-308.0845642089844,187.41493225097656,-308.08457460259865,187.41493252007407,0.0,0,0.0,0.0,1100,/yh/study/uav-sat/v36_GvsK/v36_training_data/routes/route_C/vi/vi_001100.jpg,-304.5564880371094,192.2376251220703,2298.9931874973804,-0.015014389583896367,10,3.238672379847204,3.238672379847204,1,3.238672379847204,-31.99485320491053,-0.00012203124100366388,2298.6042521105187,-5.688781260484975,-307.91805416383716,187.6503847298384,5.687081961822559,6.859087755059197,1,0.0,0,0,0.3907282846010104,1.0,2301.494384765625,-3.966979503631592,1,1,6,18,1,-33.419693060505494,-305.7931823730469,187.05361938476562,-301.67266845703125,182.21327209472656,1,-301.67266845703125,182.21327209472656,2306.788818359375,-6.945503234863281,0.8616729974746704,0.06878560781478882,4.0,4.0,1,2302.790771484375,-7.283299922943115,8.200586487118805,20.950613021850586,8.285499572753906,0.3907282846010104,2302.790771484375,-7.283299922943115,2301.9287548931716,-7.283299922943115,0.8620165912035209,0.0,0.0,1,3.2725855452731243,3.2724928482699522,-0.02463146671652794,3.14411997795105,-0.024606991559267044,0.7707221508026123,0.03971410170197487,-1.1211173889279422,0.0,-33.433896759049645,-33.433896759049645,1.4390435541391178,3.528712272644043,-0.07380665093660355,0.050897193160522776,1.0,2298.5893774169863,-5.976783939466535,10,10,11,367.3893360179536,0.32753182944800324,0.40381008039412336,0.09455240189615433,-308.08457460259865,187.41493252007407,3.272585545273274,3.238672379847204,0.03391316542606981,0,5.975429586810906,nan
GT+smooth-jitter_controlled_forward3x6_SoftMS_local_prior_3frame_causal_heading_continuous_waypoint_RNN_polynomial_Kalman,1,controlled_gt_jitter,8.0,-301.57445069908874,185.77670654186403,0.16578367591125853,-4.697734986456286,0,0,6,-305.1503582218331,185.78803909318614,-301.740234375,190.4744415283203,-1,-305.1503601074219,185.7880401611328,-305.1503582218331,185.78803909318614,0.0,0,0.0,0.0,1101,/yh/study/uav-sat/v36_GvsK/v36_training_data/routes/route_C/vi/vi_001101.jpg,-301.740234375,190.4744415283203,2302.315817205149,0.0002466611131320628,10,3.3226647550744013,3.3226647550744013,1,3.3226647550744013,-32.04961804188146,-0.05476483697092705,2301.9443441747076,-6.001401944846569,-305.26230850620686,185.6007599613684,6.013133808735963,6.76609622492337,1,0.0,0,0,0.42821754831437026,1.0,2304.967041015625,-3.8813912868499756,1,1,6,18,1,-33.424664371004205,-291.59906005859375,186.96383666992188,-297.09539794921875,182.1416473388672,1,-297.09539794921875,182.1416473388672,2310.695556640625,-4.559298038482666,0.8865384459495544,0.08925171196460724,4.0,4.0,1,2306.697509765625,-4.8968119621276855,6.571180476443223,20.93136215209961,8.281533241271973,0.42821754831437026,2306.697509765625,-4.8968119621276855,2305.3719424325723,-4.8968119621276855,1.3255673330529154,0.0,0.0,1,3.3550570772499477,3.3549667577214635,-0.024618005380034447,3.140115261077881,-0.024647770449519157,0.7682125568389893,0.03960941731929779,-1.1063892599215732,0.0,-33.41916863004329,-33.41916863004329,1.3695505881618282,3.523470878601074,-0.07289113104343414,0.05199090026705212,1.0,2301.9388497832465,-5.783282365147176,10,10,11,364.0398636516934,0.3336626920878034,0.3769674219024637,0.18254949399652043,-305.1503582218331,185.78803909318614,3.355057077249834,3.3226647550744013,0.03239232217543275,0,5.7958012763354025,nan
GT+smooth-jitter_controlled_forward3x6_SoftMS_local_prior_3frame_causal_heading_continuous_waypoint_RNN_polynomial_Kalman,1,controlled_gt_jitter,8.0,-298.5938936074782,183.9995594405016,0.33173505463116465,-4.712720832935911,0,0,6,-302.47475901036813,183.77057214705147,-298.9256286621094,188.7122802734375,-1,-302.4747619628906,183.77056884765625,-302.47475901036813,183.77057214705147,0.0,0,0.0,0.0,1102,/yh/study/uav-sat/v36_GvsK/v36_training_data/routes/route_C/vi/vi_001102.jpg,-298.9256286621094,188.7122802734375,2305.6365076788793,0.015490837767270461,10,3.320725463998298,3.320725463998298,1,3.320725463998298,-32.04975550329963,-0.0001374614181699177,2305.2897298417756,-5.807916741315427,-302.3315547199962,183.97603720655087,5.833723570792843,6.665272921853906,1,0.0,0,0,0.5173898892438784,1.0,2308.43603515625,-3.790104389190674,1,1,6,18,1,-33.4227408189792,-291.59906005859375,186.96383666992188,-293.4167785644531,177.16339111328125,1,-293.4167785644531,177.16339111328125,2316.465576171875,-6.800262451171875,0.8641718626022339,0.14512093365192413,4.0,4.0,1,2312.46728515625,-7.147061824798584,9.897559375390568,20.977224349975586,8.292377471923828,0.5173898892438784,2312.46728515625,-7.147061824798584,2308.9625520371965,-7.147061824798584,3.5047331190537094,0.0,0.0,1,3.350970608515823,3.350880058529058,-0.024634376168251038,3.1428799629211426,-0.024985086172819138,0.7715036869049072,0.039451345801353455,-1.0992203360574102,0.0,-33.411999706179124,-33.411999706179124,1.3622442028794952,3.527881622314453,-0.07295114547014236,0.0633644588361797,1.0,2305.2785312619512,-6.0581125671518,10,10,11,360.70018217298866,0.33977563352087,0.3579764169280679,0.17784550107715535,-302.47475901036813,183.77057214705147,3.350970608515955,3.320725463998298,0.030245144517657252,0,6.0841437717497335,nan
GT+smooth-jitter_controlled_forward3x6_SoftMS_local_prior_3frame_causal_heading_continuous_waypoint_RNN_polynomial_Kalman,1,controlled_gt_jitter,8.0,-295.61184633341526,182.22816931164968,0.49893247517851325,-4.721781860225308,0,0,6,-299.7796371391821,181.7813172490479,-296.11077880859375,186.949951171875,-1,-299.7796325683594,181.78131103515625,-299.7796371391821,181.7813172490479,0.0,0,0.0,0.0,1103,/yh/study/uav-sat/v36_GvsK/v36_training_data/routes/route_C/vi/vi_001103.jpg,-296.11077880859375,186.949951171875,2308.957494207169,0.030723663178125457,10,3.3210214633529582,3.3210214633529582,1,3.3210214633529582,-32.04997478541767,-0.00021928211804447757,2308.6281880438532,-6.082939835126415,-299.6570924603092,181.9590611306743,6.122525942754295,5.982784928238573,1,0.0,0,0,0.5188280599153414,1.0,2311.903076171875,-3.6931557655334473,1,1,6,18,1,-33.41898144017134,-291.59906005859375,186.96383666992188,-293.3327941894531,177.35400390625,1,-293.3327941894531,177.35400390625,2316.434814453125,-6.594274044036865,0.8615570068359375,0.14771832525730133,4.0,4.0,1,2312.436767578125,-6.931884765625,7.783524864910726,20.968585968017578,8.288900375366211,0.5188280599153414,2312.436767578125,-6.931884765625,2312.3049652086206,-6.931884765625,0.1318023695045687,0.0,0.0,1,3.3497487890553996,3.3496567819021448,-0.024827267974615097,3.148163080215454,-0.024831343442201614,0.7711769342422485,0.03964364901185036,-1.1185933138645052,0.0,-33.43137268398622,-33.43137268398622,1.3813978985685458,3.532980442047119,-0.07399409264326096,0.09295236553507163,1.0,2308.6196316800074,-6.298663905210014,10,10,11,357.3590817549325,0.34589117217562,0.3378625271616329,0.17285838313750412,-299.7796371391821,181.7813172490479,3.3497487890551434,3.3210214633529582,0.02872732570218517,0,6.338398699839469,nan
GT+smooth-jitter_controlled_forward3x6_SoftMS_local_prior_3frame_causal_heading_continuous_waypoint_RNN_polynomial_Kalman,1,controlled_gt_jitter,8.0,-292.8349748899589,180.5579789273536,0.667161340509837,-4.72484272791986,0,0,6,-296.99500682686045,180.31848198932454,-293.50213623046875,185.28282165527344,-1,-296.9949951171875,180.3184814453125,-296.99500682686045,180.31848198932454,0.0,0,0.0,0.0,1104,/yh/study/uav-sat/v36_GvsK/v36_training_data/routes/route_C/vi/vi_001104.jpg,-293.50213623046875,185.28282165527344,2312.05331810809,0.0161875007468756,10,3.095858027353775,3.095858027353775,1,3.095858027353775,-32.581804567841125,-0.5318297824234534,2311.765015038009,-6.323493415809389,-297.1346119664354,180.0789968300531,6.346232960108381,5.991010619393184,1,0.0,0,0,0.47219928968314084,1.0,2315.142822265625,-3.6203534603118896,1,1,6,18,1,-33.42331839685089,-282.1667785644531,182.1458282470703,-288.44036865234375,176.80435180664062,1,-288.44036865234375,176.80435180664062,2320.86328125,-4.443607330322266,0.8531538248062134,0.09949979186058044,4.0,4.0,1,2316.864990234375,-4.784670829772949,6.797089771408846,20.979515075683594,8.291383743286133,0.47219928968314084,2316.864990234375,-4.784670829772949,2315.3135630846377,-4.784670829772949,1.5514271497372656,0.0,0.0,1,3.1454813579785705,3.145383358001709,-0.02482951059937477,3.1483044624328613,-0.024754073470830917,0.7717875242233276,0.0397171750664711,-1.115546729329562,0.0,-33.428326099451276,-33.428326099451276,0.8465215316101493,3.533432960510254,-0.0737009197473526,0.07217301697693279,1.0,2311.7549866885047,-6.046469646588727,10,10,11,354.2237267464352,0.35163011514399234,0.29833141958533815,0.052446435079086307,-296.99500682686045,180.31848198932454,3.14548135797855,3.095858027353775,0.049623330624775086,0,6.069992860131823,nan
GT+smooth-jitter_controlled_forward3x6_SoftMS_local_prior_3frame_causal_heading_continuous_waypoint_RNN_polynomial_Kalman,1,controlled_gt_jitter,8.0,-289.79627395647753,178.7270622838741,0.8362028501630744,-4.721836031555605,0,0,6,-294.3193301559454,178.17309199452046,-290.6324768066406,183.4488983154297,-1,-294.3193359375,178.173095703125,-294.3193301559454,178.17309199452046,0.0,0,0.0,0.0,1105,/yh/study/uav-sat/v36_GvsK/v36_training_data/routes/route_C/vi/vi_001105.jpg,-290.6324768066406,183.4488983154297,2315.4588965867993,0.00021093851408589238,10,3.4056159538605084,3.4056159538605084,1,3.4056159538605084,-32.58156861621127,0.00023595162985529943,2315.18446615792,-6.071257666767402,-294.1098577412611,178.46433565449826,6.07766756948864,5.643779798285069,1,0.0,0,0,0.536405180577077,1.0,2318.689697265625,-3.543429374694824,1,1,6,18,1,-33.42507108742494,-282.1667785644531,182.1458282470703,-287.7372741699219,172.98681640625,1,-287.7372741699219,172.98681640625,2323.498046875,-7.2941365242004395,0.829598605632782,0.29122602939605713,4.0,4.0,1,2319.499755859375,-7.635031223297119,8.638603274271889,20.990758895874023,8.293754577636719,0.536405180577077,2319.499755859375,-7.635031223297119,2318.909580404507,-7.635031223297119,0.5901754548682234,0.0,0.0,1,3.4295690512198425,3.4294794694152335,-0.02478802017867565,3.1532135009765625,-0.024833763018250465,0.7737357020378113,0.039780911058187485,-1.1211788606304722,0.0,-33.43395823075218,-33.43395823075218,0.852389614540915,3.539306640625,-0.07421118021011353,0.11087333811703709,1.0,2315.1631137285895,-6.4293716650314225,10,10,11,350.81559970635044,0.357868339095987,0.29578285820980454,0.2524024528839459,-294.3193301559454,178.17309199452046,3.4295690512197625,3.4056159538605084,0.023953097359254105,0,6.436382520875032,nan
GT+smooth-jitter_controlled_forward3x6_SoftMS_local_prior_3frame_causal_heading_continuous_waypoint_RNN_polynomial_Kalman,1,controlled_gt_jitter,8.0,-286.7613470940044,176.90504954494654,1.0058343024799596,-4.712702530248788,0,0,6,-291.44642475018753,176.30989291480776,-287.7671813964844,181.6177520751953,-1,-291.4464111328125,176.3098907470703,-291.44642475018753,176.30989291480776,0.0,0,0.0,0.0,1106,/yh/study/uav-sat/v36_GvsK/v36_training_data/routes/route_C/vi/vi_001106.jpg,-287.7671813964844,181.6177520751953,2318.859302378293,-0.015751322096760324,10,3.40044325648686,3.40044325648686,1,3.40044325648686,-32.58173651903839,-0.00016790282711722816,2318.5872166165336,-6.454184843958129,-291.4387384969251,176.32179839947423,6.444180077960299,5.037605780161269,1,0.0,0,0,0.6206460194623843,1.0,2322.228515625,-3.4609975814819336,1,1,6,18,1,-33.428181598261645,-282.1667785644531,182.1458282470703,-284.663818359375,172.34730529785156,1,-284.663818359375,172.34730529785156,2326.4375,-6.1917266845703125,0.6764334440231323,0.4004679322242737,4.0,4.0,1,2322.439208984375,-6.534572601318359,7.43712055695638,20.99860382080078,8.295674324035645,0.6206460194623843,2322.439208984375,-6.534572601318359,2322.439208984375,-6.534572601318359,0.0,0.0,0.0,1,3.4241927926266236,3.424102887944179,-0.024813178926706314,3.1519229412078857,-0.02499135211110115,0.7730951905250549,0.039640914648771286,-1.1124193564633424,0.0,-33.42519872658505,-33.42519872658505,0.8434622075466679,3.537703275680542,-0.0738663524389267,0.1392877937959102,1.0,2318.587084604316,-6.468355293038248,10,10,11,347.3916288306241,0.36413556354996646,0.27221777397699043,0.2485203152789741,-291.44642475018753,176.30989291480776,3.4241927926264726,3.40044325648686,0.023749536139612726,0,6.458343481286737,nan
GT+smooth-jitter_controlled_forward3x6_SoftMS_local_prior_3frame_causal_heading_continuous_waypoint_RNN_polynomial_Kalman,1,controlled_gt_jitter,8.0,-283.8802924171945,175.21477904778945,1.1758294089773937,-4.697391362366811,0,0,6,-288.8032191068679,174.46248648635594,-285.0561218261719,179.91217041015625,-1,-288.80322265625,174.46249389648438,-288.8032191068679,174.46248648635594,0.0,0,0.0,0.0,1107,/yh/study/uav-sat/v36_GvsK/v36_training_data/routes/route_C/vi/vi_001107.jpg,-285.0561218261719,179.91217041015625,2322.0622374899485,-0.008038966753812658,10,3.2029443969417293,3.2029443969417293,1,3.2029443969417293,-32.17481698816944,0.4069195308689446,2321.811805680353,-6.493266465726255,-288.7343915415543,174.56509422727032,6.490061001615129,4.927764539383338,1,0.0,0,0,0.5359654830730334,1.0,2325.56689453125,-3.349475860595703,1,1,6,18,1,-33.427137539813984,-282.197265625,177.38766479492188,-282.3480529785156,170.20010375976562,1,-282.3480529785156,170.20010375976562,2329.54248046875,-6.768547058105469,0.7301555275917053,0.0979466438293457,4.0,4.0,1,2325.544189453125,-7.111833095550537,7.911250248740506,21.00615882873535,8.297525405883789,0.5359654830730334,2325.544189453125,-7.111833095550537,2325.535710758804,-7.111833095550537,0.008478694321367275,0.0,0.0,1,3.2248172947877185,3.2247210760370093,-0.024911172688007355,3.1531102657318115,-0.025017568841576576,0.7733101844787598,0.039654456079006195,-1.1063926750161583,0.0,-33.41917204513788,-33.41917204513788,1.2443550569684345,3.5390052795410156,-0.07353869080543518,0.11789338450951577,1.0,2321.8084846014367,-6.61677578795491,10,10,11,344.1702288335032,0.37003200296805083,0.2537528885118263,0.049834131209917754,-288.8032191068679,174.46248648635594,3.2248172947876883,3.2029443969417293,0.021872897845959027,0,6.613606648442827,nan
GT+smooth-jitter_controlled_forward3x6_SoftMS_local_prior_3frame_causal_heading_continuous_waypoint_RNN_polynomial_Kalman,1,controlled_gt_jitter,8.0,-280.99907311791253,173.53069797895105,1.345958620368696,-4.6758602485880205,0,0,6,-286.15532179741854,172.6243255140702,-282.34503173828125,178.20655822753906,-1,-286.15533447265625,172.62432861328125,-286.15532179741854,172.6243255140702,0.0,0,0.0,0.0,1108,/yh/study/uav-sat/v36_GvsK/v36_training_data/routes/route_C/vi/vi_001108.jpg,-282.34503173828125,178.20655822753906,2325.2652147062026,-0.00033609022447301335,10,3.202986478608825,3.202986478608825,1,3.202986478608825,-32.17498836050851,-0.00017137233906541825,2325.031770570138,-6.641745477502925,-286.0924300482743,172.71840546724215,6.645510876832079,5.528616989257182,1,0.0,0,0,0.35232948232058436,1.0,2328.902099609375,-3.232635021209717,1,1,6,18,1,-33.424349648693855,-287.0201110839844,163.14312744140625,-282.3212890625,165.2797088623047,1,-282.3212890625,165.2797088623047,2332.1953125,-10.912675857543945,0.7098063230514526,0.020015418529510498,4.0,4.0,1,2328.197021484375,-11.256056785583496,11.63128279066721,21.040481567382812,8.304113388061523,0.35232948232058436,2328.197021484375,-11.256056785583496,2328.197021484375,-8.57308912333189,0.0,-2.6829676622516065,0.0,1,3.2233826830557075,3.2232859687013944,-0.024969689548015594,3.1604318618774414,-0.025128811597824097,0.776655375957489,0.03972230106592178,-1.1287930274511555,0.0,-33.44157239757287,-33.44157239757287,1.2665840370643602,3.547966957092285,-0.07517677545547485,0.026762575799213026,1.0,2325.0289076514687,-6.754874666468264,10,10,11,340.9498057834712,0.375926654185561,0.2363070547339703,0.04255461673138372,-286.15532179741854,172.6243255140702,3.223382683055758,3.202986478608825,0.02039620444693302,0,6.758670904999181,nan
GT+smooth-jitter_controlled_forward3x6_SoftMS_local_prior_3frame_causal_heading_continuous_waypoint_RNN_polynomial_Kalman,1,controlled_gt_jitter,8.0,-277.8463152237951,171.68200244326974,1.5159894637049225,-4.64807568173026,0,0,6,-283.62818006471196,170.14126132845936,-279.3623046875,176.330078125,-1,-283.628173828125,170.14126586914062,-283.62818006471196,170.14126132845936,0.0,0,0.0,0.0,1109,/yh/study/uav-sat/v36_GvsK/v36_training_data/routes/route_C/vi/vi_001109.jpg,-279.3623046875,176.330078125,2328.7890997851705,0.008160080352543538,10,3.52389532118751,3.52389532118751,1,3.52389532118751,-32.17463815327466,0.00035020723384644877,2328.5717067176574,-6.779931874261261,-283.1745453816496,170.70937772202836,6.7915721397991184,4.904922110341135,1,0.0,0,0,0.6690852271354572,1.0,2332.554931640625,-3.1097683906555176,1,1,6,18,1,-33.43037761080151,-282.28875732421875,163.1132049560547,-278.3734130859375,165.06944274902344,1,-278.3734130859375,165.06944274902344,2335.64404296875,-8.980079650878906,0.5883621573448181,0.2582700550556183,4.0,4.0,1,2331.645751953125,-9.321420669555664,9.757127578223873,21.012163162231445,8.298246383666992,0.6690852271354572,2331.645751953125,-9.321420669555664,2331.645751953125,-9.233922499034765,0.0,-0.08749817052089881,0.0,1,3.5428876763241575,3.542799066188655,-0.02505720779299736,3.1559276580810547,-0.024845080450177193,0.7733349800109863,0.03984111174941063,-1.1119621606757748,0.0,-33.42474153079748,-33.42474153079748,1.2501033775228256,3.541832447052002,-0.0736718475818634,0.15644233788476306,1.0,2328.492002137419,-7.5025575326820295,10,10,11,337.48671129752074,0.3822654903604412,0.2970976477513432,0.36796766310645523,-283.62818006471196,170.14126132845936,3.542887676324271,3.52389532118751,0.01899235513676123,0,7.5165913867288765,nan
GT+smooth-jitter_controlled_forward3x6_SoftMS_local_prior_3frame_causal_heading_continuous_waypoint_RNN_polynomial_Kalman,1,controlled_gt_jitter,8.0,-273.253766234928,168.91148433377268,1.6856868900720203,-4.614013102750758,0,0,6,-279.3943529506675,167.01842129635165,-274.939453125,173.52549743652344,-1,-279.39434814453125,167.01841735839844,-279.3943529506675,167.01842129635165,0.0,0,0.0,0.0,1110,/yh/study/uav-sat/v36_GvsK/v36_training_data/routes/route_C/vi/vi_001110.jpg,-274.939453125,173.52549743652344,2334.0262031703237,0.0020842839139416924,10,5.237106909552674,5.237106909552674,1,5.237106909552674,-32.37925072104454,-0.20461256776987963,2333.7528765768398,-7.5274980699708145,-279.1953225458042,167.30803064339122,7.534541648344502,4.722554864346365,1,0.0,0,0,0.6584413119909338,1.0,2337.917236328125,-2.9963462352752686,1,1,6,18,1,-33.428404966791845,-282.3497314453125,153.59689331054688,-272.18353271484375,161.60711669921875,1,-272.18353271484375,161.60711669921875,2342.726318359375,-8.597495079040527,0.6057031750679016,0.1941731572151184,4.0,5.245452880859375,1,2338.72802734375,-8.940885543823242,10.103655768959717,21.022216796875,9.5457763671875,0.6584413119909338,2338.72802734375,-8.940885543823242,2337.813590184815,-8.940885543823242,0.9144371589351783,0.0,0.0,1,5.260933557625645,5.2608744394208244,-0.02494053728878498,3.156752824783325,-0.025013668462634087,0.77391117811203,0.03974336385726929,-1.1097943226662361,0.0,-33.42257369278795,-33.42257369278795,1.0433229717434076,3.5429439544677734,-0.07377681881189346,0.17911207305972757,1.0,2333.739475528091,-7.878649159738701,10,10,11,332.23923790684876,0.3918704475137785,0.2867276422325631,2.0803540847693487,-279.3943529506675,167.01842129635165,5.260933557625734,5.237106909552674,0.023826648073059786,0,7.8859477775804026,nan
GT+smooth-jitter_controlled_forward3x6_SoftMS_local_prior_3frame_causal_heading_continuous_waypoint_RNN_polynomial_Kalman,1,controlled_gt_jitter,8.0,-269.0107259185326,166.36855790347437,1.8548136322486588,-4.573657062345938,0,0,6,-275.219413662694,164.55621627317242,-270.86553955078125,170.9422149658203,-1,-275.21942138671875,164.55621337890625,-275.219413662694,164.55621627317242,0.0,0,0.0,0.0,1111,/yh/study/uav-sat/v36_GvsK/v36_training_data/routes/route_C/vi/vi_001111.jpg,-270.86553955078125,170.9422149658203,2338.8501112458907,-0.003484569040236788,10,4.823911289985112,4.823911289985112,1,4.823911289985112,-32.37892317391335,0.0003275471311867615,2338.5863247723014,-7.903629918986838,-275.3114272740491,164.4064700039948,7.904548048682564,5.272636679235517,1,0.0,0,0,0.47763909864787013,1.0,2342.862548828125,-2.877403497695923,1,1,6,18,1,-33.42636402089048,-258.57086181640625,172.47984313964844,-263.3431091308594,164.5899658203125,1,-263.3431091308594,164.5899658203125,2348.603271484375,-1.3509947061538696,0.8115288019180298,0.09251821041107178,4.0,4.0,1,2344.60498046875,-1.6940901279449463,5.998055262167124,20.99876594543457,8.295693397521973,0.47763909864787013,2344.60498046875,-1.6940901279449463,2342.149832293583,-5.7655254062178525,2.4551481751669613,4.071435278272906,0.0,1,4.846913619452517,4.846849244210271,-0.024980759248137474,3.1517603397369385,-0.02477819100022316,0.7707009315490723,0.039823636412620544,-1.0856621971115232,0.0,-33.398441567233235,-33.398441567233235,1.0195183933198815,3.536383628845215,-0.07188400626182556,0.049533685352399354,1.0,2338.584043897453,-7.7278879279398875,10,10,11,327.39466953748706,0.4007379287089853,0.26606734843790036,1.6721509502481737,-275.219413662694,164.55621627317242,4.846913619452429,4.823911289985112,0.023002329467316507,0,7.728984350151369,nan
GT+smooth-jitter_controlled_forward3x6_SoftMS_local_prior_3frame_causal_heading_continuous_waypoint_RNN_polynomial_Kalman,1,controlled_gt_jitter,8.0,-266.16272147908273,164.68349362751076,2.023130571698542,-4.527001367606431,0,0,6,-272.30309678880866,163.21029931794737,-268.18585205078125,169.2104949951172,-1,-272.3031005859375,163.21029663085938,-272.30309678880866,163.21029931794737,0.0,0,0.0,0.0,1112,/yh/study/uav-sat/v36_GvsK/v36_training_data/routes/route_C/vi/vi_001112.jpg,-268.18585205078125,169.2104949951172,2342.040504476082,-0.034632463670889346,10,3.1905452754330694,3.1905452754330694,1,3.1905452754330694,-32.87214182968416,-0.49321865577080665,2341.7958623971417,-7.752757273068424,-272.51826261281843,162.81834989021115,7.7220010567355875,5.33228328305395,1,0.0,0,0,0.5888944761789218,1.0,2346.170166015625,-2.7791483402252197,1,1,6,18,1,-33.41659119412696,-258.57086181640625,172.47984313964844,-262.41143798828125,159.92764282226562,1,-262.41143798828125,159.92764282226562,2351.8828125,-4.793306350708008,0.7341635227203369,0.17493009567260742,4.0,4.0,1,2347.884521484375,-5.144025802612305,7.7626306807189165,21.009647369384766,8.298514366149902,0.5888944761789218,2347.884521484375,-5.144025802612305,2345.665322206634,-5.431081387373203,2.2191992777412466,0.287055584760898,0.0,1,3.2119147808231157,3.211818499688748,-0.024869345128536224,3.143366813659668,-0.02434276044368744,0.7695468664169312,0.03998129069805145,-1.0921246232834132,0.0,-33.40490399340512,-33.40490399340512,0.5327621637209647,3.527416467666626,-0.07159773260354996,0.13459303802592124,1.0,2341.768195221184,-7.306489177525961,10,10,11,324.2105182137557,0.4065661882840692,0.2723092548976638,0.04717846177340146,-272.30309678880866,163.21029931794737,3.2119147808232356,3.1905452754330694,0.021369505390166132,0,7.27695351071736,nan
GT+smooth-jitter_controlled_forward3x6_SoftMS_local_prior_3frame_causal_heading_continuous_waypoint_RNN_polynomial_Kalman,1,controlled_gt_jitter,8.0,-263.04458823731926,162.82949387760976,2.190397114243232,-4.474049213210542,0,0,6,-269.29881802074357,161.3468480406201,-265.2349853515625,167.3035430908203,-1,-269.298828125,161.3468475341797,-269.29881802074357,161.3468480406201,0.0,0,0.0,0.0,1113,/yh/study/uav-sat/v36_GvsK/v36_training_data/routes/route_C/vi/vi_001113.jpg,-265.2349853515625,167.3035430908203,2345.5537514370367,-0.06891997163126623,10,3.5134142713121146,3.5134142713121146,1,3.5134142713121146,-32.87193935780373,0.00020247188042899717,2345.3033808480595,-7.331068899960243,-269.32849957972115,161.29982476357367,7.266463547631309,6.1131050050853615,1,0.0,0,0,0.23377239424351606,1.0,2349.796630859375,-2.6792728900909424,1,1,6,18,1,-33.412500657866055,-253.83949279785156,172.4499053955078,-257.82757568359375,159.5537109375,1,-257.82757568359375,159.5537109375,2355.956787109375,-2.6590702533721924,0.8526187539100647,0.00401131808757782,4.0,4.0,1,2351.95849609375,-3.003484010696411,7.045028049417091,20.969585418701172,8.28951358795166,0.23377239424351606,2351.95849609375,-3.003484010696411,2348.1962549322293,-5.595344449458442,3.762241161520798,2.5918604387620308,0.0,1,3.535271075776362,3.5351856268753425,-0.024579722434282303,3.1411256790161133,-0.02413594163954258,0.7662122845649719,0.04007342457771301,-1.0754065613510435,0.0,-33.388185931472755,-33.388185931472755,0.5162465736690239,3.523534059524536,-0.07024228572845459,0.009652532018166233,1.0,2345.3033301356604,-7.2754615177544855,10,10,11,320.6753832992795,0.4130368870102732,0.2504213013762637,0.3722885922960013,-269.29881802074357,161.3468480406201,3.5352710757761345,3.5134142713121146,0.02185680446401994,0,7.210891199025472,nan
GT+smooth-jitter_controlled_forward3x6_SoftMS_local_prior_3frame_causal_heading_continuous_waypoint_RNN_polynomial_Kalman,1,controlled_gt_jitter,8.0,-259.9306767661126,160.98368523848532,2.3563715737311544,-4.414813296670942,0,0,6,-266.2873453022125,159.50508474941554,-262.28704833984375,165.39849853515625,-1,-266.287353515625,159.5050811767578,-266.2873453022125,159.50508474941554,0.0,0,0.0,0.0,1114,/yh/study/uav-sat/v36_GvsK/v36_training_data/routes/route_C/vi/vi_001114.jpg,-262.28704833984375,165.39849853515625,2349.0635028384067,-0.10316153564400689,10,3.50991842983944,3.50991842983944,1,3.50991842983944,-32.8717462698668,0.00019308793693615015,2348.8332689073322,-7.299797161031058,-266.3285246823733,159.43938442646677,7.200317492139365,6.926583755127055,1,0.0,0,0,0.2459793211853877,1.0,2353.414794921875,-2.5747315883636475,1,1,6,18,1,-33.40399045560363,-258.7233581542969,148.68905639648438,-254.99366760253906,157.9615020751953,1,-254.99366760253906,157.9615020751953,2359.202880859375,-2.4898741245269775,0.8251863121986389,0.002858951687812805,4.0,4.0,1,2355.20458984375,-2.8358287811279297,6.721638184381498,21.02204132080078,8.300348281860352,0.2459793211853877,2355.20458984375,-2.8358287811279297,2351.759712040592,-5.543931281075168,3.4448778031579437,2.7081024999472385,0.0,1,3.530022656483504,3.5299387716719917,-0.024335643276572227,3.152705192565918,-0.024610158056020737,0.7724918127059937,0.03996960073709488,-1.0944890426750011,0.0,-33.40726841279671,-33.40726841279671,0.5355221429299178,3.538217067718506,-0.0722229927778244,0.010582475467623427,1.0,2348.832951849484,-7.22225895586534,10,10,11,317.14576158545606,0.41949749439306194,0.23055098892291426,0.35721323727352194,-266.2873453022125,159.50508474941554,3.5300226564833297,3.50991842983944,0.020104226643889778,0,7.122829622916382,nan
GT+smooth-jitter_controlled_forward3x6_SoftMS_local_prior_3frame_causal_heading_continuous_waypoint_RNN_polynomial_Kalman,1,controlled_gt_jitter,8.0,-257.03601216747336,159.32602282793852,2.5208115629953642,-4.349315917178669,0,0,6,-263.4915922703913,157.8536597295492,-259.55682373046875,163.6753387451172,-1,-263.4915771484375,157.85365295410156,-263.4915922703913,157.8536597295492,0.0,0,0.0,0.0,1115,/yh/study/uav-sat/v36_GvsK/v36_training_data/routes/route_C/vi/vi_001115.jpg,-259.55682373046875,163.6753387451172,2352.292031367707,-0.10006070651951773,10,3.2285300183898458,3.2285300183898458,1,3.2285300183898458,-32.257749852623455,0.6139964172433426,2352.0799258278603,-7.246745583295064,-263.5562782804006,157.7487497775073,7.149831710464642,7.489787922001064,1,0.0,0,0,0.297002868536748,1.0,2356.747314453125,-2.4283761978149414,1,1,6,18,1,-33.40513771394079,-253.9309844970703,158.17544555664062,-255.0491943359375,154.12570190429688,1,-255.0491943359375,154.12570190429688,2361.206298828125,-5.761353969573975,0.7974666357040405,0.017170041799545288,4.0,4.0,1,2357.2080078125,-6.103536128997803,7.7594163152948665,21.009815216064453,8.297157287597656,0.297002868536748,2357.2080078125,-6.103536128997803,2355.146683716336,-6.103536128997803,2.0613240961636636,0.0,0.0,1,3.2470663084047096,3.2469739783764986,-0.02448662742972374,3.1538541316986084,-0.02451843023300171,0.7715528607368469,0.0400436669588089,-1.0948683316173484,0.0,-33.40764770173906,-33.40764770173906,1.1498978491156078,3.5388987064361572,-0.07213066518306732,0.01993020374647794,1.0,2352.07851607591,-7.123504394856292,10,10,11,313.9001973590298,0.4254381639329291,0.2135152917967389,0.07467588669123737,-263.4915922703913,157.8536597295492,3.247066308404829,3.2285300183898458,0.018536290014983248,0,7.0266884108425485,nan
GT+smooth-jitter_controlled_forward3x6_SoftMS_local_prior_3frame_causal_heading_continuous_waypoint_RNN_polynomial_Kalman,1,controlled_gt_jitter,8.0,-253.87081638011972,157.5027301562432,2.683474391364658,-4.2775890576239926,0,0,6,-260.28012432950214,156.299644567197,-256.5542907714844,161.7803192138672,-1,-260.2801208496094,156.29965209960938,-260.28012432950214,156.299644567197,0.0,0,0.0,0.0,1116,/yh/study/uav-sat/v36_GvsK/v36_training_data/routes/route_C/vi/vi_001116.jpg,-256.5542907714844,161.7803192138672,2355.8425653462664,-0.09664593016175067,10,3.5505356206643577,3.5505356206643577,1,3.5505356206643577,-32.25767435940057,7.549322288636208e-05,2355.64613278855,-7.148008514386612,-260.4895457553733,155.92591332977318,7.054098102800743,7.215728637215655,1,0.0,0,0,0.46367604750756175,1.0,2360.39697265625,-2.2773921489715576,1,1,6,18,1,-33.40601624702278,-258.7233581542969,148.68905639648438,-251.31036376953125,152.77394104003906,1,-251.31036376953125,152.77394104003906,2365.088623046875,-4.905226707458496,0.7983970046043396,0.08404399454593658,4.0,4.0,1,2361.09033203125,-5.252255439758301,7.356586477128053,21.051366806030273,8.306394577026367,0.46367604750756175,2361.09033203125,-5.252255439758301,2359.171241919196,-5.252255439758301,1.9190901120542563,0.0,0.0,1,3.5677008647278905,3.567616712639712,-0.024504119530320168,3.159677267074585,-0.024949463084340096,0.7755532264709473,0.03986714035272598,-1.100453932254538,0.0,-33.41323330237625,-33.41323330237625,1.1555589429756836,3.546703338623047,-0.07314511388540268,0.06337460053072114,1.0,2355.623349144056,-6.720208003653158,10,10,11,310.3553642908837,0.43192661412608313,0.2192162022101911,0.3908583535897727,-260.28012432950214,156.299644567197,3.56770086472781,3.5505356206643577,0.017165244063452434,0,6.627188716545261,nan
GT+smooth-jitter_controlled_forward3x6_SoftMS_local_prior_3frame_causal_heading_continuous_waypoint_RNN_polynomial_Kalman,1,controlled_gt_jitter,8.0,-250.97679012480188,155.85548607305515,2.8441174679715484,-4.19967444940578,0,0,6,-257.3098648283991,154.98077975650622,-253.82090759277344,160.05516052246094,-1,-257.30987548828125,154.98077392578125,-257.3098648283991,154.98077975650622,0.0,0,0.0,0.0,1117,/yh/study/uav-sat/v36_GvsK/v36_training_data/routes/route_C/vi/vi_001117.jpg,-253.82090759277344,160.05516052246094,2359.0748318116252,-0.09354607340891453,10,3.232267951793977,3.232267951793977,1,3.232267951793977,-32.25783072758712,-0.00015636818655661054,2358.873154273112,-6.744957062883247,-257.54680486208315,154.54157443725367,6.654467820978681,6.911284083255752,1,0.0,0,0,0.5783134149349108,1.0,2363.723388671875,-2.122572898864746,1,1,6,18,1,-33.40854224307692,-239.79788208007812,148.56930541992188,-245.2166290283203,150.7699432373047,1,-245.2166290283203,150.7699432373047,2371.31005859375,-3.341540575027466,0.7534018158912659,0.17017124593257904,4.0,4.0,1,2367.311767578125,-3.6839473247528076,8.985437772701607,21.041250228881836,8.30396842956543,0.5783134149349108,2367.311767578125,-3.6839473247528076,2362.713516164183,-4.440739928240644,4.598251413941945,0.756792603487837,0.0,1,3.2498993665606553,3.249805129055983,-0.024749059230089188,3.1646106243133545,-0.024747367948293686,0.7763890027999878,0.04013575240969658,-1.1051770080656018,0.0,-33.41795637818731,-33.41795637818731,1.1601256506001907,3.552053928375244,-0.07320435345172882,0.08664315492995332,1.0,2358.838629204836,-6.247111794067283,10,10,11,307.1400842301041,0.4378118516338455,0.2362026067894476,0.0676573274806227,-257.3098648283991,154.98077975650622,3.249899366560648,3.232267951793977,0.01763141476667096,0,6.158097331961863,nan
GT+smooth-jitter_controlled_forward3x6_SoftMS_local_prior_3frame_causal_heading_continuous_waypoint_RNN_polynomial_Kalman,1,controlled_gt_jitter,8.0,-248.0552100301564,154.19243607270494,3.0024987100779903,-4.115623619677886,0,0,6,-254.5872853254269,153.13694941772863,-251.05770874023438,158.3080596923828,-1,-254.5872802734375,153.13694763183594,-254.5872853254269,153.13694941772863,0.0,0,0.0,0.0,1118,/yh/study/uav-sat/v36_GvsK/v36_training_data/routes/route_C/vi/vi_001118.jpg,-251.05770874023438,158.3080596923828,2362.3440257437396,-0.0930527573416882,10,3.2691939693344696,3.2691939693344696,1,3.2691939693344696,-32.30413352989618,-0.046302802309051955,2362.1267193797357,-6.271859923837443,-254.54418853984453,153.20224549056485,6.182627277830651,6.43873904243926,1,0.0,0,0,0.5825689183509722,1.0,2367.08154296875,-1.966383457183838,1,1,6,18,1,-33.41183716902122,-239.79788208007812,148.56930541992188,-245.54017639160156,147.4906005859375,1,-245.54017639160156,147.4906005859375,2372.78955078125,-6.286002159118652,0.7456645369529724,0.25575554370880127,4.0,4.0,1,2368.791259765625,-6.634407043457031,9.184560001950949,21.060916900634766,8.308653831481934,0.5825689183509722,2368.791259765625,-6.634407043457031,2365.978783905201,-6.634407043457031,2.812475860424094,0.0,0.0,1,3.2881833081811536,3.2880901749000184,-0.02474812977015972,3.161766767501831,-0.024994315579533577,0.7783602476119995,0.0398983359336853,-1.110031244853071,0.0,-33.42281061497478,-33.42281061497478,1.118677085078608,3.550182819366455,-0.0738348737359047,0.07925275540935743,1.0,2362.12519986832,-6.350081411552918,10,10,11,303.85351356661977,0.4438275792143411,0.2188258754194976,0.10742720183263854,-254.5872853254269,153.13694941772863,3.2881833081811327,3.2691939693344696,0.018989338846663095,0,6.260853962789215,nan
GT+smooth-jitter_controlled_forward3x6_SoftMS_local_prior_3frame_causal_heading_continuous_waypoint_RNN_polynomial_Kalman,1,controlled_gt_jitter,8.0,-245.13425610102047,152.53428601482972,3.1583769556201555,-4.025497920717153,0,0,6,-251.6632593814241,151.63107805160396,-248.29263305664062,156.55978393554688,-1,-251.6632537841797,151.63107299804688,-251.6632593814241,151.63107805160396,0.0,0,0.0,0.0,1119,/yh/study/uav-sat/v36_GvsK/v36_training_data/routes/route_C/vi/vi_001119.jpg,-248.29263305664062,156.55978393554688,2365.6154339121513,-0.09254917906806713,10,3.271408207170379,3.271408207170379,1,3.271408207170379,-32.30395964845449,0.00017388144168921832,2365.4141141424234,-6.374964942586911,-251.82098493301365,151.3578602037061,6.285640577967625,6.634530362297224,1,0.0,0,0,0.47891613114241516,1.0,2370.4365234375,-1.8063875436782837,1,1,6,18,1,-33.41567786976888,-239.79788208007812,148.56930541992188,-239.63052368164062,147.68551635742188,1,-239.63052368164062,147.68551635742188,2377.679931640625,-2.9623196125030518,0.7616789937019348,0.08206206560134888,4.0,4.0,1,2373.681640625,-3.30806565284729,8.683503724163002,21.035675048828125,8.302969932556152,0.47891613114241516,2373.681640625,-3.30806565284729,2368.981133503065,-4.2347533262019255,4.700507121934972,0.9266876733546359,0.0,1,3.2890084056622246,3.288914274103241,-0.024883531033992767,3.155365228652954,-0.024615684524178505,0.7750704884529114,0.04000897333025932,-1.1221918630617498,0.0,-33.43497123318346,-33.43497123318346,1.1310115847289761,3.542130708694458,-0.07399693131446838,0.05657336236087885,1.0,2365.401368625011,-6.059746139499189,10,10,11,300.57734480992895,0.4498242671806021,0.21406528714032902,0.11604297851742507,-251.6632593814241,151.63107805160396,3.289008405662058,3.271408207170379,0.01760019849167893,0,5.971035380211443,nan
GT+smooth-jitter_controlled_forward3x6_SoftMS_local_prior_3frame_causal_heading_continuous_waypoint_RNN_polynomial_Kalman,1,controlled_gt_jitter,8.0,-242.21686896850127,150.88264317761428,3.311512379154983,-3.92936854113573,0,0,6,-248.9671587247333,149.74965419305235,-245.52838134765625,154.81201171875,-1,-248.9671630859375,149.74964904785156,-248.9671587247333,149.74965419305235,0.0,0,0.0,0.0,1120,/yh/study/uav-sat/v36_GvsK/v36_training_data/routes/route_C/vi/vi_001120.jpg,-245.52838134765625,154.81201171875,2368.885876541767,-0.09206048574243,10,3.270442666127951,3.270442666127951,1,3.270442666127951,-32.304217818063606,-0.0002581696091174372,2368.6889365111892,-6.084482353928329,-248.8980181320962,149.8528330404903,5.995657196834757,7.150011020292255,1,0.0,0,0,0.34233090001706035,1.0,2373.784912109375,-1.642798662185669,1,1,6,18,1,-33.422430578980496,-235.1580352783203,134.264892578125,-239.43344116210938,142.55921936035156,1,-239.43344116210938,142.55921936035156,2380.586669921875,-7.189423084259033,0.7645922303199768,0.02806888520717621,4.0,4.0,1,2376.588623046875,-7.519843101501465,10.700666255375134,20.99894142150879,8.292736053466797,0.34233090001706035,2376.588623046875,-7.519843101501465,2371.8803464862362,-7.519843101501465,4.7082765606388435,0.0,0.0,1,3.2876609445827243,3.2875678861782136,-0.02473621442914009,3.1630115509033203,-0.024340447038412094,0.7740851640701294,0.040323175489902496,-1.1513005284787574,0.0,-33.46407989860046,-33.46407989860046,1.1598620805368598,3.549253463745117,-0.07550794631242752,0.02094643392476339,1.0,2368.685656159313,-6.208641668522126,10,10,11,297.2930572756268,0.4558358157293356,0.20022038245406293,0.10743111522463078,-248.9671587247333,149.74965419305235,3.287660944582903,3.270442666127951,0.01721827845495172,0,6.119857315908975,nan
GT+smooth-jitter_controlled_forward3x6_SoftMS_local_prior_3frame_causal_heading_continuous_waypoint_RNN_polynomial_Kalman,1,controlled_gt_jitter,8.0,-239.30313411501416,149.21881082063746,3.461666910376476,-3.8273164986984867,0,0,6,-246.02826121605264,148.25817602183986,-242.76480102539062,153.04612731933594,-1,-246.02825927734375,148.2581787109375,-246.02826121605264,148.25817602183986,0.0,0,0.0,0.0,1121,/yh/study/uav-sat/v36_GvsK/v36_training_data/routes/route_C/vi/vi_001121.jpg,-242.76480102539062,153.04612731933594,2372.1654334556106,-0.10723805369071572,10,3.2795920340352915,3.2795920340352915,1,3.2795920340352915,-32.57793847583756,-0.2737206577739593,2371.981263014329,-6.233160210513836,-246.1950070453333,147.96729598883803,6.128689992396269,7.293424294650331,1,0.0,0,0,0.47162143308285626,1.0,2377.136962890625,-1.4914638996124268,1,1,6,18,1,-33.437007803494886,-230.42666625976562,134.2349395751953,-233.84149169921875,143.37353515625,1,-233.84149169921875,143.37353515625,2384.877197265625,-3.512084484100342,0.8027979731559753,0.08819036185741425,4.0,4.0,1,2380.879638671875,-3.832576036453247,9.47710481302083,20.68702507019043,8.220091819763184,0.47162143308285626,2380.879638671875,-3.832576036453247,2375.528221955307,-4.104984845927124,5.35141671656793,0.2724088094738768,0.0,1,3.295698059854938,3.295606855016266,-0.024518541991710663,3.126795768737793,-0.02237100526690483,0.7582730054855347,0.04098998010158539,-1.1837808527465183,0.0,-33.49656022286823,-33.49656022286823,0.9186217470306678,3.5051450729370117,-0.07430608570575714,0.049246286696954085,1.0,2371.966699758416,-5.89819263483099,10,10,11,294.012013676524,0.46184142659029476,0.19873369719471157,0.15279626529749857,-246.02826121605264,148.25817602183986,3.2956980598551193,3.2795920340352915,0.016106025819827785,0,5.794363644372879,nan
GT+smooth-jitter_controlled_forward3x6_SoftMS_local_prior_3frame_causal_heading_continuous_waypoint_RNN_polynomial_Kalman,1,controlled_gt_jitter,8.0,-236.39508797260066,147.5623819606481,3.6086046543524555,-3.7194326145471956,0,0,6,-243.12263708053348,146.70935851768357,-240.00369262695312,151.2818145751953,-1,-243.1226348876953,146.70936584472656,-243.12263708053348,146.70935851768357,0.0,0,0.0,0.0,1122,/yh/study/uav-sat/v36_GvsK/v36_training_data/routes/route_C/vi/vi_001122.jpg,-240.00369262695312,151.2818145751953,2375.4420611272817,-0.12240869307055072,10,3.2766627911732265,3.2766627911732265,1,3.2766627911732265,-32.57805436783128,-0.00011589199371337499,2375.2592584358044,-5.921530030692735,-243.25805431063276,146.47844543007707,5.802001819413371,7.596063509903562,1,0.0,0,0,0.4161543043291942,1.0,2380.47998046875,-1.3369131088256836,1,1,6,18,1,-33.45785119296425,-225.57325744628906,153.2376251220703,-229.99295043945312,143.17636108398438,1,-229.99295043945312,143.17636108398438,2388.2353515625,-1.6215221881866455,0.8254703879356384,0.07099144160747528,4.0,4.0,1,2384.237548828125,-1.9606977701187134,8.985538972509234,20.787487030029297,8.247858047485352,0.4161543043291942,2384.237548828125,-1.9606977701187134,2378.6536827727095,-3.884875428549565,5.5838660554152755,1.9241776584308514,0.0,1,3.292641383159242,3.292558677388635,-0.02333739586174488,3.1214866638183594,-0.023135092109441757,0.7628958821296692,0.040290601551532745,-1.1614769767335476,0.0,-33.474256346855256,-33.474256346855256,0.8962019790239838,3.5021543502807617,-0.07399439811706543,0.03484605875672268,1.0,2375.2502728280783,-5.653989493409999,10,10,11,290.72844060686157,0.4678516673854217,0.19178829920338103,0.15517612735486708,-243.12263708053348,146.70935851768357,3.2926413831591796,3.2766627911732265,0.015978591985953194,0,5.534904597406851,nan
GT+smooth-jitter_controlled_forward3x6_SoftMS_local_prior_3frame_causal_heading_continuous_waypoint_RNN_polynomial_Kalman,1,controlled_gt_jitter,8.0,-233.4837475311261,145.9073966426562,3.752092312623897,-3.605817468671914,0,0,6,-240.32741171164534,144.9551574398358,-237.23583984375,149.51321411132812,-1,-240.32740783691406,144.9551544189453,-240.32741171164534,144.9551574398358,0.0,0,0.0,0.0,1123,/yh/study/uav-sat/v36_GvsK/v36_training_data/routes/route_C/vi/vi_001123.jpg,-237.23583984375,149.51321411132812,2378.7266807274373,-0.13759791790617373,10,3.2846547201001988,3.2846547201001988,1,3.2846547201001988,-32.57773311809221,0.00032124973906529563,2378.550267802519,-5.67721562230111,-240.34608596672913,144.92574695772174,5.54242598786165,8.234901919180002,1,0.0,0,0,0.2684509040749446,1.0,2383.8251953125,-1.179381251335144,1,1,6,18,1,-33.46359303417869,-230.42666625976562,134.2349395751953,-230.09262084960938,139.37210083007812,1,-230.09262084960938,139.37210083007812,2390.1845703125,-4.889942646026611,0.8112631440162659,0.008784487843513489,4.0,4.0,1,2386.186767578125,-5.2089362144470215,9.020607958323476,20.79373550415039,8.246366500854492,0.2684509040749446,2386.186767578125,-5.2089362144470215,2381.5385077887254,-5.2089362144470215,4.6482597893998,0.0,0.0,1,3.3000767088657885,3.2999949744408985,-0.02322612889111042,3.1369071006774902,-0.0238326545804739,0.7658788561820984,0.04008154198527336,-1.2063710630961009,0.0,-33.51915043321781,-33.51915043321781,0.9414173151256022,3.518986225128174,-0.07789645344018936,0.009530638768449853,1.0,2378.5503291070067,-5.642377417656304,10,10,11,287.42838432793314,0.4738920789898053,0.17635162043052333,0.14774761942270853,-240.32741171164534,144.9551574398358,3.300076708865736,3.2846547201001988,0.015421988765537353,0,5.507603583673897,nan
GT+smooth-jitter_controlled_forward3x6_SoftMS_local_prior_3frame_causal_heading_continuous_waypoint_RNN_polynomial_Kalman,1,controlled_gt_jitter,8.0,-230.60730693867401,144.3035797962996,3.891899604294731,-3.486581336512897,0,0,6,-237.39926976933435,143.54943444374845,-234.49920654296875,147.7901611328125,-1,-237.39927673339844,143.5494384765625,-237.39926976933435,143.54943444374845,0.0,0,0.0,0.0,1124,/yh/study/uav-sat/v36_GvsK/v36_training_data/routes/route_C/vi/vi_001124.jpg,-234.49920654296875,147.7901611328125,2381.9605684199173,-0.1309811103617285,10,3.233894461746772,3.233894461746772,1,3.233894461746772,-32.195547526239324,0.3821855918528847,2381.7983311568464,-5.665937135117771,-237.59498035155778,143.19905629284577,5.537333214238762,8.080868227408153,1,0.0,0,0,0.4587116392290965,1.0,2387.113525390625,-0.9972602725028992,1,1,6,18,1,-33.4830381558589,-220.9029083251953,143.6913604736328,-225.68341064453125,139.4456329345703,1,-225.68341064453125,139.4456329345703,2393.87158203125,-2.4708943367004395,0.82878577709198,0.08874376118183136,4.0,4.0,1,2389.87353515625,-2.805063486099243,8.3525899649474,20.865110397338867,8.264719009399414,0.4587116392290965,2389.87353515625,-2.805063486099243,2385.3097881647263,-3.5590629303897616,4.563746991523568,0.7539994442905185,0.0,1,3.248087495134775,3.2480020498398754,-0.02355971746146679,3.135087013244629,-0.023779265582561493,0.7664854526519775,0.04010915756225586,-1.1815750218097216,0.0,-33.49435439193143,-33.49435439193143,1.2988068656921077,3.517504930496216,-0.0762750655412674,0.046722547593144356,1.0,2381.7764430729753,-5.265202319549329,10,10,11,284.20227036196457,0.4797971468401719,0.18412534694198257,0.09880744850214329,-237.39926976933435,143.54943444374845,3.2480874951345675,3.233894461746772,0.014193033387795317,0,5.137521734091077,nan
GT+smooth-jitter_controlled_forward3x6_SoftMS_local_prior_3frame_causal_heading_continuous_waypoint_RNN_polynomial_Kalman,1,controlled_gt_jitter,8.0,-227.46293822880466,142.53410621076603,4.027799686234406,-3.361844106616787,0,0,6,-234.21140830874666,141.9425850121893,-231.49073791503906,145.8959503173828,-1,-234.21141052246094,141.9425811767578,-234.21140830874666,141.9425850121893,0.0,0,0.0,0.0,1125,/yh/study/uav-sat/v36_GvsK/v36_training_data/routes/route_C/vi/vi_001125.jpg,-231.49073791503906,145.8959503173828,2385.515686593681,-0.12370999617666649,10,3.5551256093882166,3.5551256093882166,1,3.5551256093882166,-32.19559519960796,-4.767336863583606e-05,2385.346298115269,-5.28888278857053,-234.39489127165234,141.62118766745982,5.1679495384441205,8.027264529179753,1,0.0,0,0,0.4287169011271373,1.0,2390.716796875,-0.8119242191314697,1,1,6,18,1,-33.48699881180386,-220.9029083251953,143.6913604736328,-222.26971435546875,139.6558837890625,1,-222.26971435546875,139.6558837890625,2396.644287109375,-0.46844232082366943,0.8333737850189209,0.07775522768497467,4.0,4.0,1,2392.646484375,-0.785993218421936,7.161487000932866,20.859622955322266,8.26135540008545,0.4287169011271373,2392.646484375,-0.785993218421936,2388.7752695933686,-3.231499901710753,3.871214781631535,2.445506683288817,0.0,1,3.5699335830799743,3.5698550422936166,-0.023680469021201134,3.1488373279571533,-0.024274446070194244,0.769897997379303,0.04004068672657013,-1.2216595877795282,0.0,-33.53443895790124,-33.53443895790124,1.3388437582932784,3.5328924655914307,-0.07959475368261337,0.04209974198954379,1.0,2385.3295673742614,-4.919177049933493,10,10,11,280.6491460606785,0.4863007732778018,0.18611921941965193,0.4062882814310633,-234.21140830874666,141.9425850121893,3.5699335830799797,3.5551256093882166,0.01480797369176301,0,4.799077476714116,nan
GT+smooth-jitter_controlled_forward3x6_SoftMS_local_prior_3frame_causal_heading_continuous_waypoint_RNN_polynomial_Kalman,1,controlled_gt_jitter,8.0,-224.58971326540637,140.938140919319,4.159569571507697,-3.231735179313803,0,0,6,-231.45428683349266,140.21329161476712,-228.74928283691406,144.1698760986328,-1,-231.45428466796875,140.21328735351562,-231.45428683349266,140.21329161476712,0.0,0,0.0,0.0,1126,/yh/study/uav-sat/v36_GvsK/v36_training_data/routes/route_C/vi/vi_001126.jpg,-228.74928283691406,144.1698760986328,2388.755264352111,-0.11706913051470084,10,3.239584565034655,3.239584565034655,1,3.239584565034655,-32.19532793967215,0.000267259935811866,2388.5840409323214,-4.943184206424773,-231.47374677563334,140.18264642979892,4.829151497459051,7.2035782973236335,1,0.0,0,0,0.5611636476552859,1.0,2393.998291015625,-0.6248863935470581,1,1,6,18,1,-33.503602894954454,-220.9029083251953,143.6913604736328,-222.0159912109375,134.7235107421875,1,-222.0159912109375,134.7235107421875,2399.495361328125,-4.501375675201416,0.7845832109451294,0.1270986646413803,4.0,4.0,1,2395.497314453125,-4.82729434967041,8.224442909994146,20.927574157714844,8.276985168457031,0.5611636476552859,2395.497314453125,-4.82729434967041,2392.3772409633734,-4.82729434967041,3.1200734897515776,0.0,0.0,1,3.2545621032135283,3.25447355805987,-0.024007156491279602,3.1575560569763184,-0.024316154420375824,0.7733580470085144,0.04020710662007332,-1.2146981309114042,0.0,-33.52747750103312,-33.52747750103312,1.3321495613609664,3.543349266052246,-0.07934551686048508,0.06383823843690425,1.0,2388.5841062553022,-4.906882519924542,10,10,11,277.39460717963766,0.49225786999444937,0.17115809680899474,0.0820285080583365,-231.45428683349266,140.21329161476712,3.254562103213699,3.239584565034655,0.014977538179044014,0,4.792870475975016,nan
GT+smooth-jitter_controlled_forward3x6_SoftMS_local_prior_3frame_causal_heading_continuous_waypoint_RNN_polynomial_Kalman,1,controlled_gt_jitter,8.0,-221.5308195134514,139.23498177564525,4.286990545142347,-3.0963933464250646,0,0,6,-228.44459196421923,138.47810446956294,-225.81781005859375,142.3313751220703,-1,-228.44459533691406,138.4781036376953,-228.44459196421923,138.47810446956294,0.0,0,0.0,0.0,1127,/yh/study/uav-sat/v36_GvsK/v36_training_data/routes/route_C/vi/vi_001127.jpg,-225.81781005859375,142.3313751220703,2392.2155308656434,-0.10387268469677588,10,3.460291677135654,3.460291677135654,1,3.460291677135654,-32.094271061196395,0.10105687847575764,2392.0580885670943,-4.9310596241592375,-228.53119993914575,138.33587300318618,4.829753805929408,6.790440803372091,1,0.0,0,0,0.5311739044225589,1.0,2397.493896484375,-0.4291950762271881,1,1,6,18,1,-33.511958991073726,-220.96392822265625,134.175048828125,-219.0323028564453,133.56124877929688,1,-219.0323028564453,133.56124877929688,2402.63818359375,-3.888749361038208,0.8097659945487976,0.11354431509971619,4.0,4.0,1,2398.64013671875,-4.208889961242676,7.624088614943736,20.97095489501953,8.285362243652344,0.5311739044225589,2398.64013671875,-4.208889961242676,2395.7688168042564,-4.208889961242676,2.8713199144936894,0.0,0.0,1,3.4740664407885906,3.473982311792092,-0.024177104234695435,3.173170566558838,-0.024603646248579025,0.7768583297729492,0.04034917801618576,-1.2377836366975183,0.0,-33.55056300681923,-33.55056300681923,1.456291945622838,3.5606729984283447,-0.0813646987080574,0.06425418716095717,1.0,2392.0552561276522,-4.7645582468815775,10,10,11,273.92345730728766,0.49861145072074714,0.16027473799113068,0.2871211105768161,-228.44459196421923,138.47810446956294,3.4740664407884667,3.460291677135654,0.013774763652812716,0,4.663440564775757,nan
GT+smooth-jitter_controlled_forward3x6_SoftMS_local_prior_3frame_causal_heading_continuous_waypoint_RNN_polynomial_Kalman,1,controlled_gt_jitter,8.0,-218.46959173127397,137.5325739973618,4.409848576343215,-2.9559666520522723,0,0,6,-225.42260294873398,136.74971538382763,-222.8794403076172,140.48854064941406,-1,-225.422607421875,136.7497100830078,-225.42260294873398,136.74971538382763,0.0,0,0.0,0.0,1128,/yh/study/uav-sat/v36_GvsK/v36_training_data/routes/route_C/vi/vi_001128.jpg,-222.8794403076172,140.48854064941406,2395.68394273553,-0.0906519474309313,10,3.468437066902657,3.468437066902657,1,3.468437066902657,-32.0943829376402,-0.00011187644380669357,2395.536513157833,-4.788969949410173,-225.51548229762213,136.59659895470267,4.700630545799381,7.219989346415582,1,0.0,0,0,0.3303191231525317,1.0,2400.990966796875,-0.23162110149860382,1,1,6,18,1,-33.525470385912485,-221.02496337890625,124.65872955322266,-215.24147033691406,132.65284729003906,1,-215.24147033691406,132.65284729003906,2406.32763671875,-2.6301233768463135,0.801328718662262,0.03134620189666748,4.0,4.0,1,2402.32958984375,-2.9473304748535156,7.233618575514756,20.99132537841797,8.289523124694824,0.3303191231525317,2402.32958984375,-2.9473304748535156,2398.694890746502,-2.9473304748535156,3.634699097247723,0.0,0.0,1,3.481342620513323,3.4812570301806542,-0.024411702528595924,3.179385185241699,-0.02516666240990162,0.7815837264060974,0.040098533034324646,-1.2618805440893235,0.0,-33.57465991421103,-33.57465991421103,1.4802769765708366,3.5691983699798584,-0.083739273250103,0.024257920938111497,1.0,2395.5331624664655,-4.609916920434877,10,10,11,270.44555096847444,0.5049773984599015,0.15078026906439845,0.28905188166095774,-225.42260294873398,136.74971538382763,3.4813426205132987,3.468437066902657,0.012905553610641718,0,4.521779581731021,nan
GT+smooth-jitter_controlled_forward3x6_SoftMS_local_prior_3frame_causal_heading_continuous_waypoint_RNN_polynomial_Kalman,1,controlled_gt_jitter,8.0,-215.6837199368252,136.00478693537667,4.5279347262607335,-2.8106122345452067,0,0,6,-222.9703445718662,134.73751448000348,-220.21165466308594,138.81539916992188,-1,-222.97035217285156,134.73751831054688,-222.9703445718662,134.73751448000348,0.0,0,0.0,0.0,1129,/yh/study/uav-sat/v36_GvsK/v36_training_data/routes/route_C/vi/vi_001129.jpg,-220.21165466308594,138.81539916992188,2398.8329646029324,-0.07865469010683962,10,3.149044721112154,3.149044721112154,1,3.149044721112154,-32.09449289464525,-0.0001099570050479232,2398.705213419377,-4.634743849408075,-222.75503847472783,135.03314222742313,4.557879857170656,7.165384377219637,1,0.0,0,0,0.4459887566006556,1.0,2404.162109375,-0.033656757324934006,1,1,6,18,1,-33.54268673148915,-221.0554656982422,119.90057373046875,-215.56646728515625,127.02276611328125,1,-215.56646728515625,127.02276611328125,2409.0625,-7.562068939208984,0.7495596408843994,0.06622485816478729,4.0,4.0,1,2405.064453125,-7.878650665283203,9.983555800085703,20.979406356811523,8.286727905273438,0.4459887566006556,2405.064453125,-7.878650665283203,2402.1816825000287,-6.720625297799156,2.8827706249713647,-1.1580253674840466,0.0,1,3.1721481088165184,3.172050952911377,-0.024826928973197937,3.1806092262268066,-0.02455669268965721,0.7792485356330872,0.04056517779827118,-1.2452108270896727,0.0,-33.55799019721138,-33.55799019721138,1.4634973025661377,3.5692975521087646,-0.08185897767543793,0.05554282571945534,1.0,2398.6812741702133,-4.999681368524515,10,10,11,267.29743926472656,0.5107396912391595,0.15169043271907867,0.0315645051146527,-222.9703445718662,134.73751448000348,3.1721481088166272,3.149044721112154,0.02310338770447329,0,4.923364048806152,nan
GT+smooth-jitter_controlled_forward3x6_SoftMS_local_prior_3frame_causal_heading_continuous_waypoint_RNN_polynomial_Kalman,1,controlled_gt_jitter,8.0,-212.5744695862935,134.263301457637,4.641045550425234,-2.6604961497848887,0,0,6,-220.09481624760602,132.64631896743924,-217.21551513671875,136.92379760742188,-1,-220.09481811523438,132.6463165283203,-220.09481624760602,132.64631896743924,0.0,0,0.0,0.0,1130,/yh/study/uav-sat/v36_GvsK/v36_training_data/routes/route_C/vi/vi_001130.jpg,-217.21551513671875,136.92379760742188,2402.376268175069,-0.07576879365529224,10,3.5433047473668187,3.5433047473668187,1,3.5433047473668187,-32.26611397810633,-0.17162108346108765,2402.236714058179,-5.02435966772803,-219.97868231662096,132.8161298839554,4.950558250389244,6.320065570389826,1,0.0,0,0,0.6156000630891696,1.0,2407.720703125,0.1565610021352768,1,1,6,18,1,-33.548042987180615,-221.0554656982422,119.90057373046875,-211.64593505859375,126.98477935791016,1,-211.64593505859375,126.98477935791016,2412.396240234375,-5.498488426208496,0.68560791015625,0.18627791106700897,4.0,4.0,1,2408.398193359375,-5.81450080871582,8.318451061709755,21.009685516357422,8.29263687133789,0.6156000630891696,2408.398193359375,-5.81450080871582,2406.1796142316743,-5.81450080871582,2.218579127700652,0.0,0.0,1,3.5555255329403535,3.555439887965933,-0.024678299203515053,3.1896417140960693,-0.02460602857172489,0.7823376655578613,0.040740981698036194,-1.2555196102596318,0.0,-33.56829898038134,-33.56829898038134,1.3021850022750092,3.5798580646514893,-0.08269437402486801,0.0960910742568375,1.0,2402.2293351966255,-5.229952444099873,10,10,11,263.7493782383144,0.5172340498759644,0.14693297844360131,0.3536630332707493,-220.09481624760602,132.64631896743924,3.555525532940443,3.5433047473668187,0.012220785573624493,0,5.156277572305852,nan
GT+smooth-jitter_controlled_forward3x6_SoftMS_local_prior_3frame_causal_heading_continuous_waypoint_RNN_polynomial_Kalman,1,controlled_gt_jitter,8.0,-209.7425326183208,132.698201575011,4.748983494960429,-2.505793175965537,0,0,6,-217.50495490008825,130.71060464367227,-214.49151611328125,135.20399475097656,-1,-217.5049591064453,130.71060180664062,-217.50495490008825,130.71060464367227,0.0,0,0.0,0.0,1131,/yh/study/uav-sat/v36_GvsK/v36_training_data/routes/route_C/vi/vi_001131.jpg,-214.49151611328125,135.20399475097656,2405.5977407781147,-0.07315870694004631,10,3.2214736604116307,3.2214736604116307,1,3.2214736604116307,-32.26635745733499,-0.00024347922865839742,2405.4625634107233,-5.254590994455904,-217.37544756616848,130.89720327171798,5.18319529544918,5.274449866781257,1,0.0,0,0,0.6395223783290759,1.0,2410.95068359375,0.3476144075393677,1,1,6,18,1,-33.55513261681738,-221.0554656982422,119.90057373046875,-211.8170166015625,126.89193725585938,1,-211.8170166015625,126.89193725585938,2412.30126953125,-5.668403625488281,0.6421127915382385,0.2743619680404663,4.0,4.0,1,2408.303466796875,-5.978424549102783,6.495622984380438,21.01369857788086,8.292797088623047,0.6395223783290759,2408.303466796875,-5.978424549102783,2408.303466796875,-5.978424549102783,0.0,0.0,0.0,1,3.233322090760825,3.23322821409784,-0.024638550356030464,3.1944339275360107,-0.02494855225086212,0.7835568189620972,0.04060639813542366,-1.271428721662178,0.0,-33.584208091783886,-33.584208091783886,1.317850634448897,3.58522629737854,-0.08421794325113297,0.076622778457451,1.0,2405.452855834096,-5.481520411860481,10,10,11,260.52585760084366,0.5231343709068139,0.14488494401848584,0.027039732875620004,-217.50495490008825,130.71060464367227,3.233322090761015,3.2214736604116307,0.01184843034938421,0,5.4103020228313445,nan
GT+smooth-jitter_controlled_forward3x6_SoftMS_local_prior_3frame_causal_heading_continuous_waypoint_RNN_polynomial_Kalman,1,controlled_gt_jitter,8.0,-206.91437289008266,131.13651347314374,4.8515572856986005,-2.346686600098453,0,0,6,-215.09567285611732,128.55171960543717,-211.76593017578125,133.4832000732422,-1,-215.09567260742188,128.5517120361328,-215.09567285611732,128.55171960543717,0.0,0,0.0,0.0,1132,/yh/study/uav-sat/v36_GvsK/v36_training_data/routes/route_C/vi/vi_001132.jpg,-211.76593017578125,133.4832000732422,2408.821084718893,-0.07053858026093869,10,3.2233450056760455,3.2233450056760455,1,3.2233450056760455,-32.266205945070844,0.00015151226414996676,2408.687791550102,-5.506329463165536,-214.78423427572392,128.96043212078382,5.437424904448352,5.009053072865686,1,0.0,0,0,0.6800580726898089,1.0,2414.17578125,0.5395321846008301,1,1,6,18,1,-33.56530906507217,-211.59274291992188,119.84066772460938,-207.2446746826172,121.72215270996094,1,-207.2446746826172,121.72215270996094,2418.928955078125,-7.593505382537842,0.5684115290641785,0.25124409794807434,4.0,4.0,1,2414.93115234375,-7.903867244720459,9.934483597337596,21.013790130615234,8.292928695678711,0.6800580726898089,2414.93115234375,-7.903867244720459,2412.807951249999,-7.903867244720459,2.1232010937512324,0.0,0.0,1,3.2350308461768917,3.234935716005701,-0.02480905130505562,3.1966614723205566,-0.02491474524140358,0.7848643660545349,0.0406881645321846,-1.2816238462154799,0.0,-33.59440321633719,-33.59440321633719,1.328197271266349,3.5880935192108154,-0.08484567701816559,0.19251806560238544,1.0,2408.6430550709674,-6.018226481122384,10,10,11,257.33565836397247,0.5289737005612009,0.1780296479255412,0.026683533355488898,-215.09567285611732,128.55171960543717,3.235030846176914,3.2233450056760455,0.011685840500868405,0,5.950351747719962,nan
GT+smooth-jitter_controlled_forward3x6_SoftMS_local_prior_3frame_causal_heading_continuous_waypoint_RNN_polynomial_Kalman,1,controlled_gt_jitter,8.0,-204.09899459497086,129.57226250665693,4.948582309326014,-2.1833679865071267,0,0,6,-212.21857711465597,127.0722521492702,-209.04757690429688,131.75563049316406,-1,-212.2185821533203,127.07225036621094,-212.21857711465597,127.0722521492702,0.0,0,0.0,0.0,1133,/yh/study/uav-sat/v36_GvsK/v36_training_data/routes/route_C/vi/vi_001133.jpg,-209.04757690429688,131.75563049316406,2412.0419374874587,-0.07751036790941902,10,3.2208603140467167,3.2208603140467167,1,3.2208603140467167,-32.43680037100479,-0.17059442593395163,2411.8781571532095,-6.043093665582547,-212.3748427031015,126.8014090221892,5.967831103454865,4.994205868225738,1,0.0,0,0,0.6799085514581577,1.0,2417.391357421875,0.7224517464637756,1,1,6,18,1,-33.57549202335101,-211.62326049804688,115.08251190185547,-201.55328369140625,122.24584197998047,1,-201.55328369140625,122.24584197998047,2423.458984375,-4.1086320877075195,0.568683385848999,0.5025520920753479,4.0,4.0,1,2419.461181640625,-4.416276931762695,8.594770450681205,20.973064422607422,8.283472061157227,0.6799085514581577,2419.461181640625,-4.416276931762695,2415.9979056697193,-4.416276931762695,3.463275970905581,0.0,0.0,1,3.2351976538368254,3.2351020822422782,-0.024867184460163116,3.1914873123168945,-0.024587851017713547,0.7828999161720276,0.040808118879795074,-1.2857345528787698,0.0,-33.59851392300048,-33.59851392300048,1.1617135519956872,3.5819411277770996,-0.08457818627357483,0.14773712633384267,1.0,2411.865447144027,-5.730662250251401,10,10,11,254.1132662909131,0.5348719558716534,0.17649034343185122,0.029373001729822157,-212.21857711465597,127.0722521492702,3.2351976538369622,3.2208603140467167,0.01433733979024554,0,5.655906209101373,nan
GT+smooth-jitter_controlled_forward3x6_SoftMS_local_prior_3frame_causal_heading_continuous_waypoint_RNN_polynomial_Kalman,1,controlled_gt_jitter,8.0,-201.28188109926154,128.0072785020648,5.039880985699406,-2.016036927622707,0,0,6,-209.346844406675,125.56356358999047,-206.32176208496094,130.0233154296875,-1,-209.3468475341797,125.56356048583984,-209.346844406675,125.56356358999047,0.0,0,0.0,0.0,1134,/yh/study/uav-sat/v36_GvsK/v36_training_data/routes/route_C/vi/vi_001134.jpg,-206.32176208496094,130.0233154296875,2415.271632982994,-0.08450426363054576,10,3.2297030681564545,3.2297030681564545,1,3.2297030681564545,-32.43685301153883,-5.264053403396314e-05,2415.109268833848,-5.75537580187701,-209.49029552653732,125.3174104211016,5.6731954064902235,4.4900636538082885,1,0.0,0,0,0.7040279554164783,1.0,2420.608642578125,0.9056793451309204,1,1,6,18,1,-33.58354972558092,-211.62326049804688,115.08251190185547,-201.84664916992188,122.09757995605469,1,-201.84664916992188,122.09757995605469,2423.290283203125,-4.390750408172607,0.5248299241065979,0.539018988609314,4.0,4.0,1,2419.29248046875,-4.70003604888916,6.121302815940529,20.970149993896484,8.28324031829834,0.7040279554164783,2419.29248046875,-4.70003604888916,2419.29248046875,-4.70003604888916,0.0,0.0,0.0,1,3.2439158304415376,3.2438216898213224,-0.024713551625609398,3.1905531883239746,-0.024343442171812057,0.782192051410675,0.0409579835832119,-1.2665061829830087,0.0,-33.57928555310472,-33.57928555310472,1.142432541565892,3.580688953399658,-0.08302835375070572,0.22156066390927512,1.0,2415.0989265626063,-5.470660779847342,10,10,11,250.87978687233363,0.5407905054210159,0.1727064203878399,0.03914987983247986,-209.346844406675,125.56356358999047,3.2439158304415576,3.2297030681564545,0.014212762285103153,0,5.388924709515615,nan
GT+smooth-jitter_controlled_forward3x6_SoftMS_local_prior_3frame_causal_heading_continuous_waypoint_RNN_polynomial_Kalman,1,controlled_gt_jitter,8.0,-198.21535407654468,126.28383762588774,5.125283130486575,-1.8449007774325688,0,0,6,-206.25414833470114,123.82858482442073,-203.34063720703125,128.1287384033203,-1,-206.254150390625,123.82858276367188,-206.25414833470114,123.82858482442073,0.0,0,0.0,0.0,1135,/yh/study/uav-sat/v36_GvsK/v36_training_data/routes/route_C/vi/vi_001135.jpg,-203.34063720703125,128.1287384033203,2418.803837542704,-0.09215900169894232,10,3.53221285409722,3.53221285409722,1,3.53221285409722,-32.43694644215579,-9.343061695735085e-05,2418.6449552667837,-5.495170772297818,-206.3630459772026,123.64735189947768,5.405347331192656,4.965528063629459,1,0.0,0,0,0.506807910088338,1.0,2424.12158203125,1.0883100032806396,1,1,6,18,1,-33.58205722252557,-197.42918395996094,114.99264526367188,-194.2755889892578,119.1292953491211,1,-194.2755889892578,119.1292953491211,2431.275634765625,-2.8523333072662354,0.8834118247032166,0.1686871498823166,4.0,4.0,1,2427.278076171875,-3.1542749404907227,9.01050910696709,20.823894500732422,8.248919486999512,0.506807910088338,2427.278076171875,-3.1542749404907227,2422.2886770195264,-3.3089377206520596,4.989399152348415,0.15466278016133694,0.0,1,3.546113409153608,3.546028704177266,-0.024509992450475693,3.17330002784729,-0.023312212899327278,0.774648904800415,0.0413520373404026,-1.262020349523897,0.0,-33.57479971964561,-33.57479971964561,1.1378532774898233,3.5597026348114014,-0.08105698972940445,0.06994167564905017,1.0,2418.640112902198,-5.283792861599925,10,10,11,247.33860053274202,0.5472722806548308,0.16372464050618873,0.35891282624992993,-206.25414833470114,123.82858482442073,3.5461134091537945,3.53221285409722,0.013900555056574504,0,5.194214848577134,nan
GT+smooth-jitter_controlled_forward3x6_SoftMS_local_prior_3frame_causal_heading_continuous_waypoint_RNN_polynomial_Kalman,1,controlled_gt_jitter,8.0,-195.3068635608654,124.6772606295832,5.204626307298668,-1.6701743679753858,0,0,6,-203.28845533581853,122.25693060346357,-200.51148986816406,126.3474349975586,-1,-203.2884521484375,122.25692749023438,-203.28845533581853,122.25693060346357,0.0,0,0.0,0.0,1136,/yh/study/uav-sat/v36_GvsK/v36_training_data/routes/route_C/vi/vi_001136.jpg,-200.51148986816406,126.3474349975586,2422.147050026334,-0.08531957943703934,10,3.343219479543272,3.343219479543272,1,3.343219479543272,-32.19556591594938,0.24138052620640776,2421.9964297933084,-5.3076440737140205,-203.4303313006913,122.01433861392204,5.22449610758032,5.193246594236995,1,0.0,0,0,0.514883859638013,1.0,2427.4384765625,1.285230278968811,1,1,6,18,1,-33.57951713920627,-197.42918395996094,114.99264526367188,-194.70233154296875,118.82013702392578,1,-194.70233154296875,118.82013702392578,2431.080322265625,-3.3417274951934814,0.8687282800674438,0.17362767457962036,4.0,4.0,1,2427.08251953125,-3.6486027240753174,6.087351312583933,20.916616439819336,8.270551681518555,0.514883859638013,2427.08251953125,-3.6486027240753174,2425.662360407313,-3.6486027240753174,1.4201591239370845,0.0,0.0,1,3.3564016377475316,3.356316891110701,-0.023851212114095688,3.1882712841033936,-0.023671627044677734,0.7800578474998474,0.04142504930496216,-1.2574968433026446,0.0,-33.57027621342436,-33.57027621342436,1.3747102974749785,3.577373504638672,-0.08148668706417084,0.09827464667785506,1.0,2421.9866598873264,-5.026780740871505,10,10,11,243.99205354761352,0.5533977886871208,0.16039013900763166,0.1549481954398786,-203.28845533581853,122.25693060346357,3.3564016377474575,3.343219479543272,0.013182158204185335,0,4.944063450913231,nan
GT+smooth-jitter_controlled_forward3x6_SoftMS_local_prior_3frame_causal_heading_continuous_waypoint_RNN_polynomial_Kalman,1,controlled_gt_jitter,8.0,-192.40467791353197,123.07412817642431,5.277756168499273,-1.492079709317872,0,0,6,-200.3022345976366,120.72548374149882,-197.68243408203125,124.56620788574219,-1,-200.30223083496094,120.7254867553711,-200.3022345976366,120.72548374149882,0.0,0,0.0,0.0,1137,/yh/study/uav-sat/v36_GvsK/v36_training_data/routes/route_C/vi/vi_001137.jpg,-197.68243408203125,124.56620788574219,2425.490144352614,-0.07846461658743714,10,3.343101354269918,3.343101354269918,1,3.343101354269918,-32.19529543122617,0.0002704847232051733,2425.3425918904777,-5.050533180638627,-200.46491078917464,120.44297360802851,4.974257485766951,5.529901250872727,1,0.0,0,0,0.5283086763656513,1.0,2430.748291015625,1.481691598892212,1,1,6,18,1,-33.57628283119085,-197.42918395996094,114.99264526367188,-189.81561279296875,119.20269775390625,1,-189.81561279296875,119.20269775390625,2435.005859375,-0.406258225440979,0.8443195223808289,0.2350454032421112,4.0,4.0,1,2431.00830078125,-0.7079870700836182,5.553948945601734,20.878713607788086,8.261255264282227,0.5283086763656513,2431.00830078125,-0.7079870700836182,2429.045440750483,-2.8288238646353028,1.9628600307667528,2.1208367945516846,0.0,1,3.3560160589857593,3.3559320031513473,-0.02375243976712227,3.1849913597106934,-0.023883961141109467,0.7779989242553711,0.041181955486536026,-1.2604962568436322,0.0,-33.57327562696534,-33.57327562696534,1.377980195739171,3.5730533599853516,-0.08191296458244324,0.08793999885429893,1.0,2425.329063263559,-4.724814751530861,10,10,11,240.64965017138093,0.5595157122720126,0.16108108905518748,0.1581099945592248,-200.3022345976366,120.72548374149882,3.356016058985627,3.343101354269918,0.012914704715708769,0,4.64914150072248,nan
GT+smooth-jitter_controlled_forward3x6_SoftMS_local_prior_3frame_causal_heading_continuous_waypoint_RNN_polynomial_Kalman,1,controlled_gt_jitter,8.0,-189.5095381575121,121.47455471713856,5.344526783894133,-1.3108456734864469,0,0,6,-197.40040004406066,119.04109233727597,-194.85406494140625,122.785400390625,-1,-197.40040588378906,119.04109191894531,-197.40040004406066,119.04109233727597,0.0,0,0.0,0.0,1138,/yh/study/uav-sat/v36_GvsK/v36_training_data/routes/route_C/vi/vi_001138.jpg,-194.85406494140625,122.785400390625,2428.832434063231,-0.07162205786116839,10,3.342296714881154,3.342296714881154,1,3.342296714881154,-32.195479787410726,-0.00018435618455162105,2428.684245905223,-4.748639528984999,-197.47936203577987,118.91186617473835,4.67936450336701,6.185941052044328,1,0.0,0,0,0.3823163019454852,1.0,2434.050048828125,1.6773943901062012,0,0,6,18,1,-33.575230341728435,-178.4121551513672,129.14727783203125,-183.7731170654297,116.31932067871094,1,-183.7731170654297,116.31932067871094,2441.65380859375,0.38683781027793884,0.8439995050430298,0.0615326464176178,4.0,4.0,0,2437.65625,0.08335572481155396,8.825176814041702,20.848907470703125,8.254995346069336,0.3823163019454852,2437.65625,0.08335572481155396,2431.9856157355734,-2.7678176307749482,5.670634264426736,2.851173355586502,0.0,1,3.355267229140937,3.3551826416644386,-0.023824777454137802,3.185743570327759,-0.02323487401008606,0.7769218683242798,0.04169419780373573,-1.2577303503948944,0.0,-33.570509720516604,-33.570509720516604,1.375029933105882,3.5732908248901367,-0.08084018528461456,0.0292687417988363,1.0,2428.6819033857955,-4.597216578864467,10,10,11,237.29681004914437,0.5656527392407092,0.15053067743565407,0.1565531445533952,-197.40040004406066,119.04109233727597,3.3552672291409475,3.342296714881154,0.012970514259793564,0,4.528097310502995,nan
GT+smooth-jitter_controlled_forward3x6_SoftMS_local_prior_3frame_causal_heading_continuous_waypoint_RNN_polynomial_Kalman,1,controlled_gt_jitter,8.0,-186.612975532732,119.86975992746245,5.4048009565258095,-1.1267076628695836,0,0,6,-194.5038870797734,117.3274745642956,-192.0177764892578,120.99646759033203,-1,-194.50389099121094,117.32747650146484,-194.5038870797734,117.3274745642956,0.0,0,0.0,0.0,1139,/yh/study/uav-sat/v36_GvsK/v36_training_data/routes/route_C/vi/vi_001139.jpg,-192.0177764892578,120.99646759033203,2432.1857600292674,-0.06741334528126336,10,3.353328607183409,3.353328607183409,1,3.353328607183409,-32.240868275335444,-0.045388487924719126,2432.047274235882,-4.620716909610641,-194.5687435629278,117.22230296051585,4.55540905560675,6.923600740438818,1,0.0,0,0,0.31403614002827557,1.0,2437.35595703125,1.8694449663162231,1,1,6,18,1,-33.573578076279524,-178.4121551513672,129.14727783203125,-183.66989135742188,116.64332580566406,1,-183.66989135742188,116.64332580566406,2441.56787109375,0.7158467173576355,0.8336389064788818,0.0319412499666214,4.0,4.0,1,2437.570068359375,0.4140121638774872,5.405788260238799,20.941715240478516,8.276037216186523,0.31403614002827557,2437.570068359375,0.4140121638774872,2435.1608736209596,-2.7525572785639865,2.409194738415228,3.1665694424414736,0.0,1,3.365452900302872,3.3653708500864856,-0.02350033074617386,3.198047637939453,-0.02436315268278122,0.7829130291938782,0.04112621396780014,-1.2733813019911555,0.0,-33.58616067211287,-33.58616067211287,1.3452923967774237,3.588533401489258,-0.08356818556785583,0.017947031918431427,1.0,2432.0458686945076,-4.497163463271784,10,10,11,233.9328447404323,0.57181012971227,0.13989133475979543,0.15528096924395607,-194.5038870797734,117.3274745642956,3.3654529003030813,3.353328607183409,0.012124293119672114,0,4.431958448967872,nan
GT+smooth-jitter_controlled_forward3x6_SoftMS_local_prior_3frame_causal_heading_continuous_waypoint_RNN_polynomial_Kalman,1,controlled_gt_jitter,8.0,-183.72296121834256,118.26758175003137,5.458450524821507,-0.9399072636405109,0,0,6,-191.61333663404508,115.60530026772179,-189.18141174316406,119.20748901367188,-1,-191.61334228515625,115.60530090332031,-191.61333663404508,115.60530026772179,0.0,0,0.0,0.0,1140,/yh/study/uav-sat/v36_GvsK/v36_training_data/routes/route_C/vi/vi_001140.jpg,-189.18141174316406,119.20748901367188,2435.539174943908,-0.0632025380291612,10,3.3534175583473735,3.3534175583473735,1,3.3534175583473735,-32.240834393663775,3.3881671668622254e-05,2435.410477348139,-4.521138345710563,-191.67312843062882,115.50869154882277,4.459793127104052,7.724015508817271,1,0.0,0,0,0.34532621819142256,1.0,2440.65478515625,2.060206651687622,1,1,6,18,1,-33.5779819474686,-173.71131896972656,124.3591537475586,-178.43173217773438,117.84782409667969,1,-178.43173217773438,117.84782409667969,2445.35107421875,4.533829689025879,0.8012748956680298,0.03733719885349274,4.0,4.0,1,2441.353759765625,4.230609893798828,7.2281548024832345,20.73019790649414,8.227571487426758,0.34532621819142256,2441.353759765625,4.230609893798828,2438.6101244481656,-2.601350085694716,2.7436353174595767,6.8319599794935435,0.0,1,3.3646940703548074,3.3646086536316298,-0.023974882438778877,3.169045925140381,-0.022787179797887802,0.7710894346237183,0.04168988764286041,-1.2602774773467802,0.0,-33.57305684746849,-33.57305684746849,1.3322224538047172,3.5536882877349854,-0.080122210085392,0.013661006751170365,1.0,2435.409368636132,-4.407529040353522,10,10,11,230.56934479880783,0.5779666683775224,0.12980630777610713,0.18437163320699268,-191.61333663404508,115.60530026772179,3.364694070354633,3.3534175583473735,0.01127651200725932,0,4.34626534352611,nan
GT+smooth-jitter_controlled_forward3x6_SoftMS_local_prior_3frame_causal_heading_continuous_waypoint_RNN_polynomial_Kalman,1,controlled_gt_jitter,8.0,-180.84171976564946,116.66910791989616,5.505356650366159,-0.7506918847913397,0,0,6,-188.71447642588942,113.90349343870417,-186.34707641601562,117.4197998046875,-1,-188.7144775390625,113.90349578857422,-188.71447642588942,113.90349343870417,0.0,0,0.0,0.0,1141,/yh/study/uav-sat/v36_GvsK/v36_training_data/routes/route_C/vi/vi_001141.jpg,-186.34707641601562,117.4197998046875,2438.890185490373,-0.05898683854824326,10,3.351013198219431,3.351013198219431,1,3.351013198219431,-32.24069912531852,0.00013526834525537628,2438.770766126833,-4.43085068755053,-188.78494269465077,113.78878582700922,4.373494540822178,8.490585033155579,1,0.0,0,0,0.3349939601457492,1.0,2443.9443359375,2.2494094371795654,0,0,6,18,1,-33.57625817847682,-173.74185180664062,119.60099792480469,-172.9019775390625,113.75785827636719,1,-172.9019775390625,113.75785827636719,2452.210693359375,4.03310489654541,0.7725149393081665,0.026877105236053467,4.0,4.0,0,2448.213134765625,3.728210926055908,10.06281521728119,20.87583351135254,8.26252555847168,0.3349939601457492,2448.213134765625,3.728210926055908,2441.941999517234,-2.5281106533100433,6.271135248390967,6.2563215793659515,0.0,1,3.3614783934632007,3.3613974907011457,-0.023321647197008133,3.18645977973938,-0.024037595838308334,0.7802852392196655,0.041153814643621445,-1.276435997375738,0.0,-33.58921536749745,-33.58921536749745,1.3485162421789303,3.5756380558013916,-0.08313283324241638,0.01323904258404632,1.0,2438.7690042684953,-4.296239294759663,10,10,11,227.20970916644455,0.5841161338244625,0.12118122187757763,0.16455341848005123,-188.71447642588942,113.90349343870417,3.361478393463106,3.351013198219431,0.010465195243674952,0,4.238984933472315,nan
GT+smooth-jitter_controlled_forward3x6_SoftMS_local_prior_3frame_causal_heading_continuous_waypoint_RNN_polynomial_Kalman,1,controlled_gt_jitter,8.0,-178.00953680881406,115.07149921523043,5.545410090600006,-0.559314383402383,0,0,6,-185.85843228270738,112.19926561189162,-183.55494689941406,115.63081359863281,-1,-185.85842895507812,112.19926452636719,-185.85843228270738,112.19926561189162,0.0,0,0.0,0.0,1142,/yh/study/uav-sat/v36_GvsK/v36_training_data/routes/route_C/vi/vi_001142.jpg,-183.55494689941406,115.63081359863281,2442.206219405083,-0.07842801706148143,10,3.3160909039004975,3.3160909039004975,1,3.3160909039004975,-32.64868809244382,-0.4079889671253032,2442.094785111011,-4.319954712591799,-185.91639412067963,112.10568475957335,4.242990255797386,9.321731738672124,1,0.0,0,0,0.2820746885574237,1.0,2447.19189453125,2.4131197929382324,1,1,6,18,1,-33.58079321064229,-173.74185180664062,119.60099792480469,-173.02252197265625,113.61862182617188,1,-173.02252197265625,113.61862182617188,2452.18310546875,3.85099458694458,0.7828474640846252,0.00798255205154419,4.0,4.0,1,2448.185546875,3.5463383197784424,6.992230544625093,20.859567642211914,8.258216857910156,0.2820746885574237,2448.185546875,3.5463383197784424,2445.120490504544,-2.50453147647205,3.065056370456206,6.050869796250492,0.0,1,3.3258653961767544,3.325780842515485,-0.023715417832136154,3.1886444091796875,-0.02307531237602234,0.777068018913269,0.04187789559364319,-1.2503982490425916,0.0,-33.5631776191643,-33.5631776191643,0.9144895267204807,3.576279878616333,-0.08019645512104034,0.00856241605211809,1.0,2442.093748341393,-4.209882574016705,10,10,11,223.88496509354673,0.5902017338815799,0.11247106369000903,0.12744649472081004,-185.85843228270738,112.19926561189162,3.325865396176856,3.3160909039004975,0.009774492276358515,0,4.132985179788759,nan
GT+smooth-jitter_controlled_forward3x6_SoftMS_local_prior_3frame_causal_heading_continuous_waypoint_RNN_polynomial_Kalman,1,controlled_gt_jitter,8.0,-175.18628956962235,113.4770535658689,5.578511455768288,-0.3660326768068801,0,0,6,-182.9007997235144,110.68482801155594,-180.76480102539062,113.84308624267578,-1,-182.9008026123047,110.68482971191406,-182.9007997235144,110.68482801155594,0.0,0,0.0,0.0,1143,/yh/study/uav-sat/v36_GvsK/v36_training_data/routes/route_C/vi/vi_001143.jpg,-180.76480102539062,113.84308624267578,2445.51990395207,-0.09786562571321326,10,3.3137415556387513,3.3137415556387513,1,3.3137415556387513,-32.64886451963194,-0.00017642718811961445,2445.416483021435,-4.233245933289185,-183.0627362295724,110.40338277078135,4.136673322511773,9.525618822012165,1,0.0,0,0,0.5003763871229068,1.0,2450.43017578125,2.5747268199920654,1,1,6,18,1,-33.574627790977594,-164.24859619140625,124.2992172241211,-167.9300994873047,114.36383056640625,1,-167.9300994873047,114.36383056640625,2456.088623046875,7.20290994644165,0.7427159547805786,0.08647429943084717,4.0,4.0,1,2452.0908203125,6.901821136474609,9.60065396650234,20.972591400146484,8.283134460449219,0.5003763871229068,2452.0908203125,6.901821136474609,2449.042518086023,-2.0576248945363886,3.0483022264770643,8.959446031010998,0.0,1,3.322816817176187,3.3227346800417865,-0.02336335927248001,3.207843065261841,-0.025142192840576172,0.7871638536453247,0.0408211313188076,-1.306248065555551,0.0,-33.61902743567726,-33.61902743567726,0.9701629160453206,3.6003811359405518,-0.0868297591805458,0.028786345596831464,1.0,2445.4028984834476,-3.908822882510425,10,10,11,220.57581495149225,0.5962587908615912,0.11700546862221017,0.10589849037691046,-182.9007997235144,110.68482801155594,3.322816817176186,3.3137415556387513,0.009075261537434542,0,3.812753007057074,nan
GT+smooth-jitter_controlled_forward3x6_SoftMS_local_prior_3frame_causal_heading_continuous_waypoint_RNN_polynomial_Kalman,1,controlled_gt_jitter,8.0,-172.36826790598772,111.88308987640596,5.604571449481039,-0.17110934234404587,0,0,6,-179.9920457459883,109.07329354995221,-177.97283935546875,112.05419921875,-1,-179.99205017089844,109.07329559326172,-179.9920457459883,109.07329354995221,0.0,0,0.0,0.0,1144,/yh/study/uav-sat/v36_GvsK/v36_training_data/routes/route_C/vi/vi_001144.jpg,-177.97283935546875,112.05419921875,2448.835742995495,-0.11731270209065656,10,3.3158960705491034,3.3158960705491034,1,3.3158960705491034,-32.64880974146373,5.4778168213796004e-05,2448.7281504293164,-3.933164599872829,-180.10349919409987,108.88677273686457,3.81736844777979,9.991517358836415,1,0.0,0,0,0.37259175050619997,1.0,2453.663818359375,2.733947992324829,1,1,6,18,1,-33.590167645278136,-164.34017944335938,110.02474975585938,-167.64654541015625,111.83336639404297,1,-167.64654541015625,111.83336639404297,2457.680908203125,5.215878009796143,0.6255626678466797,0.009586721658706665,4.0,4.0,1,2453.68310546875,4.905249118804932,6.980189839240654,20.92095947265625,8.271598815917969,0.37259175050619997,2453.68310546875,4.905249118804932,2452.0027777432083,-1.9683882115375988,1.6803277255415212,6.87363733034253,0.0,1,3.3253410385567124,3.3252519458689567,-0.02434171736240387,3.1975553035736084,-0.023459093645215034,0.7815656661987305,0.04181114584207535,-1.2660136623108273,0.0,-33.578793032432536,-33.578793032432536,0.9299832909688107,3.5874056816101074,-0.08183474838733673,0.015786597828579406,1.0,2448.7226414927004,-3.7159514869440855,10,10,11,217.2560719422395,0.6023352369891017,0.11310150279450681,0.118340766975495,-179.9920457459883,109.07329354995221,3.3253410385568603,3.3158960705491034,0.009444968007756849,0,3.6004156779163363,nan
GT+smooth-jitter_controlled_forward3x6_SoftMS_local_prior_3frame_causal_heading_continuous_waypoint_RNN_polynomial_Kalman,1,controlled_gt_jitter,8.0,-169.53012965479792,110.30534779115618,5.623511092272399,0.02518879457414656,0,0,6,-177.02497655338394,107.53949971869253,-175.1536407470703,110.28015899658203,-1,-177.0249786376953,107.53949737548828,-177.02497655338394,107.53949971869253,0.0,0,0.0,0.0,1145,/yh/study/uav-sat/v36_GvsK/v36_training_data/routes/route_C/vi/vi_001145.jpg,-175.1536407470703,110.28015899658203,2452.166664914459,-0.10965285674142956,10,3.3309307263084085,3.3309307263084085,1,3.3309307263084085,-32.18102124210652,0.46778849935720834,2452.0626196346448,-3.739807761727697,-177.1820399916093,107.26777678988893,3.631645639988502,10.12103973838825,1,0.0,0,0,0.4686042847073451,1.0,2456.90576171875,2.9176318645477295,1,1,6,18,1,-33.58618649876566,-164.34017944335938,110.02474975585938,-163.1349639892578,111.72480773925781,1,-163.1349639892578,111.72480773925781,2461.552001953125,7.535755157470703,0.622429370880127,0.04730241000652313,4.0,4.0,1,2457.55419921875,7.227052211761475,9.10234953965777,21.031848907470703,8.296247482299805,0.4686042847073451,2457.55419921875,7.227052211761475,2455.60128141759,-1.6166106919605774,1.952917801160039,8.843662903722052,0.0,1,3.3400633392965906,3.3399781419444263,-0.023856274783611298,3.2153143882751465,-0.024501550942659378,0.7887537479400635,0.04143675044178963,-1.297501794879938,0.0,-33.61028116500165,-33.61028116500165,1.4292599228951297,3.608680009841919,-0.08551912754774094,0.023920659555522014,1.0,2452.0501136323487,-3.426206305144115,10,10,11,213.92859980259118,0.6084258304901681,0.11655128211032206,0.11561633803326199,-177.02497655338394,107.53949971869253,3.340063339296447,3.3309307263084085,0.00913261298803869,0,3.3186007559622612,nan
GT+smooth-jitter_controlled_forward3x6_SoftMS_local_prior_3frame_causal_heading_continuous_waypoint_RNN_polynomial_Kalman,1,controlled_gt_jitter,8.0,-166.70127066519052,108.73002974299632,5.6352619275829285,0.22259108332835126,0,0,6,-174.1073465410951,105.91813947222539,-172.33653259277344,108.50743865966797,-1,-174.1073455810547,105.91813659667969,-174.1073465410951,105.91813947222539,0.0,0,0.0,0.0,1146,/yh/study/uav-sat/v36_GvsK/v36_training_data/routes/route_C/vi/vi_001146.jpg,-172.33653259277344,108.50743865966797,2455.495114568942,-0.10199495324236954,10,3.3284584639010673,3.3284584639010673,1,3.3284584639010673,-32.18095680352928,6.443857724308037e-05,2455.387895494065,-3.45041748088388,-174.21701667811521,105.73485701823505,3.3501387066261263,10.560169433263866,1,0.0,0,0,0.4128468321597949,1.0,2460.138671875,3.0984039306640625,0,0,6,18,1,-33.59461964795651,-164.34017944335938,110.02474975585938,-158.05859375,111.5282211303711,1,-158.05859375,111.5282211303711,2465.947265625,10.083138465881348,0.6432980895042419,0.02959054708480835,4.0,4.0,0,2461.94921875,9.77619457244873,11.799749534859705,21.03852653503418,8.298235893249512,0.4128468321597949,2461.94921875,9.77619457244873,2458.7732242825045,-1.4192202078202185,3.175994467495458,11.19541478026895,0.0,1,3.3378696705284923,3.3377818617164428,-0.024211175739765167,3.2174367904663086,-0.024201102554798126,0.7876269817352295,0.041682228446006775,-1.2913421381873502,0.0,-33.60412150830907,-33.60412150830907,1.4231647047797913,3.610257387161255,-0.08474322408437729,0.0144151291427861,1.0,2455.382610440498,-3.2368944959301755,10,10,11,210.59610299444194,0.6145256211270879,0.1125041284440158,0.11102167343475866,-174.1073465410951,105.91813947222539,3.3378696705282755,3.3284584639010673,0.00941120662720829,0,3.1369176466176696,nan
GT+smooth-jitter_controlled_forward3x6_SoftMS_local_prior_3frame_causal_heading_continuous_waypoint_RNN_polynomial_Kalman,1,controlled_gt_jitter,8.0,-163.87714052865837,107.15395488979463,5.639766209622875,0.4208234811032303,0,0,6,-171.10833443710428,104.44674122166805,-169.51690673828125,106.7331314086914,-1,-171.10833740234375,104.44673919677734,-171.10833443710428,104.44674122166805,0.0,0,0.0,0.0,1147,/yh/study/uav-sat/v36_GvsK/v36_training_data/routes/route_C/vi/vi_001147.jpg,-169.51690673828125,106.7331314086914,2458.8265403096034,-0.09433240482595263,10,3.3314345528899114,3.3314345528899114,1,3.3314345528899114,-32.18099467955937,-3.78760300928776e-05,2458.723044618685,-3.261100132163267,-171.29714211901836,104.11208368190053,3.168458489067488,10.356516347651512,1,0.0,0,0,0.5183973493016139,1.0,2463.367919921875,3.2760090827941895,1,1,6,18,1,-33.59794530975208,-154.87747192382812,109.96480560302734,-157.0048370361328,109.4832763671875,1,-157.0048370361328,109.4832763671875,2467.930908203125,8.918145179748535,0.4873358905315399,0.037499070167541504,4.0,4.0,1,2463.932861328125,8.604772567749023,10.087068041213673,21.101806640625,8.31258773803711,0.5183973493016139,2463.932861328125,8.604772567749023,2462.3986373292646,-1.0557445058156039,1.5342239988605813,9.660517073564629,0.0,1,3.340521877136315,3.340434178187153,-0.024205636233091354,3.2252588272094727,-0.02451721578836441,0.7913630604743958,0.04162085801362991,-1.301857641301408,0.0,-33.61463701142312,-33.61463701142312,1.43364233186375,3.6199214458465576,-0.08597268164157867,0.02884826034867997,1.0,2458.7037259085732,-2.8773413575240148,10,10,11,207.27498752636666,0.6206045793984826,0.12281440103015484,0.10617572568043876,-171.10833443710428,104.44674122166805,3.340521877136365,3.3314345528899114,0.009087324246453754,0,2.7857175391446014,nan
GT+smooth-jitter_controlled_forward3x6_SoftMS_local_prior_3frame_causal_heading_continuous_waypoint_RNN_polynomial_Kalman,1,controlled_gt_jitter,8.0,-161.04774582777932,105.57909691027508,5.636977072611312,0.6196089952360242,0,0,6,-168.01026843777979,103.16791275885467,-166.68472290039062,104.95948791503906,-1,-168.01026916503906,103.16791534423828,-168.01026843777979,103.16791275885467,0.0,0,0.0,0.0,1148,/yh/study/uav-sat/v36_GvsK/v36_training_data/routes/route_C/vi/vi_001148.jpg,-166.68472290039062,104.95948791503906,2462.168224531956,-0.0793961314902333,10,3.3417176023991257,3.3417176023991257,1,3.3417176023991257,-32.056687032266616,0.12430764729275523,2462.055265992651,-2.9017183608361257,-168.2888355432307,102.63460404117728,2.8245818093767325,9.30970197704035,1,0.0,0,0,0.730796960178651,1.0,2466.60107421875,3.457456350326538,1,1,6,18,1,-33.60378736264826,-150.14610290527344,109.9348373413086,-152.15696716308594,109.44378662109375,1,-152.15696716308594,109.44378662109375,2472.04931640625,11.476155281066895,0.476159006357193,0.16957497596740723,4.0,4.0,1,2468.05126953125,11.163089752197266,12.688723628033902,21.1320743560791,8.32070541381836,0.730796960178651,2468.05126953125,11.163089752197266,2466.3149576331425,-0.3459033765413513,1.73631189810758,11.508993128738616,0.0,1,3.3516287344321,3.3515400840778318,-0.0243770033121109,3.221203327178955,-0.025214262306690216,0.7928904294967651,0.041051365435123444,-1.2861613329801898,0.0,-33.5989407031019,-33.5989407031019,1.542253670835287,3.6166319847106934,-0.08588865399360657,0.06358424814665427,1.0,2462.005619625252,-2.302090927512661,10,10,11,203.97309380968773,0.6266483542425725,0.1626049067040185,0.12051427522017066,-168.01026843777979,103.16791275885467,3.3516287344322735,3.3417176023991257,0.009911132033147751,0,2.2286346744025707,nan
GT+smooth-jitter_controlled_forward3x6_SoftMS_local_prior_3frame_causal_heading_continuous_waypoint_RNN_polynomial_Kalman,1,controlled_gt_jitter,8.0,-158.22545149974073,104.0043599675598,5.626858680923324,0.8186681340636951,0,0,6,-164.90778793214153,101.89071066569637,-163.85231018066406,103.1856918334961,-1,-164.9077911376953,101.89070892333984,-164.90778793214153,101.89071066569637,0.0,0,0.0,0.0,1149,/yh/study/uav-sat/v36_GvsK/v36_training_data/routes/route_C/vi/vi_001149.jpg,-163.85231018066406,103.1856918334961,2465.510183756569,-0.06446646999101172,10,3.3419925723684685,3.3419925723684685,1,3.3419925723684685,-32.05682145874074,-0.00013442647412893692,2465.3606179223366,-2.3269284232717906,-165.18809301270474,101.35353784039448,2.2674002797946375,8.616822465168411,1,0.0,0,0,0.7169306771791355,1.0,2469.828125,3.6352107524871826,1,1,6,18,1,-33.60209102113486,-150.14610290527344,109.9348373413086,-152.45004272460938,109.15780639648438,1,-152.45004272460938,109.15780639648438,2471.954345703125,11.077799797058105,0.5013704299926758,0.15935775637626648,4.0,4.0,1,2467.9560546875,10.757447242736816,11.094868228893024,21.203887939453125,8.336200714111328,0.7169306771791355,2467.9560546875,10.757447242736816,2467.9560546875,0.20600719407378332,0.0,10.551440048663034,0.0,1,3.3550902334563766,3.3549982970843337,-0.024837495759129524,3.228461980819702,-0.025261135771870613,0.7935572862625122,0.04113620147109032,-1.282896822722041,0.0,-33.595676192843754,-33.595676192843754,1.5388547341030092,3.6242268085479736,-0.08585701882839203,0.03689192540041994,1.0,2465.310374868361,-1.7231062491513356,10,10,11,200.66833856657877,0.6326973668147474,0.19980888820782639,0.11353059154876632,-164.90778793214153,101.89071066569637,3.3550902334562225,3.3419925723684685,0.013097661087754009,0,1.6706314700794596,nan
GT+smooth-jitter_controlled_forward3x6_SoftMS_local_prior_3frame_causal_heading_continuous_waypoint_RNN_polynomial_Kalman,1,controlled_gt_jitter,8.0,-155.41073998305654,102.42977533464816,5.609386359716907,1.0177193654098722,0,0,6,-161.78747466011947,100.65039082842945,-161.02012634277344,101.41205596923828,-1,-161.7874755859375,100.650390625,-161.78747466011947,100.65039082842945,0.0,0,0.0,0.0,1150,/yh/study/uav-sat/v36_GvsK/v36_training_data/routes/route_C/vi/vi_001150.jpg,-161.02012634277344,101.41205596923828,2468.851863900699,-0.04952374872872625,10,3.3417135530428737,3.3417135530428737,1,3.3417135530428737,-32.056576167083186,0.0002452916575594933,2468.6680704597475,-1.7481767469174727,-162.083457457763,100.07469701327791,1.708567246903771,7.682881019694091,1,0.0,0,0,0.8491493092811481,1.0,2473.048583984375,3.8090405464172363,1,1,6,18,1,-33.599845809888635,-145.4147491455078,109.90486145019531,-146.7559814453125,106.6961669921875,1,-146.7559814453125,106.6961669921875,2478.08251953125,12.041071891784668,0.26097291707992554,0.6248152852058411,4.0,4.0,1,2474.084228515625,11.718177795410156,12.878526278090225,21.20036506652832,8.33659553527832,0.8491493092811481,2474.084228515625,11.718177795410156,2473.2532310602705,1.0029196133964215,0.8309974553543746,10.715258182013734,0.0,1,3.3577891855020203,3.3576955913864617,-0.025070497766137123,3.222944736480713,-0.025568900629878044,0.7945119142532349,0.04082167148590088,-1.2774571106566548,0.0,-33.590236480778366,-33.590236480778366,1.5336603136951823,3.6191859245300293,-0.08586548268795013,0.10990750591286527,1.0,2468.610486269567,-1.1034184617083076,10,10,11,197.3682271653729,0.6387378793147571,0.2413776311318543,0.11876881656216076,-161.78747466011947,100.65039082842945,3.3577891855021003,3.3417135530428737,0.016075632459226608,0,1.0811832531338639,nan
GT+smooth-jitter_controlled_forward3x6_SoftMS_local_prior_3frame_causal_heading_continuous_waypoint_RNN_polynomial_Kalman,1,controlled_gt_jitter,8.0,-152.58636699063757,100.8400452556576,5.584546705651498,1.2164795818294727,0,0,6,-158.62590573072785,99.44535262080818,-158.17091369628906,99.62356567382812,-1,-158.6259002685547,99.44535064697266,-158.62590573072785,99.44535262080818,0.0,0,0.0,0.0,1151,/yh/study/uav-sat/v36_GvsK/v36_training_data/routes/route_C/vi/vi_001151.jpg,-158.17091369628906,99.62356567382812,2472.2158761173728,-0.03803254638826417,10,3.364031843140431,3.364031843140431,1,3.364031843140431,-32.117062234627014,-0.06048606754383363,2471.9938267530806,-1.1287630812357667,-158.941617123468,98.8204372612029,1.1131033284611485,7.087658879341688,1,0.0,0,0,0.8457290889656917,1.0,2476.285400390625,3.9752347469329834,1,1,6,18,1,-33.59648258205264,-145.4147491455078,109.90486145019531,-146.74571228027344,106.72628784179688,1,-146.74571228027344,106.72628784179688,2478.0751953125,12.072017669677734,0.26719149947166443,0.6088295578956604,4.0,4.0,1,2474.076904296875,11.742266654968262,11.926394055135964,21.257431030273438,8.349395751953125,0.8457290889656917,2474.076904296875,11.742266654968262,2474.076904296875,1.6166899155576244,0.0,10.125576739410638,0.0,1,3.3834354105142057,3.383340483513659,-0.025344619527459145,3.2292566299438477,-0.025636648759245872,0.7970232367515564,0.04090937227010727,-1.272828803720325,0.0,-33.58560817384203,-33.58560817384203,1.468545939215019,3.626757860183716,-0.08576512336730957,0.050290688161516654,1.0,2471.9266051126774,-0.4318598302474955,10,10,11,194.05210832226248,0.6448076917810898,0.28927100469536526,0.13477521319658337,-158.62590573072785,99.44535262080818,3.3834354105142253,3.364031843140431,0.019403567373794228,0,0.4886487937869463,nan
GT+smooth-jitter_controlled_forward3x6_SoftMS_local_prior_3frame_causal_heading_continuous_waypoint_RNN_polynomial_Kalman,1,controlled_gt_jitter,8.0,-149.77096554530522,99.25073940081136,5.552337677351044,1.4146645717097868,0,0,6,-155.51291654864468,98.11490381609819,-155.32330322265625,97.83607482910156,-1,-155.51290893554688,98.11490631103516,-155.51291654864468,98.11490381609819,0.0,0,0.0,0.0,1152,/yh/study/uav-sat/v36_GvsK/v36_training_data/routes/route_C/vi/vi_001152.jpg,-155.32330322265625,97.83607482910156,2475.5780000222376,-0.02655309253143544,10,3.362143502220655,3.362143502220655,1,3.362143502220655,-32.117152522367675,-9.028774065967131e-05,2475.3118887274854,-0.45736506566617285,-155.7784918267429,97.614224627162,0.5063735551852837,6.823756666586865,1,0.0,0,0,0.844090567711629,1.0,2479.514404296875,4.136991500854492,1,1,6,18,1,-33.59267656585935,-140.68338012695312,109.87488555908203,-142.0638427734375,106.35177612304688,1,-142.0638427734375,106.35177612304688,2482.232177734375,14.258152961730957,0.2701706290245056,0.6594293713569641,4.0,4.0,1,2478.23388671875,13.943379402160645,14.220152884233114,21.187515258789062,8.332475662231445,0.844090567711629,2478.23388671875,13.943379402160645,2478.23388671875,2.2853843710580155,0.0,11.65799503110263,0.0,1,3.3853796935823954,3.385283614807816,-0.02550523541867733,3.2284293174743652,-0.025200145319104195,0.7928894758224487,0.04118448868393898,-1.2830400432511997,0.0,-33.59581941337291,-33.59581941337291,1.478666891005234,3.6238620281219482,-0.08577276021242142,0.06517207230842044,1.0,2475.26870422948,0.10774109931771658,10,10,11,190.71000920545976,0.6509250584505729,0.3092957927574389,0.1337141847462897,-155.51291654864468,98.11490381609819,3.3853796935825486,3.362143502220655,0.0232361913618937,0,0.3371925523821098,nan
GT+smooth-jitter_controlled_forward3x6_SoftMS_local_prior_3frame_causal_heading_continuous_waypoint_RNN_polynomial_Kalman,1,controlled_gt_jitter,8.0,-146.95952137375508,97.65844487860933,5.5127686653074175,1.6119894953085547,0,0,6,-152.38385443242885,96.80807180568033,-152.4722900390625,96.04645538330078,-1,-152.38385009765625,96.80807495117188,-152.38385443242885,96.80807180568033,0.0,0,0.0,0.0,1153,/yh/study/uav-sat/v36_GvsK/v36_training_data/routes/route_C/vi/vi_001153.jpg,-152.4722900390625,96.04645538330078,2478.9441375266047,-0.015053722656760563,10,3.3661571463337334,3.3661571463337334,1,3.3661571463337334,-32.117046784338946,0.00010573802873398151,2478.6596034678773,0.08240366401259802,-152.6606669457575,96.28091585718994,0.300761654457985,6.424220317299788,1,0.0,0,0,0.921347583267726,1.0,2482.741455078125,4.294107437133789,1,1,6,18,1,-33.59377654648084,-135.98255920410156,105.08675384521484,-136.85287475585938,102.87857055664062,1,-136.85287475585938,102.87857055664062,2488.49267578125,14.10827350616455,0.1297033280134201,0.8564931750297546,4.0,4.0,1,2484.494384765625,13.777780532836914,14.867666972789362,21.268383026123047,8.351634979248047,0.921347583267726,2484.494384765625,13.777780532836914,2483.4433093218636,2.952627176404346,1.0510754437614214,10.825153356432567,0.0,1,3.3909939001108773,3.3908992383969974,-0.02533743530511856,3.2315444946289062,-0.025560595095157623,0.7978609800338745,0.041028719395399094,-1.2726751244639996,0.0,-33.58545449458571,-33.58545449458571,1.468407710246768,3.629467248916626,-0.08567981421947479,0.15647949459930016,1.0,2478.611763126443,0.6758932286180229,10,10,11,187.36695030849705,0.6570441818983428,0.3323744001618252,0.13461265170482717,-152.38385443242885,96.80807180568033,3.3909939001109857,3.3661571463337334,0.024836753777252252,0,0.7667336117315334,nan
GT+smooth-jitter_controlled_forward3x6_SoftMS_local_prior_3frame_causal_heading_continuous_waypoint_RNN_polynomial_Kalman,1,controlled_gt_jitter,8.0,-144.35930425395932,96.15259075151432,5.465860540962542,1.8081693647955692,0,0,6,-149.37674248860225,95.62924571489665,-149.82516479492188,94.34442138671875,-1,-149.37673950195312,95.62924194335938,-149.37674248860225,95.62924571489665,0.0,0,0.0,0.0,1154,/yh/study/uav-sat/v36_GvsK/v36_training_data/routes/route_C/vi/vi_001154.jpg,-149.82516479492188,94.34442138671875,2482.091142639981,-0.038518591485584563,10,3.1470925921694084,3.1470925921694084,1,3.1470925921694084,-32.73998332693675,-0.6229365425978065,2481.841578132699,0.6504330561734409,-149.6678095890224,95.06008622117933,0.7327597260406444,6.151770478294508,1,0.0,0,0,0.9125830607450381,1.0,2485.744140625,4.411368370056152,1,1,6,18,1,-33.590863790964946,-135.98255920410156,105.08675384521484,-136.9309539794922,102.6987533569336,1,-136.9309539794922,102.6987533569336,2488.52294921875,13.914566040039062,0.1456388235092163,0.8343383073806763,4.0,4.0,1,2484.524658203125,13.592912673950195,13.846946101590884,21.247783660888672,8.346071243286133,0.9125830607450381,2484.524658203125,13.592912673950195,2484.524658203125,3.5061951064027546,0.0,10.086717567547442,0.0,1,3.229915354156827,3.2298150062561035,-0.025460172444581985,3.2333579063415527,-0.02549516037106514,0.7958415150642395,0.041086237877607346,-1.279198382008185,0.0,-33.59197775212989,-33.59197775212989,0.8519944251931468,3.630263090133667,-0.08601681143045425,0.08152304885356824,1.0,2481.783332339075,1.2870412667399318,10,10,11,184.19538109586483,0.6628494112207682,0.3078103009061124,0.08626531417214434,-149.37674248860225,95.62924571489665,3.2299153541566556,3.1470925921694084,0.08282276198724725,0,1.3608292027594127,nan
GT+smooth-jitter_controlled_forward3x6_SoftMS_local_prior_3frame_causal_heading_continuous_waypoint_RNN_polynomial_Kalman,1,controlled_gt_jitter,8.0,-141.50176068731778,94.47514853125442,5.411645684752522,2.0029195273481646,0,0,6,-146.20467188575302,94.1824909168869,-146.9134063720703,92.47222900390625,-1,-146.2046661376953,94.18248748779297,-146.20467188575302,94.1824909168869,0.0,0,0.0,0.0,1155,/yh/study/uav-sat/v36_GvsK/v36_training_data/routes/route_C/vi/vi_001155.jpg,-146.9134063720703,92.47222900390625,2485.552757144743,-0.06433431795140837,10,3.461710766558663,3.461710766558663,1,3.461710766558663,-32.740066911403176,-8.358446642897375e-05,2485.2696602287624,1.261561851308313,-146.44391795864848,93.74412724871904,1.3557818834514639,6.169116840796302,1,0.0,0,0,0.8559531891680137,1.0,2489.0556640625,4.5211639404296875,1,1,6,18,1,-33.59125364535617,-131.25120544433594,105.05677032470703,-132.58535766601562,102.08914184570312,1,-132.58535766601562,102.08914184570312,2492.521484375,15.722256660461426,0.2486022263765335,0.6559841632843018,4.0,4.0,1,2488.523193359375,15.390270233154297,15.73748052059972,21.290138244628906,8.356524467468262,0.8559531891680137,2488.523193359375,15.390270233154297,2488.523193359375,4.023884613435536,0.0,11.366385619718761,0.0,1,3.4864209950926575,3.4863278896873915,-0.02547941543161869,3.2316970825195312,-0.025746196508407593,0.7979084253311157,0.040895845741033554,-1.2595839997026124,0.0,-33.57236336982432,-33.57236336982432,0.8322964584211453,3.629657506942749,-0.08510638773441315,0.08165127155120974,1.0,2485.237533989427,1.759928477108672,10,10,11,180.7411794455129,0.6691719699801122,0.31522315531583445,0.23001368403913158,-146.20467188575302,94.1824909168869,3.486420995092893,3.461710766558663,0.024710228534229994,0,1.8512969462211335,nan
GT+smooth-jitter_controlled_forward3x6_SoftMS_local_prior_3frame_causal_heading_continuous_waypoint_RNN_polynomial_Kalman,1,controlled_gt_jitter,8.0,-138.65598129905118,92.79889194135737,5.350167992941017,2.1959561503417366,0,0,6,-142.93334139062412,92.9907021208295,-144.0061492919922,90.60293579101562,-1,-142.93333435058594,92.9906997680664,-142.93334139062412,92.9907021208295,0.0,0,0.0,0.0,1156,/yh/study/uav-sat/v36_GvsK/v36_training_data/routes/route_C/vi/vi_001156.jpg,-144.0061492919922,90.60293579101562,2489.0090176480403,-0.09010598398719193,10,3.456356585397887,3.456356585397887,1,3.456356585397887,-32.73999842033077,6.849107240933061e-05,2488.7191007406823,1.7343023318054227,-143.27594962996392,92.29979346609595,1.8473000611446968,5.793248753348016,1,0.0,0,0,0.9321668712383882,1.0,2492.35693359375,4.625673770904541,1,1,6,18,1,-33.5846420222396,-131.28175354003906,100.29861450195312,-132.43287658691406,98.26448822021484,1,-132.43287658691406,98.26448822021484,2494.694580078125,12.571385383605957,0.11003189533948898,0.8595221042633057,4.0,4.0,1,2490.6962890625,12.239187240600586,12.44420974766654,21.273059844970703,8.35352897644043,0.9321668712383882,2490.6962890625,12.239187240600586,2490.6962890625,4.622377669348763,0.0,7.616809571251822,0.0,1,3.481661060868539,3.4815667512551207,-0.02562614530324936,3.2259042263031006,-0.025648564100265503,0.7958343625068665,0.04082072898745537,-1.253225307028742,0.0,-33.56600467715045,-33.56600467715045,0.8260062568196843,3.62283992767334,-0.08449414372444153,0.0796171167651559,1.0,2488.639334658864,2.5013567933924516,10,10,11,177.33937877607605,0.6753986141651436,0.3696829891764537,0.23045235909478645,-142.93334139062412,92.9907021208295,3.481661060868536,3.456356585397887,0.025304475470648846,0,2.617698385802031,nan
GT+smooth-jitter_controlled_forward3x6_SoftMS_local_prior_3frame_causal_heading_continuous_waypoint_RNN_polynomial_Kalman,1,controlled_gt_jitter,8.0,-134.55649931461994,90.30618616079221,5.281482863114445,2.3869967076672034,0,0,6,-138.38852586237164,90.9375595680178,-139.83798217773438,87.919189453125,-1,-138.38851928710938,90.93756103515625,-138.38852586237164,90.9375595680178,0.0,0,0.0,0.0,1157,/yh/study/uav-sat/v36_GvsK/v36_training_data/routes/route_C/vi/vi_001157.jpg,-139.83798217773438,87.919189453125,2493.966285450715,-0.13019876496203356,10,4.957429928755588,4.957429928755588,1,4.957429928755588,-32.776159027291754,-0.03616060696098536,2493.626326256667,2.4757183173783144,-138.73232701332586,90.30328314907477,2.627998495747414,5.681900298471577,1,0.0,0,0,0.95,1.0,2497.154052734375,4.710322380065918,1,1,6,18,1,-33.57811897813883,-126.5503921508789,100.26863098144531,-127.31108856201172,98.59996032714844,1,-127.31108856201172,98.59996032714844,2498.843994140625,15.59271240234375,0.03640344738960266,0.9710685610771179,4.0,4.0,1,2494.845703125,15.26849365234375,15.423783699489414,21.225982666015625,8.342164993286133,0.95,2494.845703125,15.26849365234375,2494.845703125,5.393218317378314,0.0,9.875275334965437,0.0,1,4.987057501975733,4.9869915978032395,-0.025638476014137268,3.2242610454559326,-0.02539866790175438,0.7938229441642761,0.04095481336116791,-1.2545267782307468,0.0,-33.56730614835246,-33.56730614835246,0.7911471210607036,3.62019681930542,-0.08420157432556152,0.060516689124747745,1.0,2493.5778405996166,3.1955481223218225,10,10,11,172.4008728353233,0.6844380383662747,0.3884448510984839,1.7331688832996557,-138.38852586237164,90.9375595680178,4.987057501975592,4.957429928755588,0.029627573220003534,0,3.3483550828164748,nan
GT+smooth-jitter_controlled_forward3x6_SoftMS_local_prior_3frame_causal_heading_continuous_waypoint_RNN_polynomial_Kalman,1,controlled_gt_jitter,8.0,-130.46710285150732,87.81309567127636,5.205657158258298,2.5757604661982287,0,0,6,-133.78668140778407,89.0208370749822,-135.67276000976562,85.23733520507812,-1,-133.78668212890625,89.02083587646484,-133.78668140778407,89.0208370749822,0.0,0,0.0,0.0,1158,/yh/study/uav-sat/v36_GvsK/v36_training_data/routes/route_C/vi/vi_001158.jpg,-135.67276000976562,85.23733520507812,2498.920052954398,-0.17026665428866344,10,4.953929542929064,4.953929542929064,1,4.953929542929064,-32.77619855347351,-3.9526181757154473e-05,2498.562832767494,3.1700415402107023,-134.18913078585675,88.25132084242533,3.3593548630907826,5.124921394845013,1,0.0,0,0,0.95,1.0,2501.942626953125,4.789254665374756,1,1,6,18,1,-33.57433451973011,-121.84957885742188,95.4804916381836,-123.7118911743164,90.52840423583984,1,-123.7118911743164,90.52840423583984,2506.200439453125,10.695014953613281,0.022726276889443398,0.9840312600135803,4.0,17.320762634277344,1,2502.2021484375,10.37094497680664,11.040348428004238,21.248748779296875,21.667564392089844,0.95,2502.2021484375,10.37094497680664,2502.2021484375,6.087541540210702,0.0,4.283403436595939,0.0,1,4.98505742188881,4.9849921678772695,-0.025506582111120224,3.227597713470459,-0.02563902735710144,0.7951361536979675,0.04084034264087677,-1.2633583195492792,0.0,-33.57613768967099,-33.57613768967099,0.7999391361974789,3.62416934967041,-0.08514515310525894,0.19614687185852311,1.0,2498.491622020345,4.035518150853702,10,10,11,167.48709141459494,0.6934322068914278,0.42843093405326726,1.726331829458605,-133.78668140778407,89.0208370749822,4.985057421888633,4.953929542929064,0.03112787895956881,0,4.227549986980674,nan
GT+smooth-jitter_controlled_forward3x6_SoftMS_local_prior_3frame_causal_heading_continuous_waypoint_RNN_polynomial_Kalman,1,controlled_gt_jitter,8.0,-127.76407167093379,86.24333798998339,5.1227691493787075,2.7619689714287,0,0,6,-130.71645148367534,87.73786423775275,-132.8868408203125,83.48136901855469,-1,-130.71644592285156,87.73786163330078,-130.71645148367534,87.73786423775275,0.0,0,0.0,0.0,1159,/yh/study/uav-sat/v36_GvsK/v36_training_data/routes/route_C/vi/vi_001159.jpg,-132.8868408203125,83.48136901855469,2502.21318770709,-0.1651208803274127,10,3.293138773021389,3.293138773021389,1,3.293138773021389,-32.223250422024236,0.5529481314492785,2501.8190349464644,4.009938724416085,-130.98821614791876,87.22058062733633,4.193623624250231,5.076184270085971,1,0.0,0,0,0.95,1.0,2505.066162109375,4.907466411590576,1,1,6,18,1,-33.5749656718981,-117.11822509765625,95.45050811767578,-118.5822982788086,91.82424926757812,1,-118.5822982788086,91.82424926757812,2509.843017578125,14.53216552734375,0.04033155366778374,0.96170973777771,4.0,5.981029510498047,1,2505.844970703125,14.219837188720703,14.836336015962962,21.15206527709961,10.305212020874023,0.95,2505.844970703125,14.219837188720703,2505.844970703125,6.927438724416085,0.0,7.292398464304619,0.0,1,3.327511245354797,3.3274129261192926,-0.02557942643761635,3.222731351852417,-0.024995191022753716,0.7915078997612,0.04121161997318268,-1.2715397122361909,0.0,-33.5843190823579,-33.5843190823579,1.3610686603336692,3.6174967288970947,-0.08468513935804367,0.18732419277866197,1.0,2501.7722056207167,4.59238647364927,10,10,11,164.2065078142232,0.6994369757722999,0.44098208637342395,0.07040742116897203,-130.71645148367534,87.73786423775275,3.327511245354595,3.293138773021389,0.03437247233320617,0,4.777901361857966,nan
GT+smooth-jitter_controlled_forward3x6_SoftMS_local_prior_3frame_causal_heading_continuous_waypoint_RNN_polynomial_Kalman,1,controlled_gt_jitter,8.0,-125.07066822347548,84.67241257133603,5.032908436680774,2.9453465312969604,0,0,6,-127.55421129821077,86.70908382613047,-130.10357666015625,81.72706604003906,-1,-127.55421447753906,86.7090835571289,-127.55421129821077,86.70908382613047,0.0,0,0.0,0.0,1160,/yh/study/uav-sat/v36_GvsK/v36_training_data/routes/route_C/vi/vi_001160.jpg,-130.10357666015625,81.72706604003906,2505.5031895286943,-0.15998868003473551,10,3.290005824560052,3.290005824560052,1,3.290005824560052,-32.22340155399447,-0.00015113197023925833,2505.09748969195,4.567128375851638,-127.9196136465362,85.93901731857085,4.744494495474295,4.7938120148611,1,0.0,0,0,0.9328752426004958,1.0,2508.182373046875,5.01954460144043,1,1,6,18,1,-33.57823936022294,-117.11822509765625,95.45050811767578,-119.71592712402344,89.18080139160156,1,-119.71592712402344,89.18080139160156,2510.2978515625,11.69210433959961,0.07837966829538345,0.9258741140365601,4.0,23.916784286499023,1,2506.2998046875,11.376887321472168,11.564346223863426,21.19440460205078,28.250774383544922,0.9328752426004958,2506.2998046875,11.376887321472168,2506.2998046875,7.456372526142456,0.0,3.9205147953297117,0.0,1,3.3253799972188585,3.325284071233455,-0.025258097797632217,3.2263052463531494,-0.025473836809396744,0.7941585183143616,0.040947865694761276,-1.2685948334868575,0.0,-33.58137420360857,-33.58137420360857,1.3579726496140965,3.6223857402801514,-0.08521804958581924,0.09573372754463284,1.0,2504.994674776203,5.4132668960282455,10,10,11,160.98403865873706,0.7053353721741599,0.5085147524914646,0.06370057820690267,-127.55421129821077,86.70908382613047,3.325379997219069,3.290005824560052,0.03537417265901688,0,5.596406433562388,nan
GT+smooth-jitter_controlled_forward3x6_SoftMS_local_prior_3frame_causal_heading_continuous_waypoint_RNN_polynomial_Kalman,1,controlled_gt_jitter,8.0,-122.38277861841226,83.09754452533846,4.9361758493611845,3.1256206972134577,0,0,6,-125.11259117511449,84.44121138105731,-127.31895446777344,79.971923828125,-1,-125.11259460449219,84.44120788574219,-125.11259117511449,84.44121138105731,0.0,0,0.0,0.0,1161,/yh/study/uav-sat/v36_GvsK/v36_training_data/routes/route_C/vi/vi_001161.jpg,-127.31895446777344,79.971923828125,2508.794787685772,-0.15483982794168366,10,3.291602184097199,3.291602184097199,1,3.291602184097199,-32.22315504796045,0.0002465060340225316,2508.3269578183376,5.387890140284027,-124.75152175992427,84.9063953880995,5.562438339930686,4.298377623512213,1,0.0,0,0,0.8451348777876545,1.0,2511.2958984375,5.125343322753906,1,1,6,18,1,-33.57933656608008,-112.41741943359375,90.66236877441406,-117.4693603515625,77.93318939208984,1,-117.4693603515625,77.93318939208984,2518.208984375,3.3871493339538574,0.18466493487358093,0.8841805458068848,4.0,66.24252319335938,1,2514.2109375,3.0702998638153076,6.303665984291154,21.19605827331543,70.57687377929688,0.8451348777876545,2514.2109375,3.0702998638153076,2512.9010787322536,3.0702998638153076,1.3098587677463174,0.0,0.0,1,3.332379668139918,3.3322830421349576,-0.025376755744218826,3.2271251678466797,-0.025205597281455994,0.792715847492218,0.04112251102924347,-1.2712647971220978,0.0,-33.58404416724381,-33.58404416724381,1.3608891192833592,3.622488260269165,-0.08503357321023941,0.344547393794103,1.0,2508.270462525019,4.8017369479985454,10,10,11,157.70825090992093,0.7113313627449241,0.524325160753051,0.06447701625051927,-125.11259117511449,84.44121138105731,3.332379668139691,3.291602184097199,0.04077748404249215,0,4.984232158516351,nan
GT+smooth-jitter_controlled_forward3x6_SoftMS_local_prior_3frame_causal_heading_continuous_waypoint_RNN_polynomial_Kalman,1,controlled_gt_jitter,8.0,-119.6687891490247,81.52745255088035,4.83268332411983,3.302522741310046,0,0,6,-122.74833750888722,82.05773922853753,-124.50147247314453,78.22492980957031,-1,-122.74833679199219,82.0577392578125,-122.74833750888722,82.05773922853753,0.0,0,0.0,0.0,1162,/yh/study/uav-sat/v36_GvsK/v36_training_data/routes/route_C/vi/vi_001162.jpg,-124.50147247314453,78.22492980957031,2512.1098015201856,-0.12523968317191367,10,3.3151459833503467,3.3151459833503467,1,3.3151459833503467,-31.801192274985834,0.4219627729746154,2511.6275439493147,4.776454330340169,-122.28889314627627,82.62534675448335,4.925360551955824,4.015206906943348,1,0.0,0,0,0.8030562436798431,1.0,2514.4287109375,5.249129772186279,1,1,6,18,1,-33.58098424249564,-112.41741943359375,90.66236877441406,-117.96733093261719,76.69522857666016,1,-117.96733093261719,76.69522857666016,2518.44970703125,2.0747103691101074,0.28552746772766113,0.7982419729232788,4.0,45.484703063964844,1,2514.45166015625,1.7672274112701416,3.010935664350202,21.14531707763672,49.80708312988281,0.8030562436798431,2514.45166015625,1.7672274112701416,2514.45166015625,2.1014115282684274,0.0,-0.33418411699828576,0.0,1,3.357176626289798,3.3570814242956475,-0.025282617658376694,3.225820779800415,-0.025119908154010773,0.7916984558105469,0.04117777571082115,-1.2805369923638017,0.0,-33.59331636248551,-33.59331636248551,1.7921240874996784,3.620664119720459,-0.08546597510576248,0.21899325267983735,1.0,2511.542657350689,4.0511532265087915,10,10,11,154.43605608425105,0.7173207768415827,0.5671441694967143,0.08932520354993168,-122.74833750888722,82.05773922853753,3.3571766262897746,3.3151459833503467,0.04203064293942793,0,4.214725405649258,nan
GT+smooth-jitter_controlled_forward3x6_SoftMS_local_prior_3frame_causal_heading_continuous_waypoint_RNN_polynomial_Kalman,1,controlled_gt_jitter,8.0,-116.95744654263542,79.95124436672772,4.722553762540354,3.475788128934746,0,0,6,-120.17186588597949,79.8927838485603,-121.68000030517578,76.47545623779297,-1,-120.17186737060547,79.89278411865234,-120.17186588597949,79.8927838485603,0.0,0,0.0,0.0,1163,/yh/study/uav-sat/v36_GvsK/v36_training_data/routes/route_C/vi/vi_001163.jpg,-121.68000030517578,76.47545623779297,2515.429513042711,-0.09560220382302909,10,3.3198438175567317,3.3198438175567317,1,3.3198438175567317,-31.801271861903615,-7.958691778115074e-05,2514.907862118203,4.02596009963661,-119.91772625992185,80.23760797553079,4.154442863771192,4.228625480366418,1,0.0,0,0,0.6478394992950114,1.0,2517.562744140625,5.366332530975342,1,1,6,18,1,-33.58530049516427,-107.68606567382812,90.63238525390625,-115.84548950195312,74.00313568115234,1,-115.84548950195312,74.00313568115234,2521.68212890625,0.933718740940094,0.5947218537330627,0.3058208227157593,4.0,25.25272560119629,1,2517.68408203125,0.6158806085586548,2.364167742863672,21.189252853393555,29.586326599121094,0.6478394992950114,2517.68408203125,0.6158806085586548,2517.68408203125,1.6070249257998408,0.0,-0.991144317241186,0.0,1,3.365299068573287,3.3652047675139523,-0.025193126872181892,3.2216873168945312,-0.025247560814023018,0.7922933101654053,0.04100103676319122,-1.2714215713078907,0.0,-33.5842009414296,-33.5842009414296,1.7829290795259862,3.616837978363037,-0.08502080291509628,0.12718060220905733,1.0,2514.877400473593,3.5986865148208262,10,10,11,151.10131296134705,0.7234246791252639,0.5521125691179805,0.0981565006622005,-120.17186588597949,79.8927838485603,3.3652990685734236,3.3198438175567317,0.0454552510166919,0,3.735317580297196,nan
GT+smooth-jitter_controlled_forward3x6_SoftMS_local_prior_3frame_causal_heading_continuous_waypoint_RNN_polynomial_Kalman,1,controlled_gt_jitter,8.0,-114.25710098304795,78.37393200983355,4.60592086753799,3.645156985419491,0,0,6,-117.39131688469493,78.00860570910773,-118.86302185058594,74.72877502441406,-1,-117.39131927490234,78.00860595703125,-117.39131688469493,78.00860570910773,0.0,0,0.0,0.0,1164,/yh/study/uav-sat/v36_GvsK/v36_training_data/routes/route_C/vi/vi_001164.jpg,-118.86302185058594,74.72877502441406,2518.7439341068225,-0.0660068567926638,10,3.3145531938398864,3.3145531938398864,1,3.3145531938398864,-31.801183715658457,8.814624515923297e-05,2518.236112102584,3.5734634496531608,-117.34675826841931,78.07609814130691,3.6747281939607532,4.929646577796637,1,0.0,0,0,0.3964117156303302,1.0,2520.68798828125,5.476723670959473,1,1,6,18,1,-33.58491565669322,-122.06339263916016,62.17338943481445,-112.43536376953125,66.91978454589844,1,-112.43536376953125,66.91978454589844,2528.350341796875,-3.2298717498779297,0.6653509140014648,0.0278681218624115,4.0,4.0,1,2524.352294921875,-3.540117025375366,6.597207931789337,21.12602424621582,8.317883491516113,0.3964117156303302,2524.352294921875,-3.540117025375366,2521.576244320567,1.5693841188631157,2.7760506013078174,-5.109501144238482,0.0,1,3.3588063370394385,3.3587116289910686,-0.02522306516766548,3.219773054122925,-0.0245774257928133,0.7882918119430542,0.04143642634153366,-1.2734898379659352,0.0,-33.58626920808764,-33.58626920808764,1.7850854924291901,3.612940549850464,-0.08417674899101257,0.025715197447995674,1.0,2518.2345311795666,3.4926043167677916,10,10,11,147.7441822553733,0.7295695595636003,0.5094029272559055,0.09478013971696164,-117.39131688469493,78.00860570910773,3.3588063370393204,3.3145531938398864,0.044253143199433964,0,3.594885926825267,nan
GT+smooth-jitter_controlled_forward3x6_SoftMS_local_prior_3frame_causal_heading_continuous_waypoint_RNN_polynomial_Kalman,1,controlled_gt_jitter,8.0,-111.71688488365696,76.86139994678601,4.482928959116476,3.8103745561610047,0,0,6,-114.7356947144071,76.18473113089162,-116.19981384277344,73.051025390625,-1,-114.7356948852539,76.18473052978516,-114.7356947144071,76.18473113089162,0.0,0,0.0,0.0,1165,/yh/study/uav-sat/v36_GvsK/v36_training_data/routes/route_C/vi/vi_001165.jpg,-116.19981384277344,73.051025390625,2521.891550465078,-0.06035108099807772,10,3.147621439524766,3.147621439524766,1,3.147621439524766,-32.209827899144585,-0.40864418348613035,2521.456057087083,3.467736353721956,-114.68196095186612,76.26555148802584,3.5548636301983167,5.69319877769808,1,0.0,0,0,0.37665354776743803,1.0,2523.6435546875,5.556267738342285,1,1,6,18,1,-33.585389394345185,-122.06339263916016,62.17338943481445,-112.33601379394531,67.02345275878906,1,-112.33601379394531,67.02345275878906,2528.37890625,-3.0891506671905518,0.682575523853302,0.023754268884658813,4.0,4.0,1,2524.380859375,-3.406731367111206,4.17072174429127,21.18976593017578,8.333492279052734,0.37665354776743803,2524.380859375,-3.406731367111206,2524.380859375,1.496257999905683,0.0,-4.90298936701689,0.0,1,3.2216218878673404,3.2215259075164795,-0.024867963045835495,3.2252705097198486,-0.025109900161623955,0.7933788895606995,0.04119555652141571,-1.2732280496216533,0.0,-33.58600741974337,-33.58600741974337,1.376179520598778,3.6209652423858643,-0.08499165624380112,0.01918226999483598,1.0,2521.4538461773527,3.3707087326943714,10,10,11,144.52486725758718,0.7354621826061102,0.4377042877254098,0.07764907019508271,-114.7356947144071,76.18473113089162,3.2216218878675393,3.147621439524766,0.07400044834277342,0,3.458866358885258,nan
GT+smooth-jitter_controlled_forward3x6_SoftMS_local_prior_3frame_causal_heading_continuous_waypoint_RNN_polynomial_Kalman,1,controlled_gt_jitter,8.0,-108.91804915166288,75.17764307507757,4.353732769723838,3.971191659061939,0,0,6,-111.50550082627144,74.84836462832136,-113.27178192138672,71.20645141601562,-1,-111.50550079345703,74.8483657836914,-111.50550082627144,74.84836462832136,0.0,0,0.0,0.0,1166,/yh/study/uav-sat/v36_GvsK/v36_training_data/routes/route_C/vi/vi_001166.jpg,-113.27178192138672,71.20645141601562,2525.352155229364,-0.05412646335804291,10,3.4606103624166975,3.4606103624166975,1,3.4606103624166975,-32.2097211015457,0.00010679759887959201,2524.949472434937,3.34570770414172,-111.79475602002609,74.29504661223936,3.423598370052557,4.679672349012063,1,0.0,0,0,0.7641706648256001,1.0,2526.908935546875,5.629344940185547,1,1,6,18,1,-33.5856057192428,-98.25391387939453,85.81424713134766,-103.76543426513672,71.89118194580078,1,-103.76543426513672,71.89118194580078,2533.020263671875,5.606099605560303,0.37696439027786255,0.6673939824104309,4.0,29.713945388793945,1,2529.022216796875,5.2958598136901855,6.487812040582255,21.161108016967773,34.04001998901367,0.7641706648256001,2529.022216796875,5.2958598136901855,2529.022216796875,5.2958598136901855,0.0,0.0,0.0,1,3.4957156612260873,3.4956262575842763,-0.025001028552651405,3.222797393798828,-0.024926483631134033,0.7897673845291138,0.04124756529927254,-1.265367782547438,0.0,-33.578147152669146,-33.578147152669146,1.3684260511234423,3.616703748703003,-0.08419103920459747,0.23288480287469987,1.0,2524.898163238909,3.967959068493734,10,10,11,141.0805501960308,0.7417666486482946,0.45399199045505156,0.23781296861786938,-111.50550082627144,74.84836462832136,3.495715661226014,3.4606103624166975,0.035105298809316565,0,4.047626557987868,nan
GT+smooth-jitter_controlled_forward3x6_SoftMS_local_prior_3frame_causal_heading_continuous_waypoint_RNN_polynomial_Kalman,1,controlled_gt_jitter,8.0,-106.12732034637781,73.49053956687223,4.218497219540154,4.127365128395663,0,0,6,-108.70445555940003,72.75881471821677,-110.34581756591797,69.36317443847656,-1,-108.70445251464844,72.7588119506836,-108.70445555940003,72.75881471821677,0.0,0,0.0,0.0,1167,/yh/study/uav-sat/v36_GvsK/v36_training_data/routes/route_C/vi/vi_001167.jpg,-110.34581756591797,69.36317443847656,2528.8103193076186,-0.04791089667838464,10,3.4581696640562907,3.4581696640562907,1,3.4581696640562907,-32.20979832397141,-7.722242570421937e-05,2528.3926518153376,3.942999038623462,-108.56550171926244,72.95932289647254,4.012705850894088,5.170795460668672,1,0.0,0,0,0.6623093353546039,1.0,2530.169189453125,5.695260524749756,1,1,6,18,1,-33.58299519959768,-112.6312484741211,57.355262756347656,-107.60298919677734,60.70623779296875,1,-107.60298919677734,60.70623779296875,2535.755859375,-5.8981032371521,0.6006819605827332,0.12932252883911133,4.0,4.0,1,2531.7578125,-6.213879108428955,6.834243199320014,21.207740783691406,8.337240219116211,0.6623093353546039,2531.7578125,-6.213879108428955,2531.7578125,1.5001886352883655,0.0,-7.714067743717321,0.0,1,3.49457771610258,3.494488576428545,-0.024960029870271683,3.229485511779785,-0.025431198999285698,0.795056164264679,0.041053541004657745,-1.2775367250491678,0.0,-33.59031609517088,-33.59031609517088,1.3805177711994678,3.626002788543701,-0.08576884120702744,0.06475591999236417,1.0,2528.3823958166113,3.699264523778831,10,10,11,137.5963176183286,0.748144175913241,0.42792349100727733,0.22868415227650551,-108.70445555940003,72.75881471821677,3.494577716102599,3.4581696640562907,0.03640805204630837,0,3.7715304779140704,nan
GT+smooth-jitter_controlled_forward3x6_SoftMS_local_prior_3frame_causal_heading_continuous_waypoint_RNN_polynomial_Kalman,1,controlled_gt_jitter,8.0,-103.4267761067329,71.82414469936711,4.077397172075687,4.2786582491718,0,0,6,-106.07128585592159,70.5959247049886,-107.5041732788086,67.54548645019531,-1,-106.0712890625,70.5959243774414,-106.07128585592159,70.5959247049886,0.0,0,0.0,0.0,1168,/yh/study/uav-sat/v36_GvsK/v36_training_data/routes/route_C/vi/vi_001168.jpg,-107.5041732788086,67.54548645019531,2532.1835425411573,-0.06514150662309422,10,3.3732672407034823,3.3732672407034823,1,3.3732672407034823,-32.60544682009806,-0.3956484961266457,2531.789893416022,3.6740453515395273,-105.83811475760493,70.91605420621215,3.7598507941108172,5.376046111975986,1,0.0,0,0,0.6163954662120715,1.0,2533.34228515625,5.730470180511475,1,1,6,18,1,-33.58555748103179,-112.6312484741211,57.355262756347656,-101.8274154663086,62.90412521362305,1,-101.8274154663086,62.90412521362305,2539.462158203125,-0.9532946944236755,0.6841617226600647,0.23916970193386078,4.0,4.0,1,2535.4638671875,-1.271259069442749,3.4950320972410793,21.206342697143555,8.337276458740234,0.6163954662120715,2535.4638671875,-1.271259069442749,2535.4638671875,1.3069928322896094,0.0,-2.578251901732359,0.0,1,3.4075909227252295,3.407497599410885,-0.02521917223930359,3.225252866744995,-0.02527104876935482,0.792911171913147,0.04104997217655182,-1.2668409689740452,0.0,-33.579620339095754,-33.579620339095754,0.9741735189976994,3.620718240737915,-0.0848163291811943,0.10978991870726074,1.0,2531.763952881467,3.278850782610718,10,10,11,134.21476055347284,0.754333766274431,0.41958965969024575,0.14801437395848716,-106.07128585592159,70.5959247049886,3.4075909227251566,3.3732672407034823,0.03432368202167435,0,3.370213630168585,nan
GT+smooth-jitter_controlled_forward3x6_SoftMS_local_prior_3frame_causal_heading_continuous_waypoint_RNN_polynomial_Kalman,1,controlled_gt_jitter,8.0,-100.7330867479558,70.15338732367596,3.9306171705012365,4.4248411810978325,0,0,6,-103.53584285773319,68.3223425336549,-104.66370391845703,65.72854614257812,-1,-103.53584289550781,68.32234191894531,-103.53584285773319,68.3223425336549,0.0,0,0.0,0.0,1169,/yh/study/uav-sat/v36_GvsK/v36_training_data/routes/route_C/vi/vi_001169.jpg,-104.66370391845703,65.72854614257812,2535.555373128138,-0.08236826613110225,10,3.3718745926472495,3.3718745926472495,1,3.3718745926472495,-32.60550226986241,-5.544976435694764e-05,2535.169391126436,3.2536030783730183,-103.20670075387288,68.75424088848062,3.358226751872216,5.501203150220888,1,0.0,0,0,0.6427503125703707,1.0,2536.511962890625,5.758328914642334,1,1,6,18,1,-33.583479502698516,-112.6312484741211,57.355262756347656,-102.48285675048828,62.43340301513672,1,-102.48285675048828,62.43340301513672,2539.159912109375,-1.7014822959899902,0.6362438201904297,0.21963025629520416,4.0,4.0,1,2535.161865234375,-2.0109078884124756,1.968276793838424,21.135013580322266,8.319925308227539,0.6427503125703707,2535.161865234375,-2.0109078884124756,2535.161865234375,0.8430650626319061,0.0,-2.8539729510443816,0.0,1,3.405531836126008,3.405438244969141,-0.02524770423769951,3.2221643924713135,-0.024876713752746582,0.7900219559669495,0.04126659408211708,-1.275705914186487,0.0,-33.5884852843082,-33.5884852843082,0.9829830144457843,3.6161844730377197,-0.08477309346199036,0.03396052670428798,1.0,2535.122086423626,2.7126474623315318,10,10,11,130.85662701131378,0.7604804823006541,0.43328670451182916,0.14971020017593606,-103.53584285773319,68.3223425336549,3.405531836126195,3.3718745926472495,0.033657243478945276,0,2.828400659500001,nan
GT+smooth-jitter_controlled_forward3x6_SoftMS_local_prior_3frame_causal_heading_continuous_waypoint_RNN_polynomial_Kalman,1,controlled_gt_jitter,8.0,-98.04004636679699,68.47421111612418,3.7783511551756743,4.5656913712511304,0,0,6,-100.74846447472748,66.35390485311386,-101.81839752197266,63.90851974487305,-1,-100.74846649169922,66.3539047241211,-100.74846447472748,66.35390485311386,0.0,0,0.0,0.0,1170,/yh/study/uav-sat/v36_GvsK/v36_training_data/routes/route_C/vi/vi_001170.jpg,-101.81839752197266,63.90851974487305,2538.932941341818,-0.0996176184509992,10,3.3776122598987324,3.3776122598987324,1,3.3776122598987324,-32.60538826283167,0.0001140070307488243,2538.5343580961885,2.68760380341935,-100.6653734641574,66.47717841825272,2.815576647550087,6.125120791910769,1,0.0,0,0,0.37942879516247663,1.0,2539.685546875,5.778726100921631,1,1,6,18,1,-33.58523155294233,-107.93045806884766,52.567115783691406,-98.01587677001953,58.89549255371094,1,-98.01587677001953,58.89549255371094,2544.826171875,-2.3037378787994385,0.7455912828445435,0.038727834820747375,4.0,4.0,1,2540.828125,-2.6069135665893555,3.14296898963246,21.090946197509766,8.309545516967773,0.37942879516247663,2540.828125,-2.6069135665893555,2540.828125,0.7115462914012634,0.0,-3.318459857990619,0.0,1,3.4123635726900674,3.4122716725621967,-0.025043658912181854,3.2174692153930664,-0.024581145495176315,0.7873265743255615,0.041381482034921646,-1.2588638416319993,0.0,-33.57164321175371,-33.57164321175371,0.9662549489220453,3.610175848007202,-0.08322442322969437,0.018116788352415696,1.0,2538.530029099206,2.5390045178062253,10,10,11,127.44868433573401,0.7667183687924961,0.402912242612274,0.16014304450566597,-100.74846447472748,66.35390485311386,3.4123635726899453,3.3776122598987324,0.03475131279121291,0,2.6692068209850794,nan
GT+smooth-jitter_controlled_forward3x6_SoftMS_local_prior_3frame_causal_heading_continuous_waypoint_RNN_polynomial_Kalman,1,controlled_gt_jitter,8.0,-95.30377364278777,66.75445312207928,3.620802162876294,4.700993954598818,0,0,6,-98.19134563431139,64.00873790230776,-98.92457580566406,62.05345916748047,-1,-98.19134521484375,64.00873565673828,-98.19134563431139,64.00873790230776,0.0,0,0.0,0.0,1171,/yh/study/uav-sat/v36_GvsK/v36_training_data/routes/route_C/vi/vi_001171.jpg,-98.92457580566406,62.05345916748047,2542.3702391211646,-0.12054242847415225,10,3.4373614694377577,3.4373614694377577,1,3.4373614694377577,-32.661567449842494,-0.05617918701082868,2541.9996184528454,2.514215240342074,-97.8294174881909,64.47831708349132,2.6606968360132908,5.695987779121306,1,0.0,0,0,0.5870021032131091,1.0,2542.91748046875,5.78793478012085,1,1,6,18,1,-33.58047560684589,-98.4677734375,52.50714111328125,-93.0273666381836,58.3263053894043,1,-93.0273666381836,58.3263053894043,2549.346435546875,-0.11821968108415604,0.7376042008399963,0.20819182693958282,4.0,4.0,1,2545.348388671875,-0.4285721480846405,2.994036916031669,21.192058563232422,8.33270263671875,0.5870021032131091,2545.348388671875,-0.4285721480846405,2545.348388671875,0.19566177004044372,0.0,-0.6242339181250842,0.0,1,3.4696779088505156,3.469589353639432,-0.024789277464151382,3.230534553527832,-0.025343917310237885,0.793278157711029,0.04110674932599068,-1.2784701130879323,0.0,-33.591249483209644,-33.591249483209644,0.9296820333671498,3.626163959503174,-0.08571762591600418,0.11678596092535361,1.0,2541.944746809598,1.923888472252879,10,10,11,124.03396662534169,0.7729686562846372,0.4254923115663587,0.20682691590992563,-98.19134563431139,64.00873790230776,3.4696779088503513,3.4373614694377577,0.032316439412593656,0,2.0882388309409614,nan
GT+smooth-jitter_controlled_forward3x6_SoftMS_local_prior_3frame_causal_heading_continuous_waypoint_RNN_polynomial_Kalman,1,controlled_gt_jitter,8.0,-92.83236822365258,65.19548659953216,3.4581820082810175,4.830542141524348,0,0,6,-95.9651600376744,61.673905493293844,-96.2905502319336,60.36494445800781,-1,-95.96515655517578,61.67390441894531,-95.9651600376744,61.673905493293844,0.0,0,0.0,0.0,1172,/yh/study/uav-sat/v36_GvsK/v36_training_data/routes/route_C/vi/vi_001172.jpg,-96.2905502319336,60.36494445800781,2545.4989465332233,-0.13958388060435553,10,3.12876535508364,3.12876535508364,1,3.12876535508364,-32.6614797212086,8.772863389586359e-05,2545.170690851804,1.8987941419420575,-95.47837675006909,62.26313069506159,2.0646396187190383,5.332019393882691,1,0.0,0,0,0.5969084994829074,1.0,2545.839599609375,5.791452884674072,1,1,6,18,1,-33.584246511597975,-98.4677734375,52.50714111328125,-93.33757781982422,57.985591888427734,1,-93.33757781982422,57.985591888427734,2549.2666015625,-0.5719917416572571,0.7195925712585449,0.2501961290836334,4.0,4.0,1,2545.2685546875,-0.8830361366271973,0.7783326149926446,21.123706817626953,8.318639755249023,0.5969084994829074,2545.2685546875,-0.8830361366271973,2545.2685546875,-0.43610488220473953,0.0,-0.44693125442245796,0.0,1,3.2260416440053765,3.2259440422058105,-0.025094330310821533,3.2170650959014893,-0.024709029123187065,0.7895009517669678,0.041264936327934265,-1.263055123183154,0.0,-33.57583449330487,-33.57583449330487,0.9143547720962676,3.6108481884002686,-0.08368968218564987,0.043207429849006954,1.0,2545.074254493365,1.1406092461144377,10,10,11,120.90445894157483,0.7786968963300376,0.4246920398582006,0.08829974081784941,-95.9651600376744,61.673905493293844,3.2260416440051927,3.12876535508364,0.09727628892155282,0,1.3487986396853757,nan
GT+smooth-jitter_controlled_forward3x6_SoftMS_local_prior_3frame_causal_heading_continuous_waypoint_RNN_polynomial_Kalman,1,controlled_gt_jitter,8.0,-90.12281749409529,63.47479417724164,3.290710948287529,4.954137591548282,0,0,6,-93.10384221829014,59.74375884690161,-93.41352844238281,58.52065658569336,-1,-93.10384368896484,59.74375915527344,-93.10384221829014,59.74375884690161,0.0,0,0.0,0.0,1173,/yh/study/uav-sat/v36_GvsK/v36_training_data/routes/route_C/vi/vi_001173.jpg,-93.41352844238281,58.52065658569336,2548.916287527209,-0.16038446571692247,10,3.4174042976382166,3.4174042976382166,1,3.4174042976382166,-32.661521571350654,-4.1850142053836055e-05,2548.5256290898997,1.1157268326675345,-93.06155690383532,59.80797554250167,1.3345688669025404,5.729731290601989,1,0.0,0,0,0.35626747626427563,1.0,2549.04931640625,5.785587787628174,1,1,6,18,1,-33.58130227317887,-93.73643493652344,52.477149963378906,-86.41924285888672,55.15751266479492,1,-86.41924285888672,55.15751266479492,2556.625244140625,0.736010730266571,0.7839295268058777,0.03789772093296051,4.0,4.0,1,2552.627197265625,0.4306693375110626,3.7576848836724115,21.119922637939453,8.317084312438965,0.35626747626427563,2552.627197265625,0.4306693375110626,2551.7553646496262,0.4306693375110626,0.8718326159985752,0.0,0.0,1,3.451464289269682,3.4513745965346807,-0.02488241344690323,3.2202203273773193,-0.02481093443930149,0.7892453670501709,0.04126322269439697,-1.2693787044158222,0.0,-33.582158074537524,-33.582158074537524,0.9206365031868752,3.613863229751587,-0.08425800502300262,0.037860482879133836,1.0,2548.5242184160848,1.0388513371457324,10,10,11,117.45449501885514,0.7850116983673736,0.39206911112432863,0.1971839702608973,-93.10384221829014,59.74375884690161,3.4514642892698513,3.4174042976382166,0.034059991631634645,0,1.2616991316338142,nan
GT+smooth-jitter_controlled_forward3x6_SoftMS_local_prior_3frame_causal_heading_continuous_waypoint_RNN_polynomial_Kalman,1,controlled_gt_jitter,8.0,-87.58258506278159,61.87450825292436,3.118617329796541,5.071590772455605,0,0,6,-90.38624023396909,57.97599790953104,-90.70120239257812,56.80291748046875,-1,-90.38623809814453,57.97599792480469,-90.38624023396909,57.97599790953104,0.0,0,0.0,0.0,1174,/yh/study/uav-sat/v36_GvsK/v36_training_data/routes/route_C/vi/vi_001174.jpg,-90.70120239257812,56.80291748046875,2552.126791643266,-0.16226989629260305,10,3.2105046696846498,3.2105046696846498,1,3.2105046696846498,-32.346427419844815,0.31509415150583897,2551.766088570369,1.0140082366873489,-90.37727920519123,57.98985080698603,1.2303401777249474,6.115622510547827,1,0.0,0,0,0.3080860184467212,1.0,2552.051513671875,5.790976047515869,1,1,6,18,1,-33.581601841007,-79.51184844970703,57.14532470703125,-86.1573486328125,55.534664154052734,1,-86.1573486328125,55.534664154052734,2556.64501953125,1.1947506666183472,0.7962517142295837,0.021336019039154053,4.0,4.0,1,2552.64697265625,0.8858051300048828,1.1700639072364922,21.165124893188477,8.32748794555664,0.3080860184467212,2552.64697265625,0.8858051300048828,2552.64697265625,0.8858051300048828,0.0,0.0,0.0,1,3.2419653417148524,3.241870154284393,-0.02484310045838356,3.2274515628814697,-0.025332707911729813,0.7938796877861023,0.04106154292821884,-1.2836223168779433,0.0,-33.596401686999656,-33.596401686999656,1.2499742671548417,3.6233742237091064,-0.08599275350570679,0.0025813165616397206,1.0,2551.765920162737,0.9975105264363846,10,10,11,114.21279327220282,0.7909452980376155,0.3608714805291129,0.016946893196819968,-90.38624023396909,57.97599790953104,3.241965341714652,3.2105046696846498,0.03146067203000236,0,1.2146270433366062,nan
GT+smooth-jitter_controlled_forward3x6_SoftMS_local_prior_3frame_causal_heading_continuous_waypoint_RNN_polynomial_Kalman,1,controlled_gt_jitter,8.0,-84.78996421880908,60.10528294958127,2.9421372216206088,5.182721304073458,0,0,6,-87.30197702832177,56.23157690917744,-87.73210144042969,54.92256164550781,-1,-87.3019790649414,56.23157501220703,-87.30197702832177,56.23157690917744,0.0,0,0.0,0.0,1175,/yh/study/uav-sat/v36_GvsK/v36_training_data/routes/route_C/vi/vi_001175.jpg,-87.73210144042969,54.92256164550781,2555.641232462772,-0.16433297895501314,10,3.514441425051839,3.514441425051839,1,3.514441425051839,-32.34641371533745,1.3704507365786685e-05,2555.3092312577874,0.9723981415061316,-87.40506057521657,56.060729784587814,1.1842222934635962,6.471392714775655,1,0.0,0,0,0.30187379289034755,1.0,2555.357421875,5.788498401641846,1,1,6,18,1,-33.58678179244051,-79.51184844970703,57.14532470703125,-82.11572265625,54.70636749267578,1,-82.11572265625,54.70636749267578,2560.50341796875,2.6551361083984375,0.755366325378418,0.009856343269348145,4.0,4.0,1,2556.50537109375,2.347944974899292,2.6567416304508575,21.166728973388672,8.327679634094238,0.30187379289034755,2556.50537109375,2.347944974899292,2556.50537109375,2.347944974899292,0.0,0.0,0.0,1,3.5434000829972456,3.543311095050504,-0.02511238493025303,3.2273285388946533,-0.025495078414678574,0.7930309176445007,0.04092145338654518,-1.2874626974604888,0.0,-33.6002420675822,-33.6002420675822,1.253828352244753,3.6228160858154297,-0.08645568042993546,0.010269732707335912,1.0,2555.30502678786,1.1718906978925274,10,10,11,110.6736866470801,0.7974232665692563,0.3362056749124349,0.2871128861571859,-87.30197702832177,56.23157690917744,3.543400082997193,3.514441425051839,0.028958657945353572,0,1.3778708104939474,nan
GT+smooth-jitter_controlled_forward3x6_SoftMS_local_prior_3frame_causal_heading_continuous_waypoint_RNN_polynomial_Kalman,1,controlled_gt_jitter,8.0,-82.26756922073604,58.49807453353205,2.7615140312170903,5.287358285973451,0,0,6,-85.02386905923255,53.9467530192872,-85.02908325195312,53.210716247558594,-1,-85.02387237548828,53.946754455566406,-85.02386905923255,53.9467530192872,0.0,0,0.0,0.0,1176,/yh/study/uav-sat/v36_GvsK/v36_training_data/routes/route_C/vi/vi_001176.jpg,-85.02908325195312,53.210716247558594,2558.840719681049,-0.16621281851482458,10,3.1994877705212494,3.1994877705212494,1,3.1994877705212494,-32.34644315847161,-2.94431341589101e-05,2558.5314109681945,1.1465678321977661,-84.58875832608588,54.485541285119886,1.3487271468807713,6.121586430611211,1,0.0,0,0,0.5760945605075732,1.0,2558.348388671875,5.778501033782959,1,1,6,18,1,-33.59149291542053,-93.79753875732422,42.96083068847656,-82.70050048828125,49.399375915527344,1,-82.70050048828125,49.399375915527344,2562.845947265625,-2.1426162719726562,0.7574360966682434,0.2068326622247696,4.0,4.0,1,2558.847900390625,-2.4484119415283203,2.282210419675122,21.106721878051758,8.31367015838623,0.5760945605075732,2558.847900390625,-2.4484119415283203,2558.847900390625,-1.1539881926397297,0.0,-1.2944237488885904,0.0,1,3.2264835543732313,3.226384180334686,-0.025322865694761276,3.2183873653411865,-0.024966606870293617,0.7893208265304565,0.04110105708241463,-1.2673232443624716,0.0,-33.58010261448418,-33.58010261448418,1.2336594560125769,3.6120662689208984,-0.08432535827159882,0.03129774077270438,1.0,2558.451684684919,0.4586304329719433,10,10,11,107.52702875002069,0.8031828983057777,0.3890349961297943,0.018899594819937082,-85.02386905923255,53.9467530192872,3.2264835543732406,3.1994877705212494,0.026995783851991195,0,0.7360552405508681,nan
GT+smooth-jitter_controlled_forward3x6_SoftMS_local_prior_3frame_causal_heading_continuous_waypoint_RNN_polynomial_Kalman,1,controlled_gt_jitter,8.0,-79.71336139009306,56.89119998340595,2.5769981069772565,5.385340608405946,0,0,6,-82.31293504063821,52.14111094007773,-82.29035949707031,51.505859375,-1,-82.31293487548828,52.141109466552734,-82.31293504063821,52.14111094007773,0.0,0,0.0,0.0,1177,/yh/study/uav-sat/v36_GvsK/v36_training_data/routes/route_C/vi/vi_001177.jpg,-82.29035949707031,51.505859375,2562.066647543186,-0.1431002729979948,10,3.2260106573707534,3.2260106573707534,1,3.2260106573707534,-31.902283937339046,0.44415922113256084,2561.7088115183615,0.4335035100963005,-82.28456369087866,52.18444979047264,0.6786151658640873,6.389163039055957,1,0.0,0,0,0.3202011065519229,1.0,2561.365966796875,5.785791397094727,1,1,6,18,1,-33.587506326101064,-70.1408462524414,42.810855865478516,-77.34569549560547,49.001976013183594,1,-77.34569549560547,49.001976013183594,2567.583984375,0.3838861286640167,0.7722617983818054,0.02090427279472351,4.0,4.0,1,2563.5859375,0.07784867286682129,1.5352720962602302,21.119626998901367,8.31677532196045,0.3202011065519229,2563.5859375,0.07784867286682129,2563.5859375,0.07784867286682129,0.0,0.0,0.0,1,3.2572237521214067,3.2571268334424217,-0.025126922875642776,3.2250614166259766,-0.024996662512421608,0.7906880974769592,0.041231293231248856,-1.2806739163123193,0.0,-33.59345328643403,-33.59345328643403,1.6911693490949855,3.619403123855591,-0.0852963998913765,0.012463895410484128,1.0,2561.7080000678143,0.38171035428648825,10,10,11,104.27071336712561,0.8091432467252778,0.3586474753715265,0.0009492407447768691,-82.31293504063821,52.14111094007773,3.257223752121425,3.2260106573707534,0.031213094750671466,0,0.6356525828635421,nan
GT+smooth-jitter_controlled_forward3x6_SoftMS_local_prior_3frame_causal_heading_continuous_waypoint_RNN_polynomial_Kalman,1,controlled_gt_jitter,8.0,-76.8996515979679,55.11371283296634,2.3888463268367883,5.476517245808143,0,0,6,-79.03410913421119,50.74229580345649,-79.28849792480469,49.6371955871582,-1,-79.03411102294922,50.74229431152344,-79.03410913421119,50.74229580345649,0.0,0,0.0,0.0,1178,/yh/study/uav-sat/v36_GvsK/v36_training_data/routes/route_C/vi/vi_001178.jpg,-79.28849792480469,49.6371955871582,2565.6025258823283,-0.11777001800082092,10,3.5359690681673537,3.5359690681673537,1,3.5359690681673537,-31.902332024420563,-4.8087081518776805e-05,2565.2726536756895,0.3566550761938655,-79.31368738854603,50.214482633289414,0.5778363459617916,5.269796762933864,1,0.0,0,0,0.6563347475564852,1.0,2564.694091796875,5.787604331970215,1,1,6,18,1,-33.58958771952892,-65.40950775146484,42.780853271484375,-71.58747100830078,47.91604995727539,1,-71.58747100830078,47.91604995727539,2573.031005859375,2.5441300868988037,0.6115448474884033,0.37967944145202637,4.0,4.0,1,2569.032958984375,2.2325005531311035,4.158322140616999,21.125112533569336,8.319177627563477,0.6563347475564852,2569.032958984375,2.2325005531311035,2569.032958984375,2.2325005531311035,0.0,0.0,0.0,1,3.564741661200317,3.56465360787509,-0.025055278092622757,3.2187469005584717,-0.024964584037661552,0.7906061410903931,0.04111143574118614,-1.2628820205763764,0.0,-33.57566139069809,-33.57566139069809,1.673329366277524,3.613074779510498,-0.08406024426221848,0.15877045812638688,1.0,2565.226799468037,0.9521784884450356,10,10,11,100.75191396690298,0.8155840449826652,0.37572641429142095,0.317222167608882,-79.03410913421119,50.74229580345649,3.564741661200379,3.5359690681673537,0.028772593033025373,0,1.1340018275303385,nan
GT+smooth-jitter_controlled_forward3x6_SoftMS_local_prior_3frame_causal_heading_continuous_waypoint_RNN_polynomial_Kalman,1,controlled_gt_jitter,8.0,-74.35540507160347,53.49492111624914,2.1973216740020014,5.560747532264765,0,0,6,-76.43933640316305,48.78089459578432,-76.55272674560547,47.934173583984375,-1,-76.43933868408203,48.7808952331543,-76.43933640316305,48.78089459578432,0.0,0,0.0,0.0,1179,/yh/study/uav-sat/v36_GvsK/v36_training_data/routes/route_C/vi/vi_001179.jpg,-76.55272674560547,47.934173583984375,2568.824977584221,-0.0946850185081025,10,3.2225343889912614,3.2225343889912614,1,3.2225343889912614,-31.90233088632465,1.1380959160852972e-06,2568.4793853552037,0.9271730919895093,-76.29857655229358,48.9825226031504,1.0787158971419846,5.628550584780468,1,0.0,0,0,0.4575461896098033,1.0,2567.70947265625,5.779498100280762,1,1,6,18,1,-33.58471352578247,-84.36542510986328,38.1426887512207,-72.83633422851562,42.11366653442383,1,-72.83633422851562,42.11366653442383,2575.0771484375,-3.02728009223938,0.6799118518829346,0.055525317788124084,4.0,4.0,1,2571.079345703125,-3.324867010116577,3.9390673152972018,21.00170135498047,8.290084838867188,0.4575461896098033,2571.079345703125,-3.324867010116577,2571.079345703125,-1.1777781208666664,0.0,-2.1470888892499107,0.0,1,3.252682004630607,3.252585887166684,-0.025005396455526352,3.2142882347106934,-0.024330375716090202,0.7869225740432739,0.04147978872060776,-1.2910198386358902,0.0,-33.6037992087576,-33.6037992087576,1.7014683224329539,3.606752872467041,-0.0848744735121727,0.04030974662443096,1.0,2568.4682016142406,0.6815267752874301,10,10,11,97.51051182069932,0.8215170962652816,0.3567759699803901,0.008246154280568074,-76.43933640316305,48.78089459578432,3.252682004630776,3.2225343889912614,0.030147615639514402,0,0.8542797209244329,nan
GT+smooth-jitter_controlled_forward3x6_SoftMS_local_prior_3frame_causal_heading_continuous_waypoint_RNN_polynomial_Kalman,1,controlled_gt_jitter,8.0,-71.80520667447989,51.841781728395006,2.0026928006177704,5.637901418336412,0,0,6,-73.63852667307057,47.086758774089425,-73.80789947509766,46.203880310058594,-1,-73.6385269165039,47.08675765991211,-73.63852667307057,47.086758774089425,0.0,0,0.0,0.0,1180,/yh/study/uav-sat/v36_GvsK/v36_training_data/routes/route_C/vi/vi_001180.jpg,-73.80789947509766,46.203880310058594,2572.0696605835906,-0.08980728159642808,10,3.244686665722311,3.244686665722311,1,3.244686665722311,-32.22664660210082,-0.3243157157761725,2571.741430064253,0.6568926412630485,-73.68615945646879,47.01040087178482,0.8156568203741945,5.134892877041914,1,0.0,0,0,0.5921063572349061,1.0,2570.74853515625,5.745544910430908,1,1,6,18,1,-33.59139355751245,-70.1714096069336,38.052696228027344,-67.39727783203125,43.75253677368164,1,-67.39727783203125,43.75253677368164,2578.7978515625,1.2651970386505127,0.7265522480010986,0.24229738116264343,4.0,5.096306800842285,1,2574.800048828125,0.9626893997192383,2.9262209810730413,21.038494110107422,9.39476203918457,0.5921063572349061,2574.800048828125,0.9626893997192383,2574.800048828125,0.9626893997192383,0.0,0.0,0.0,1,3.2733211462565874,3.273228450012527,-0.024634134024381638,3.2141857147216797,-0.02440795674920082,0.7870662808418274,0.04142618179321289,-1.2732655089403826,0.0,-33.586044879062094,-33.586044879062094,1.3593982769612738,3.606745958328247,-0.08386052399873734,0.0835112481021767,1.0,2571.7408701408954,0.7468876288149093,10,10,11,94.23784329404452,0.8275073774225853,0.3287904426952082,0.030500951000631105,-73.63852667307057,47.086758774089425,3.2733211462565888,3.244686665722311,0.028634480534277973,0,0.8989780466262487,nan
GT+smooth-jitter_controlled_forward3x6_SoftMS_local_prior_3frame_causal_heading_continuous_waypoint_RNN_polynomial_Kalman,1,controlled_gt_jitter,8.0,-69.26663531625614,50.187004758759755,1.8052335802282313,5.707859708710926,0,0,6,-71.28101220744215,45.419902579045726,-71.07186889648438,44.47914505004883,-1,-71.28101348876953,45.41990280151367,-71.28101220744215,45.419902579045726,0.0,0,0.0,0.0,1181,/yh/study/uav-sat/v36_GvsK/v36_training_data/routes/route_C/vi/vi_001181.jpg,-71.07186889648438,44.47914505004883,2575.303938138078,-0.08493442148595613,10,3.2342812252845112,3.2342812252845112,1,3.2342812252845112,-32.22645588596358,0.000190716137235866,2575.001454307932,0.7223778915468191,-70.89596945378439,45.32312906905163,0.8621192714899085,4.699468438234066,1,0.0,0,0,0.6476523898071298,1.0,2573.778564453125,5.7039923667907715,1,1,6,18,1,-33.58952155207134,-70.1714096069336,38.052696228027344,-68.39555358886719,43.70136642456055,1,-68.39555358886719,43.70136642456055,2577.9814453125,0.6883316040039062,0.6262528896331787,0.4350498914718628,4.0,4.666275978088379,1,2573.983642578125,0.3862466514110565,1.4018530483215617,21.07767105102539,8.97337532043457,0.6476523898071298,2573.983642578125,0.3862466514110565,2573.983642578125,0.3862466514110565,0.0,0.0,0.0,0,3.2606762853048177,3.2605841670363724,-0.024509737268090248,3.220172166824341,-0.024852357804775238,0.7885617613792419,0.04122414067387581,-1.2742593014646195,0.0,-33.58703867158633,-33.58703867158633,1.3605827856227464,3.613464832305908,-0.08461812138557434,0.012136811306803323,1.0,2574.624308867029,0.5983442235892503,10,10,11,91.35440456791093,0.8327852136986145,0.6796292710491798,0.01410905846017041,-71.28101220744215,45.419902579045726,2.887262376474096,3.2342812252845112,0.0,0,0.9637248844368019,nan
GT+smooth-jitter_controlled_forward3x6_SoftMS_local_prior_3frame_causal_heading_continuous_waypoint_RNN_polynomial_Kalman,1,controlled_gt_jitter,8.0,-66.47114758935129,48.36134985146225,1.605222649906529,5.770514280173187,0,0,6,-68.71044376750476,42.94409782342015,-68.07637023925781,42.59083557128906,-1,-68.71044158935547,42.94409942626953,-68.71044376750476,42.94409782342015,0.0,0,0.0,0.0,1182,/yh/study/uav-sat/v36_GvsK/v36_training_data/routes/route_C/vi/vi_001182.jpg,-68.07637023925781,42.59083557128906,2578.8449403310938,-0.07960881547168014,10,3.5410061978228895,3.5410061978228895,1,3.5410061978228895,-32.226607574322834,-0.0001516883592493494,2578.219685086151,0.5736460443740575,-68.25560868296408,43.47715358054882,0.9042599367662096,4.654957739682993,1,0.0,0,0,0.7333827167984153,1.0,2577.116943359375,5.655355930328369,1,1,6,18,1,-33.588652517221156,-74.93331146240234,33.32453536987305,-67.36524963378906,38.08861541748047,1,-67.36524963378906,38.08861541748047,2581.8525390625,-3.5045039653778076,0.4702933430671692,0.3691006302833557,4.0,4.7196855545043945,1,2577.8544921875,-3.8084166049957275,3.858107704090655,21.102787017822266,9.0335693359375,0.7333827167984153,2577.8544921875,-3.8084166049957275,2577.8544921875,-1.986435438343328,0.0,-1.8219811666523995,0.0,0,3.5954610493073487,3.5953762191222434,-0.024698179215192795,3.218031883239746,-0.02549375221133232,0.7906628847122192,0.040707409381866455,-1.2835715173459914,0.0,-33.5963508874677,-33.5963508874677,1.3697433131448689,3.6123414039611816,-0.08608052879571915,0.06127700358780503,1.0,2578.120224652519,-0.1199900392309653,10,10,11,87.85848878242086,0.839184125866706,0.7247156785747393,0.3229743145831434,-68.71044376750476,42.94409782342015,3.5689538092248205,3.5410061978228895,0.027947611401931027,0,0.725839829441907,nan
GT+smooth-jitter_controlled_forward3x6_SoftMS_local_prior_3frame_causal_heading_continuous_waypoint_RNN_polynomial_Kalman,1,controlled_gt_jitter,8.0,-63.67425127091171,46.51251678406823,1.4029429429554763,5.825768279429562,0,0,6,-67.14311718155656,41.009862476146566,-65.07719421386719,40.68674850463867,-1,-67.14311981201172,41.00986099243164,-67.14311718155656,41.009862476146566,0.0,0,0.0,0.0,1183,/yh/study/uav-sat/v36_GvsK/v36_training_data/routes/route_C/vi/vi_001183.jpg,-65.07719421386719,40.68674850463867,2582.3974841901872,-0.08565181800913854,10,3.5525489987702064,3.5525489987702064,1,3.5525489987702064,-32.41024142006902,-0.18363384574619007,2581.730750494401,-0.14512578359403483,-65.67247054746964,40.992880927508345,0.66938103773504,4.526637646720742,1,0.0,0,0,0.7138566806891694,1.0,2580.468994140625,5.587883472442627,1,1,6,18,1,-33.59134692012702,-74.93331146240234,33.32453536987305,-67.41746520996094,38.38418197631836,1,-67.41746520996094,38.38418197631836,2581.650390625,-3.2826194763183594,0.5045139789581299,0.23401662707328796,4.0,5.515427589416504,1,2577.652587890625,-3.5842912197113037,5.895296307798544,21.016834259033203,9.810354232788086,0.7138566806891694,2577.652587890625,-3.5842912197113037,2577.652587890625,-2.6729893067311647,0.0,-0.911301912980139,0.0,0,3.610613335784206,3.610525841882047,-0.025135744363069534,3.2066123485565186,-0.024635082110762596,0.786396324634552,0.04108205437660217,-1.2747289836917637,0.0,-33.58750835381347,-33.58750835381347,1.1772669337444448,3.5988285541534424,-0.08417581021785736,0.23919147209500508,1.0,2580.47876699984,-0.9168946769112788,10,10,11,85.4999464350999,0.8435011936255666,1.9187171903472517,0.3459366502136878,-67.14311718155656,41.009862476146566,2.489533893254436,3.5525489987702064,0.0,0,2.0910381027159874,nan
GT+smooth-jitter_controlled_forward3x6_SoftMS_local_prior_3frame_causal_heading_continuous_waypoint_RNN_polynomial_Kalman,1,controlled_gt_jitter,8.0,-61.13517727689068,44.818627547925416,1.1986812130995532,5.873536300366826,0,0,6,-64.72217214085484,38.61820136389585,-62.333858489990234,38.945091247558594,-1,-64.72217559814453,38.618202209472656,-64.72217214085484,38.61820136389585,0.0,0,0.0,0.0,1184,/yh/study/uav-sat/v36_GvsK/v36_training_data/routes/route_C/vi/vi_001184.jpg,-62.333858489990234,38.945091247558594,2585.646981133302,-0.09117556032428212,10,3.249501637949916,3.249501637949916,1,3.249501637949916,-32.410175004731414,6.641533761220853e-05,2583.881765637431,-0.9417550571287118,-64.28038685518464,39.16981007351773,1.9594568704737743,4.476773726167277,1,0.0,0,0,0.7310711128403853,1.0,2583.5205078125,5.51354455947876,1,1,6,18,1,-33.59000340057294,-70.23253631591797,28.536378860473633,-62.52386474609375,33.94396209716797,1,-62.52386474609375,33.94396209716797,2588.15966796875,-4.419409275054932,0.47487542033195496,0.13978731632232666,4.0,4.484957695007324,1,2584.161865234375,-4.716657638549805,4.8580504000298825,20.96710205078125,8.767552375793457,0.7310711128403853,2584.161865234375,-4.716657638549805,2584.161865234375,-3.4980223933153476,0.0,-1.218635245234457,0.0,1,3.40308944430643,3.402998637590866,-0.024860380217432976,3.2045884132385254,-0.024074716493487358,0.7827401161193848,0.04143146052956581,-1.2692488240998863,0.0,-33.5820281942216,-33.5820281942216,1.171853189490186,3.5950019359588623,-0.08301137387752533,0.06812144057992711,1.0,2583.803251456401,-1.6440953810049594,10,10,11,82.1754619785388,0.8495863184818389,1.8437296769006934,0.04491322471139059,-64.72217214085484,38.61820136389585,3.403089444306542,3.249501637949916,0.15358780635662583,0,2.410580654312826,nan
GT+smooth-jitter_controlled_forward3x6_SoftMS_local_prior_3frame_causal_heading_continuous_waypoint_RNN_polynomial_Kalman,1,controlled_gt_jitter,8.0,-58.597078051917755,43.11671695247776,0.992727551109591,5.913744540368385,0,0,6,-62.8011173733903,36.87370451024513,-59.589805603027344,37.202972412109375,-1,-62.801116943359375,36.87370300292969,-62.8011173733903,36.87370451024513,0.0,0,0.0,0.0,1185,/yh/study/uav-sat/v36_GvsK/v36_training_data/routes/route_C/vi/vi_001185.jpg,-59.589805603027344,37.202972412109375,2588.897330914013,-0.09670604921949826,10,3.250354485787099,3.250354485787099,1,3.250354485787099,-32.4102683752822,-9.337055078910848e-05,2587.201103939934,-1.6685236461742223,-61.86356006550171,36.78126498975677,2.312530325355619,4.456572470761614,1,0.0,0,0,0.6000014570373424,1.0,2586.5751953125,5.4319047927856445,1,1,6,18,1,-33.58721209435823,-70.23253631591797,28.536378860473633,-61.60755157470703,35.213645935058594,1,-61.60755157470703,35.213645935058594,2588.25537109375,-2.8565382957458496,0.5321922898292542,0.08141207695007324,4.0,7.982178688049316,1,2584.2578125,-3.156869411468506,5.557853085285345,20.864761352539062,12.24675464630127,0.6000014570373424,2584.2578125,-3.156869411468506,2584.2578125,-3.156869411468506,0.0,0.0,0.0,0,3.3979402937648935,3.397852483533073,-0.024428265169262886,3.167283535003662,-0.023358017206192017,0.7766329050064087,0.041068218648433685,-1.2591896629997499,0.0,-33.57196903312146,-33.57196903312146,1.1617006578392606,3.5546793937683105,-0.08095837384462357,0.11190150127889324,1.0,2586.359321590532,-2.091561761193296,10,10,11,79.6193918444078,0.8542649404188067,2.5380093234807646,0.08307095078343707,-62.8011173733903,36.87370451024513,2.594941365810697,3.250354485787099,0.0,0,3.228148174676889,nan
GT+smooth-jitter_controlled_forward3x6_SoftMS_local_prior_3frame_causal_heading_continuous_waypoint_RNN_polynomial_Kalman,1,controlled_gt_jitter,8.0,-55.968470320025816,41.375430971976485,0.7853748948179368,5.946330935355394,0,0,6,-59.846556311396,35.17200527678814,-56.75384521484375,35.429100036621094,-1,-59.8465576171875,35.17200469970703,-59.846556311396,35.17200527678814,0.0,0,0.0,0.0,1186,/yh/study/uav-sat/v36_GvsK/v36_training_data/routes/route_C/vi/vi_001186.jpg,-56.75384521484375,35.429100036621094,2592.242329206704,-0.07994449321981849,10,3.3450402879288132,3.3450402879288132,1,3.3450402879288132,-32.025676569206134,0.38459180607606364,2589.9073992647204,-2.1154013895172086,-59.815228934995744,34.956964114830605,3.097576893421149,5.051587583343808,1,0.0,0,0,0.46579870897892867,1.0,2589.7275390625,5.365368366241455,1,1,6,18,1,-33.581876969564505,-65.5011978149414,28.506378173828125,-54.609195709228516,39.07951736450195,1,-54.609195709228516,39.07951736450195,2592.103515625,4.151581764221191,0.6178514361381531,0.0451730340719223,4.0,4.0,1,2588.106201171875,3.8603410720825195,5.712565575696232,20.777488708496094,8.24232292175293,0.46579870897892867,2588.106201171875,3.8603410720825195,2588.106201171875,0.0031664802980237994,0.0,3.8571745917844953,0.0,0,3.5481577628329766,3.548077674188277,-0.02383962832391262,3.169769525527954,-0.022398505359888077,0.7713750600814819,0.04183882102370262,-1.2492898374063455,0.0,-33.562069207528054,-33.562069207528054,1.5363926383219193,3.554579734802246,-0.07899657636880875,0.02193292737851898,1.0,2589.7659748747296,-1.950406699409,10,10,11,76.21273856021025,0.8605004668131203,2.4763543319745622,0.17527076240085915,-59.846556311396,35.17200527678814,3.4095764180028265,3.3450402879288132,0.06453613007401326,0,3.1033787461847107,nan
GT+smooth-jitter_controlled_forward3x6_SoftMS_local_prior_3frame_causal_heading_continuous_waypoint_RNN_polynomial_Kalman,1,controlled_gt_jitter,8.0,-53.34160716230328,39.626869662913954,0.5769185334974956,5.971245273265514,0,0,6,-56.71137386057782,33.52285394807761,-53.91852569580078,33.65562438964844,-1,-56.71137237548828,33.52285385131836,-56.71137386057782,33.52285394807761,0.0,0,0.0,0.0,1187,/yh/study/uav-sat/v36_GvsK/v36_training_data/routes/route_C/vi/vi_001187.jpg,-53.91852569580078,33.65562438964844,2595.586573805961,-0.06319021578423704,10,3.3442865674865745,3.3442865674865745,1,3.3442865674865745,-32.02573656381844,-5.999461230127649e-05,2593.308366431316,-1.9734537107546248,-56.86504976721602,33.25897421799243,2.9731019932225977,5.424703492092463,1,0.0,0,0,0.4645392956173793,1.0,2592.88232421875,5.291750431060791,1,1,6,18,1,-33.574944220835235,-41.7528190612793,42.630828857421875,-48.308048248291016,31.973983764648438,1,-48.308048248291016,31.973983764648438,2601.22705078125,1.5146130323410034,0.8244425654411316,0.09011931717395782,4.0,4.0,1,2597.229736328125,1.2196576595306396,2.0846298821239984,20.709280014038086,8.22542953491211,0.4645392956173793,2597.229736328125,1.2196576595306396,2596.8358494942636,0.143036127014051,0.393886833861417,1.0766215325165889,0.0,1,3.542466528409958,3.5423915565861623,-0.023047011345624924,3.1667277812957764,-0.022723039612174034,0.768520712852478,0.04161887243390083,-1.2685802126131653,0.0,-33.581359582734876,-33.581359582734876,1.5556230189164384,3.5500755310058594,-0.08052879571914673,0.08055506906748146,1.0,2593.2971899918957,-1.6682916498217808,10,10,11,72.68152344304417,0.8669639907558789,2.2893838140653315,0.17755878619079812,-56.71137386057782,33.52285394807761,3.5424665284101113,3.3442865674865745,0.19817996092353685,0,2.7960023000086034,nan
GT+smooth-jitter_controlled_forward3x6_SoftMS_local_prior_3frame_causal_heading_continuous_waypoint_RNN_polynomial_Kalman,1,controlled_gt_jitter,8.0,-50.715153840653265,37.87035198043047,0.3676556075889241,5.988449285728323,0,0,6,-53.496686647756036,32.06944665349589,-51.08280944824219,31.88190269470215,-1,-53.49668502807617,32.0694465637207,-53.496686647756036,32.06944665349589,0.0,0,0.0,0.0,1188,/yh/study/uav-sat/v36_GvsK/v36_training_data/routes/route_C/vi/vi_001188.jpg,-51.08280944824219,31.88190269470215,2598.931285220095,-0.04643181637603529,10,3.3447533971566465,3.3447533971566465,1,3.3447533971566465,-32.0257060164609,3.054735753658215e-05,2596.825090735536,-1.69116047680714,-53.742018873327275,31.61771941216814,2.6723000529940135,5.538055442407634,1,0.0,0,0,0.5931271301544085,1.0,2596.041015625,5.211188793182373,1,1,6,18,1,-33.57718964552488,-41.7528190612793,42.630828857421875,-47.025787353515625,32.68132781982422,1,-47.025787353515625,32.68132781982422,2601.9326171875,2.7978405952453613,0.7264677882194519,0.20115873217582703,4.0,4.0,1,2597.93505859375,2.4960341453552246,2.7306776920027267,20.9040470123291,8.269293785095215,0.5931271301544085,2597.93505859375,2.4960341453552246,2597.93505859375,0.6374992879476342,0.0,1.85853485740759,0.0,1,3.5279748638877537,3.527900743640066,-0.022868826985359192,3.1906111240386963,-0.023662177845835686,0.7801380753517151,0.041461873799562454,-1.2751432773536073,0.0,-33.58792264747532,-33.58792264747532,1.5622166310144168,3.579728126525879,-0.08261357992887497,0.039649540829259325,1.0,2596.790964787317,-1.1782464283355873,10,10,11,69.18774864762281,0.8733589840631503,2.140320432778026,0.15414227311795026,-53.496686647756036,32.06944665349589,3.5279748638876764,3.3447533971566465,0.1832214667310299,0,2.421151765340795,nan
GT+smooth-jitter_controlled_forward3x6_SoftMS_local_prior_3frame_causal_heading_continuous_waypoint_RNN_polynomial_Kalman,1,controlled_gt_jitter,8.0,-48.2177486349718,36.153066177581366,0.15788460477429817,5.997916717742498,0,0,6,-50.579254307226016,30.35815304540872,-48.375633239746094,30.155149459838867,-1,-50.579254150390625,30.358152389526367,-50.579254307226016,30.35815304540872,0.0,0,0.0,0.0,1189,/yh/study/uav-sat/v36_GvsK/v36_training_data/routes/route_C/vi/vi_001189.jpg,-48.375633239746094,30.155149459838867,2602.142255406384,-0.05868827280191103,10,3.2109935780001324,3.2109935780001324,1,3.2109935780001324,-32.531479567798776,-0.5057735513378729,2600.1731821286025,-1.2015515985736054,-50.65068815749277,30.24181707722203,2.276705109289788,6.209589081872491,1,0.0,0,0,0.33463899511460216,1.0,2599.069580078125,5.094802379608154,1,1,6,18,1,-33.58094614284668,-41.7528190612793,42.630828857421875,-43.80791091918945,31.552453994750977,1,-43.80791091918945,31.552453994750977,2605.255615234375,3.5638675689697266,0.8595632910728455,0.045885756611824036,4.0,4.0,1,2601.257568359375,3.252974510192871,3.427795437218798,21.041706085205078,8.300458908081055,0.33463899511460216,2601.257568359375,3.252974510192871,2601.257568359375,0.7006027433654882,0.0,2.552371766827383,0.0,1,3.382297632475875,3.38221734128546,-0.023305170238018036,3.2029762268066406,-0.024180030450224876,0.7841270565986633,0.04133356362581253,-1.2660576316536094,0.0,-33.57883700177532,-33.57883700177532,1.0473574339765461,3.5940845012664795,-0.0829450711607933,0.008497365395689566,1.0,2600.1713675915544,-1.0650468004411817,10,10,11,65.80734584338552,0.8795464616696946,1.9708878148294389,0.008017351193491784,-50.579254307226016,30.35815304540872,3.3822976324756615,3.2109935780001324,0.1713040544755291,0,2.212951934587728,nan
GT+smooth-jitter_controlled_forward3x6_SoftMS_local_prior_3frame_causal_heading_continuous_waypoint_RNN_polynomial_Kalman,1,controlled_gt_jitter,8.0,-45.716413231317716,34.42539173702386,-0.05209514660092117,5.999633375207455,0,0,6,-47.72455256441872,28.710701285960415,-45.6643180847168,28.425758361816406,-1,-47.724552154541016,28.71070098876953,-47.72455256441872,28.710701285960415,0.0,0,0.0,0.0,1190,/yh/study/uav-sat/v36_GvsK/v36_training_data/routes/route_C/vi/vi_001190.jpg,-45.6643180847168,28.425758361816406,2605.3581336384823,-0.07096166377317896,10,3.2159016526956905,3.2159016526956905,1,3.2159016526956905,-32.53144750305156,3.2064747212511845e-05,2603.5449383957884,-1.0888331440753103,-47.74082058086264,28.534738736381023,2.079360319555069,5.883911277501513,1,0.0,0,0,0.4883433515167609,1.0,2602.107177734375,4.971737384796143,1,1,6,18,1,-33.58020794880779,-51.337764739990234,23.6582088470459,-44.14534378051758,27.194786071777344,1,-44.14534378051758,27.194786071777344,2607.2998046875,-0.2993549704551697,0.8402957916259766,0.10312864929437637,4.0,4.0,1,2603.3017578125,-0.6095811128616333,2.12574515138124,21.129261016845703,8.31978988647461,0.4883433515167609,2603.3017578125,-0.6095811128616333,2603.3017578125,-0.6095811128616333,0.0,0.0,0.0,0,3.373654659464322,3.3735708042342685,-0.02378634363412857,3.2187042236328125,-0.025092044845223427,0.7908740043640137,0.04102538898587227,-1.2880796556416114,0.0,-33.60085902576332,-33.60085902576332,1.0694115227117604,3.6131250858306885,-0.08582169562578201,0.0018491738526220597,1.0,2603.4646280165066,-0.9314237727116252,10,10,11,62.5140854184333,0.885574434166454,1.8935056219756916,0.0028025709371219953,-47.72455256441872,28.710701285960415,3.2959701667485275,3.2159016526956905,0.08006851405283699,0,2.079845807114653,nan
GT+smooth-jitter_controlled_forward3x6_SoftMS_local_prior_3frame_causal_heading_continuous_waypoint_RNN_polynomial_Kalman,1,controlled_gt_jitter,8.0,-42.950140113674784,32.52103245294337,-0.26198398574509657,5.993597150209002,0,0,6,-44.77922215630191,26.842452419674586,-42.68815612792969,26.527435302734375,-1,-44.77922058105469,26.842453002929688,-44.77922215630191,26.842452419674586,0.0,0,0.0,0.0,1191,/yh/study/uav-sat/v36_GvsK/v36_training_data/routes/route_C/vi/vi_001191.jpg,-42.68815612792969,26.527435302734375,2608.8881462295376,-0.08443521793982615,10,3.5300383042779346,3.5300383042779346,1,3.5300383042779346,-32.531468119830606,-2.0616779044241213e-05,2607.146144713485,-0.9559282517324592,-44.626244509340886,26.72207038620526,1.9478371055811614,6.006348070117458,1,0.0,0,0,0.38701146114233886,1.0,2605.462890625,4.840968132019043,1,1,6,18,1,-33.58743578305354,-41.87510299682617,23.598194122314453,-41.78079605102539,25.417232513427734,1,-41.78079605102539,25.417232513427734,2610.24853515625,-0.5376938581466675,0.6328518986701965,0.016958236694335938,4.0,4.0,1,2606.250244140625,-0.8630634546279907,2.750416216076512,21.229087829589844,8.343170166015625,0.38701146114233886,2606.250244140625,-0.8630634546279907,2606.250244140625,-0.8630634546279907,0.0,0.0,0.0,0,3.6815982479924685,3.6815166969781803,-0.02450447902083397,3.2221508026123047,-0.025297369807958603,0.7934303283691406,0.040969669818878174,-1.2657377867013824,0.0,-33.5785171568231,-33.5785171568231,1.0470490369924874,3.6178765296936035,-0.08475027978420258,0.0038099171825062977,1.0,2606.952507666425,-0.9359610672066744,10,10,11,59.026205768514956,0.8919586370197766,1.9356385631126614,0.30788750166562995,-44.77922215630191,26.842452419674586,3.487882601142965,3.5300383042779346,0.0,0,2.1146614194659423,nan
GT+smooth-jitter_controlled_forward3x6_SoftMS_local_prior_3frame_causal_heading_continuous_waypoint_RNN_polynomial_Kalman,1,controlled_gt_jitter,8.0,-40.382172735881355,30.718930878010454,-0.4714824282641666,5.9798180240065495,0,0,6,-42.49226413677991,24.878167324944435,-39.91069030761719,24.739112854003906,-1,-42.49226379394531,24.8781681060791,-42.49226413677991,24.878167324944435,0.0,0,0.0,0.0,1192,/yh/study/uav-sat/v36_GvsK/v36_training_data/routes/route_C/vi/vi_001192.jpg,-39.91069030761719,24.739112854003906,2612.191432423999,-0.11115377174229021,10,3.303394248895752,3.303394248895752,1,3.303394248895752,-32.776204848279285,-0.24473672844868216,2610.410744356015,-0.9609016361604269,-41.8698506615914,24.972805250026397,1.9730487648669746,6.2267211115328305,1,0.0,0,0,0.5267709599769489,1.0,2608.596435546875,4.690618515014648,1,1,6,18,1,-33.58431427988114,-41.87510299682617,23.598194122314453,-43.20420837402344,20.14150619506836,1,-43.20420837402344,20.14150619506836,2611.865478515625,-5.757307052612305,0.6485534906387329,0.07631638646125793,4.0,4.0,1,2607.867431640625,-6.069681644439697,7.362135368514402,21.135622024536133,8.321023941040039,0.5267709599769489,2607.867431640625,-6.069681644439697,2607.867431640625,-3.1800737201223925,0.0,-2.8896079243173043,0.0,0,3.4583266232682726,3.458236689589999,-0.024940568953752518,3.2205724716186523,-0.024587232619524002,0.7898697853088379,0.04144453629851341,-1.283279206593856,0.0,-33.59605857671556,-33.59605857671556,0.8198537284362787,3.614513874053955,-0.08483536541461945,0.044685873432692765,1.0,2609.9353040335254,-1.3735896184314573,10,10,11,56.043409401414465,0.8974183371783441,2.25612839047335,0.0828217772770996,-42.49226413677991,24.878167324944435,3.0147293272257536,3.303394248895752,0.0,0,2.5853161472644746,nan
GT+smooth-jitter_controlled_forward3x6_SoftMS_local_prior_3frame_causal_heading_continuous_waypoint_RNN_polynomial_Kalman,1,controlled_gt_jitter,8.0,-37.81300117778991,28.90877657432823,-0.6802916746160809,5.958318047716902,0,0,6,-40.46719965703504,22.76766914241367,-37.13270950317383,22.950458526611328,-1,-40.467201232910156,22.767669677734375,-40.46719965703504,22.76766914241367,0.0,0,0.0,0.0,1193,/yh/study/uav-sat/v36_GvsK/v36_training_data/routes/route_C/vi/vi_001193.jpg,-37.13270950317383,22.950458526611328,2615.4953312562097,-0.13787753028701094,10,3.3040069087028208,3.3040069087028208,1,3.3040069087028208,-32.7762091736829,-4.325403614859592e-06,2613.4197925673466,-1.3983358520288551,-39.560602209226886,22.994651712865714,2.428294881149519,5.989897281795144,1,0.0,0,0,0.572862951639928,1.0,2611.7353515625,4.534107208251953,1,1,6,18,1,-33.58842477310102,-41.936241149902344,14.081876754760742,-39.79290771484375,19.222532272338867,1,-39.79290771484375,19.222532272338867,2615.23974609375,-4.71049165725708,0.5110368728637695,0.06449952721595764,4.0,4.0,1,2611.241455078125,-5.04987907409668,6.497939804650956,21.17457389831543,8.33423137664795,0.572862951639928,2611.241455078125,-5.04987907409668,2611.241455078125,-3.6935597222347365,0.0,-1.3563193518619436,0.0,0,3.4845764044442546,3.4844885338213403,-0.024746233597397804,3.195068120956421,-0.02467895671725273,0.7887173295021057,0.04088369011878967,-1.2364706395512892,0.0,-33.549250009673,-33.549250009673,0.773040835990097,3.5884995460510254,-0.0816916823387146,0.05821837931415474,1.0,2612.774919876301,-2.0747818823998547,10,10,11,53.20379355863906,0.9026159602001738,2.72041137990891,0.10893878774639987,-40.46719965703504,22.76766914241367,2.92490832772414,3.3040069087028208,0.0,0,3.3394964508399645,nan
GT+smooth-jitter_controlled_forward3x6_SoftMS_local_prior_3frame_causal_heading_continuous_waypoint_RNN_polynomial_Kalman,1,controlled_gt_jitter,8.0,-35.242888592259334,27.0909660175344,-0.8881141171616799,5.929131300737525,0,0,6,-39.71332866899496,20.919550881612217,-34.354774475097656,21.161834716796875,-1,-39.71332931518555,20.9195499420166,-39.71332866899496,20.919550881612217,0.0,0,0.0,0.0,1194,/yh/study/uav-sat/v36_GvsK/v36_training_data/routes/route_C/vi/vi_001194.jpg,-34.354774475097656,21.161834716796875,2618.799175087969,-0.1645999664644526,10,3.303951899354428,3.303951899354428,1,3.303951899354428,-32.77619395705219,1.5216630711080352e-05,2616.2964960406402,-2.099491114551363,-37.504173613132494,20.86435994773396,3.1634168503192264,5.084590997730058,1,0.0,0,0,0.7129935251510516,1.0,2614.879150390625,4.371628284454346,1,1,6,18,1,-33.57471359522904,-41.936241149902344,14.081876754760742,-39.49837112426758,19.425899505615234,1,-39.49837112426758,19.425899505615234,2615.380126953125,-4.381175518035889,0.5085288882255554,0.2728976607322693,4.0,4.0,1,2611.3818359375,-4.7064714431762695,8.697443106111677,21.131763458251953,8.323264122009277,0.7129935251510516,2611.3818359375,-4.7064714431762695,2612.085763846475,-4.625930431050598,-0.7039279089748582,-0.08054101212567133,0.0,0,3.5216628497625817,3.5215761643395407,-0.02470923215150833,3.195411443710327,-0.024455219507217407,0.7839797735214233,0.040995001792907715,-1.2345860409488947,0.0,-33.54736541107061,-33.54736541107061,0.7711714540184134,3.5864832401275635,-0.08125068247318268,0.23104385342289907,1.0,2614.3999431190214,-3.233730558198035,10,10,11,51.57877031591852,0.9055903971258099,4.399231968947788,0.10854045564410075,-39.71332866899496,20.919550881612217,1.9959615658915653,3.303951899354428,0.0,0,5.364028756981657,nan
GT+smooth-jitter_controlled_forward3x6_SoftMS_local_prior_3frame_causal_heading_continuous_waypoint_RNN_polynomial_Kalman,1,controlled_gt_jitter,8.0,-32.61640524860895,25.253990533542815,-1.094653844800355,5.892303826999847,0,0,6,-37.35525301973453,18.057191072501507,-31.521751403808594,19.36168670654297,-1,-37.35525131225586,18.057191848754883,-37.35525301973453,18.057191072501507,0.0,0,0.0,0.0,1195,/yh/study/uav-sat/v36_GvsK/v36_training_data/routes/route_C/vi/vi_001195.jpg,-31.521751403808594,19.36168670654297,2622.155736329475,-0.1716151854265547,10,3.3565685724080194,3.3565685724080194,1,3.3565685724080194,-32.4325274768085,0.3436664802436903,2618.108449662473,-3.2583000845127703,-36.592245114545285,18.916437831734342,5.090005209342982,4.185267238847557,1,0.0,0,0,0.8338504942095653,1.0,2618.080810546875,4.223084926605225,1,1,6,18,1,-33.565141725437506,-41.96681213378906,9.323718070983887,-34.14375305175781,14.740218162536621,1,-34.14375305175781,14.740218162536621,2622.41015625,-5.478982448577881,0.28878894448280334,0.6949768662452698,4.0,4.0,1,2618.411865234375,-5.818788528442383,6.775480613417299,21.051677703857422,8.307634353637695,0.8338504942095653,2618.411865234375,-5.818788528442383,2618.411865234375,-5.818788528442383,0.0,0.0,0.0,1,3.7085879313354853,3.708506543451674,-0.024569526314735413,3.1687233448028564,-0.024521615356206894,0.7801454067230225,0.04039856791496277,-1.2222298018535185,0.0,-33.53500917197523,-33.53500917197523,1.1024816951667276,3.557893991470337,-0.08023159205913544,0.09508690927806716,1.0,2617.922901661409,-4.392345055373498,10,10,11,48.05581177353088,0.9120388082626377,4.232834668066062,0.18784522760516298,-37.35525301973453,18.057191072501507,3.708587931335496,3.3565685724080194,0.3520193589274765,0,5.97757893818591,nan
GT+smooth-jitter_controlled_forward3x6_SoftMS_local_prior_3frame_causal_heading_continuous_waypoint_RNN_polynomial_Kalman,1,controlled_gt_jitter,8.0,-29.990647646505558,23.410893274532093,-1.299617144186223,5.847893549190295,0,0,6,-34.05170618404899,16.40749368990993,-28.691030502319336,17.562999725341797,-1,-34.05170440673828,16.407493591308594,-34.05170618404899,16.40749368990993,0.0,0,0.0,0.0,1196,/yh/study/uav-sat/v36_GvsK/v36_training_data/routes/route_C/vi/vi_001196.jpg,-28.691030502319336,17.562999725341797,2625.50957092941,-0.1786262302901351,10,3.353841928068576,3.353841928068576,1,3.353841928068576,-32.432553522227686,-2.6045419180627403e-05,2621.615369776672,-4.416888230847308,-34.24771013904996,16.062673488120687,5.755663941141004,3.8052148170739244,1,0.0,0,0,0.8195050852809894,1.0,2621.28515625,4.068979263305664,1,1,6,18,1,-33.554595379750474,-32.50415802001953,9.263697624206543,-28.7435245513916,14.37884521484375,1,-28.7435245513916,14.37884521484375,2627.167236328125,-2.8977510929107666,0.3100254535675049,0.6939259171485901,4.0,7.017050266265869,1,2623.1689453125,-3.2310903072357178,3.8465653796053267,21.05380630493164,11.324222564697266,0.8195050852809894,2623.1689453125,-3.2310903072357178,2623.1689453125,-3.2310903072357178,0.0,0.0,0.0,1,3.6925496814122245,3.692468115263175,-0.024543175473809242,3.176265239715576,-0.024504870176315308,0.7809566259384155,0.04052828252315521,-1.228660638400497,0.0,-33.54144000852221,-33.54144000852221,1.1088864862945256,3.5658328533172607,-0.08071976155042648,0.06276257882723128,1.0,2621.5967005855687,-4.020693855266902,10,10,11,44.38201284937122,0.9187633171127935,3.912870343841405,0.17757668835299967,-34.05170618404899,16.40749368990993,3.692549681412218,3.353841928068576,0.338707753343642,0,5.483797768208374,nan
GT+smooth-jitter_controlled_forward3x6_SoftMS_local_prior_3frame_causal_heading_continuous_waypoint_RNN_polynomial_Kalman,1,controlled_gt_jitter,8.0,-27.360705168766042,21.55881043212051,-1.502712996524833,5.795970161124416,0,0,6,-31.167941413666828,15.127650165937709,-25.85799217224121,15.762840270996094,-1,-31.16794204711914,15.127650260925293,-31.167941413666828,15.127650165937709,0.0,0,0.0,0.0,1197,/yh/study/uav-sat/v36_GvsK/v36_training_data/routes/route_C/vi/vi_001197.jpg,-25.85799217224121,15.762840270996094,2628.8661511841037,-0.18564296469577585,10,3.3565875887219256,3.3565875887219256,1,3.3565875887219256,-32.43255266653901,8.556886709475218e-07,2625.2663172150756,-4.0452159623614286,-30.96346480620648,14.425208964278621,5.277793888442307,3.655148345155935,1,0.0,0,0,0.7962210721670032,1.0,2624.498046875,3.9095170497894287,1,1,6,18,1,-33.54999097847623,-32.50415802001953,9.263697624206543,-28.013425827026367,14.637697219848633,1,-28.013425827026367,14.637697219848633,2627.64599609375,-2.2887167930603027,0.35698723793029785,0.7190424203872681,4.0,4.135024070739746,1,2623.64794921875,-2.6067593097686768,5.752515632973173,21.035539627075195,8.43644905090332,0.7962210721670032,2623.64794921875,-2.6067593097686768,2623.64794921875,-2.6067593097686768,0.0,0.0,0.0,0,3.6696985627283474,3.6696166295069763,-0.02452210709452629,3.182358741760254,-0.024852078408002853,0.7812201976776123,0.040393006056547165,-1.2493205732576105,0.0,-33.56209994337932,-33.56209994337932,1.1295472768403099,3.5720181465148926,-0.08255600929260254,0.07871841498043483,1.0,2624.718021789862,-3.560854061014006,10,10,11,41.26069164507771,0.9244765726544671,4.1481293942415505,0.17422884696167174,-31.167941413666828,15.127650165937709,3.1550116793366887,3.3565875887219256,0.0,0,5.347805850634498,nan
GT+smooth-jitter_controlled_forward3x6_SoftMS_local_prior_3frame_causal_heading_continuous_waypoint_RNN_polynomial_Kalman,1,controlled_gt_jitter,8.0,-24.747486347895894,19.759827431366617,-1.7036535689652301,5.736614998505287,0,0,6,-27.94339964599677,13.438100636960975,-23.043832778930664,14.023212432861328,-1,-27.94339942932129,13.438100814819336,-27.94339964599677,13.438100636960975,0.0,0,0.0,0.0,1198,/yh/study/uav-sat/v36_GvsK/v36_training_data/routes/route_C/vi/vi_001198.jpg,-23.043832778930664,14.023212432861328,2632.1744194220496,-0.15159341302218463,10,3.308443456698546,3.308443456698546,1,3.308443456698546,-31.723097221404956,0.7094554451340552,2628.3583015806,-3.5855576530760023,-28.104590860003835,13.160893798797614,5.133699034984512,4.046945655946663,1,0.0,0,0,0.5956368641889468,1.0,2627.668212890625,3.785991907119751,1,1,6,18,1,-33.554229110856234,-32.53472900390625,4.505537986755371,-21.59803009033203,13.872038841247559,1,-21.59803009033203,13.872038841247559,2633.47705078125,0.4934839606285095,0.7219046354293823,0.1760108917951584,4.0,4.0,1,2629.478759765625,0.15929406881332397,2.713527595149553,21.096529006958008,8.316398620605469,0.5956368641889468,2629.478759765625,0.15929406881332397,2629.478759765625,-1.2527568271642395,0.0,1.4120508959775635,0.0,1,3.640363611277554,3.640279790737656,-0.02470359206199646,3.185791015625,-0.02501082792878151,0.7861126065254211,0.04039520025253296,-1.2334180786008224,0.0,-33.54619744872253,-33.54619744872253,1.8231002273175771,3.5779144763946533,-0.08184874802827835,0.05069879134172748,1.0,2628.3463527639274,-3.265115046081066,10,10,11,37.63236067101252,0.9311178571259564,3.828066658122225,0.12265244107354611,-27.94339964599677,13.438100636960975,3.640363611277621,3.308443456698546,0.3319201545790751,0,4.934380538482385,nan
GT+smooth-jitter_controlled_forward3x6_SoftMS_local_prior_3frame_causal_heading_continuous_waypoint_RNN_polynomial_Kalman,1,controlled_gt_jitter,8.0,-22.12927605275924,17.951929059425936,-1.902154699609827,5.669920888344392,0,0,6,-25.122814290429755,12.32641794924449,-20.227121353149414,12.282008171081543,-1,-25.122814178466797,12.326417922973633,-25.122814290429755,12.32641794924449,0.0,0,0.0,0.0,1199,/yh/study/uav-sat/v36_GvsK/v36_training_data/routes/route_C/vi/vi_001199.jpg,-20.227121353149414,12.282008171081543,2635.4856871542866,-0.11751199852804567,10,3.311443120056077,3.311443120056077,1,3.311443120056077,-31.72308007134677,1.7150058185450744e-05,2631.964027185608,-3.2899876173110005,-24.899244179641894,11.483284951853403,4.739904058814507,4.226507344241145,1,0.0,0,0,0.6653873877561465,1.0,2630.847412109375,3.6576004028320312,1,1,6,18,1,-33.55141806112595,-32.53472900390625,4.505537986755371,-21.870433807373047,13.686628341674805,1,-21.870433807373047,13.686628341674805,2633.345947265625,0.1911747306585312,0.5950855016708374,0.4491482973098755,4.0,4.0,1,2629.347900390625,-0.12268991768360138,6.137788947742164,21.0296688079834,8.298510551452637,0.6653873877561465,2629.347900390625,-0.12268991768360138,2629.347900390625,-0.842098427513359,0.0,0.7194085098297576,0.0,0,3.617759923775991,3.617674421680326,-0.024872571229934692,3.1889872550964355,-0.024702169001102448,0.783455491065979,0.040651023387908936,-1.2631027210639325,0.0,-33.57588209118564,-33.57588209118564,1.8528020198388724,3.5797481536865234,-0.08330713212490082,0.1329178107644232,1.0,2631.3243895125956,-2.6969273396064852,10,10,11,34.65432392234425,0.9365688452953999,4.161297641690908,0.12245586495964167,-25.122814290429755,12.32641794924449,3.031755291280557,3.311443120056077,0.0,0,4.895894357983339,nan
GT+smooth-jitter_controlled_forward3x6_SoftMS_local_prior_3frame_causal_heading_continuous_waypoint_RNN_polynomial_Kalman,1,controlled_gt_jitter,8.0,-19.51020978216499,16.137947925243765,-2.097936375182567,5.595991977367786,0,0,6,-21.771719125370367,10.899542309144111,-17.412273406982422,10.541955947875977,-1,-21.771718978881836,10.899541854858398,-21.771719125370367,10.899542309144111,0.0,0,0.0,0.0,1200,/yh/study/uav-sat/v36_GvsK/v36_training_data/routes/route_C/vi/vi_001200.jpg,-17.412273406982422,10.541955947875977,2638.794764168767,-0.08345305312941069,10,3.309252287076821,3.309252287076821,1,3.309252287076821,-31.72307870373922,1.3676075535100428e-06,2634.9665315892,-2.721706189983091,-22.057930068237912,10.358602510196459,4.649273523613813,4.335172493204792,1,0.0,0,0,0.7163765536582842,1.0,2634.030517578125,3.5245256423950195,1,1,6,18,1,-33.559980450302504,-13.517685890197754,18.659955978393555,-15.501604080200195,10.87812614440918,1,-15.501604080200195,10.87812614440918,2640.229736328125,1.2219895124435425,0.5023779273033142,0.44499582052230835,4.0,4.0,1,2636.232177734375,0.922380805015564,2.752916813839408,20.835115432739258,8.25329303741455,0.7163765536582842,2636.232177734375,0.922380805015564,2636.232177734375,-0.18968487644692233,0.0,1.1120656814624863,0.0,1,3.6422263655075113,3.6421420766043804,-0.024778850376605988,3.1838762760162354,-0.02326495759189129,0.7777377367019653,0.04160337150096893,-1.2826137967583087,0.0,-33.59539316688002,-33.59539316688002,1.8723144631408024,3.5717947483062744,-0.08243484795093536,0.08385815504985589,1.0,2634.9192662298683,-2.111543461106668,10,10,11,31.059447205071592,0.9431488952109102,3.8754979388986612,0.1253760110605855,-21.771719125370367,10.899542309144111,3.642226365507266,3.309252287076821,0.33297407843044535,0,4.374086759237404,nan
GT+smooth-jitter_controlled_forward3x6_SoftMS_local_prior_3frame_causal_heading_continuous_waypoint_RNN_polynomial_Kalman,1,controlled_gt_jitter,8.0,-17.048723574251092,14.435938298381505,-2.2907232004107607,5.514943539775548,0,0,6,-19.035259316764442,10.02425073697112,-14.758000373840332,8.920994758605957,-1,-19.035259246826172,10.024250984191895,-19.035259316764442,10.02425073697112,0.0,0,0.0,0.0,1201,/yh/study/uav-sat/v36_GvsK/v36_training_data/routes/route_C/vi/vi_001201.jpg,-14.758000373840332,8.920994758605957,2641.9044734547792,-0.034579051119067464,10,3.110093328436461,3.110093328436461,1,3.110093328436461,-31.412359667308497,0.31071903643072146,2638.339368670023,-2.1354896699860197,-18.894044984393656,9.051119830265243,4.138091052014387,4.212886745069608,1,0.0,0,0,0.690173883918561,1.0,2637.0205078125,3.4018497467041016,1,1,6,18,1,-33.57237489576855,-13.517685890197754,18.659955978393555,-15.755485534667969,10.07196044921875,1,-15.755485534667969,10.07196044921875,2640.4462890625,0.40495455265045166,0.5500191450119019,0.38632747530937195,4.0,4.0,1,2636.4482421875,0.08858993649482727,5.457621298839498,21.009557723999023,8.293940544128418,0.690173883918561,2636.4482421875,0.08858993649482727,2636.4482421875,0.08858993649482727,0.0,0.0,0.0,0,3.420186270083825,3.4201024401544196,-0.023946208879351616,3.1958730220794678,-0.024071775376796722,0.7852560877799988,0.04129989817738533,-1.2694472197509339,0.0,-33.58222658987265,-33.58222658987265,2.169866922564149,3.5875444412231445,-0.08292143046855927,0.10769461162992032,1.0,2637.6998441812057,-1.3885400883834633,10,10,11,28.27886925373423,0.9482384554803506,4.204629273573573,0.08577969364300664,-19.035259316764442,10.02425073697112,2.873038047160644,3.110093328436461,0.0,0,4.417252292842548,nan
GT+smooth-jitter_controlled_forward3x6_SoftMS_local_prior_3frame_causal_heading_continuous_waypoint_RNN_polynomial_Kalman,1,controlled_gt_jitter,8.0,-14.580603821208145,12.724878735438624,-2.4802448581954497,5.426901764766017,0,0,6,-16.029773271327816,8.32933214465378,-12.100358963012695,7.297976970672607,-1,-16.029773712158203,8.32933235168457,-16.029773271327816,8.32933214465378,0.0,0,0.0,0.0,1202,/yh/study/uav-sat/v36_GvsK/v36_training_data/routes/route_C/vi/vi_001202.jpg,-12.100358963012695,7.297976970672607,2645.0181288363933,0.01435736721178767,10,3.114039917614091,3.114039917614091,1,3.114039917614091,-31.412352360349814,7.306958680485155e-06,2641.1502236778256,-1.412555358557013,-16.13203366076803,8.159585567494037,4.122713941402819,4.755990238212823,1,0.0,0,0,0.3667393388188258,1.0,2640.02099609375,3.275071144104004,1,1,6,18,1,-33.575822967360644,-4.116189479827881,9.083598136901855,-11.113045692443848,8.088529586791992,1,-11.113045692443848,8.088529586791992,2645.429931640625,1.2102463245391846,0.772578775882721,0.039589300751686096,4.0,4.0,1,2641.431884765625,0.8958345651626587,3.6929864047447443,21.00153923034668,8.291336059570312,0.3667393388188258,2641.431884765625,0.8958345651626587,2641.431884765625,0.5425645504940497,0.0,0.35327001466860875,0.0,1,3.4504630709365705,3.450379496619976,-0.024015270173549652,3.1975855827331543,-0.024058183655142784,0.7852259874343872,0.04132969677448273,-1.2920230226702358,0.0,-33.604802392791946,-33.604802392791946,2.1924500324421317,3.5892093181610107,-0.0843447893857956,0.01596172403445287,1.0,2641.145911810018,-1.214432933016853,10,10,11,24.832801624922013,0.9545461257547881,3.872217026375438,0.08354566511906336,-16.029773271327816,8.32933214465378,3.4504630709366073,3.114039917614091,0.3364231533225164,0,4.0625103447609,nan
GT+smooth-jitter_controlled_forward3x6_SoftMS_local_prior_3frame_causal_heading_continuous_waypoint_RNN_polynomial_Kalman,1,controlled_gt_jitter,8.0,-12.112778345859297,11.009297778582406,-2.6662365596654496,5.332003524279427,0,0,6,-13.866600583812374,5.91513264139911,-9.446541786193848,5.6772942543029785,-1,-13.86660099029541,5.915132522583008,-13.866600583812374,5.91513264139911,0.0,0,0.0,0.0,1203,/yh/study/uav-sat/v36_GvsK/v36_training_data/routes/route_C/vi/vi_001203.jpg,-9.446541786193848,5.6772942543029785,2648.1273040036494,0.0632230447079233,10,3.1095591448174766,3.1095591448174766,1,3.1095591448174766,-31.412358377536254,-6.01718643719523e-06,2644.5652175987407,-1.2384718066297338,-13.152821947523494,6.481257193603803,3.7924753185795326,4.430945932481311,1,0.0,0,0,0.6981261121070759,1.0,2643.023681640625,3.1443140506744385,1,1,6,18,1,-33.58596579827811,-4.116189479827881,9.083598136901855,-11.479188919067383,3.117910623550415,1,-11.479188919067383,3.117910623550415,2647.777587890625,-3.186354160308838,0.5355605483055115,0.2246260941028595,4.0,4.0,1,2643.77978515625,-3.499307870864868,5.62072474445291,20.906993865966797,8.270209312438965,0.6981261121070759,2643.77978515625,-3.499307870864868,2643.77978515625,-3.499307870864868,0.0,0.0,0.0,0,3.4193902883754705,3.4193057887226037,-0.024038873612880707,3.191807746887207,-0.023247458040714264,0.7811709642410278,0.041792552918195724,-1.2850603918633483,0.0,-33.59783976198506,-33.59783976198506,2.185481384448807,3.58143949508667,-0.08269168436527252,0.06916590204196056,1.0,2644.264589553313,-2.0984716488004693,10,10,11,21.714123881627074,0.9602545427145888,3.8627144503366253,0.08224860206973039,-13.866600583812374,5.91513264139911,3.2415544600589197,3.1095591448174766,0.13199531524144303,0,4.426453080377271,nan
GT+smooth-jitter_controlled_forward3x6_SoftMS_local_prior_3frame_causal_heading_continuous_waypoint_RNN_polynomial_Kalman,1,controlled_gt_jitter,8.0,-10.089120654652039,9.534771293117903,-2.8484394832348032,5.2303961214565255,0,0,6,-10.86379427802505,4.829103730151631,-7.240681171417236,4.304375171661377,-1,-10.863794326782227,4.829103946685791,-10.86379427802505,4.829103730151631,0.0,0,0.0,0.0,1204,/yh/study/uav-sat/v36_GvsK/v36_training_data/routes/route_C/vi/vi_001204.jpg,-7.240681171417236,4.304375171661377,2650.725452197219,0.08203324283458217,10,2.5982162841657557,2.5982162841657557,1,2.5982162841657557,-31.897973879974096,-0.4856155024378433,2647.4576675943895,-2.1220752445937165,-11.18061129965493,4.188353538117054,3.941638039552259,4.065073655397497,1,0.0,0,0,0.9460339492148535,1.0,2645.522216796875,2.9798567295074463,1,1,6,18,1,-33.59012164822295,0.5539699196815491,-0.4627423584461212,0.3414972126483917,2.421243190765381,1,0.3414972126483917,2.421243190765381,2658.14013671875,2.5435023307800293,0.08481902629137039,0.9240468740463257,4.0,4.0,1,2654.141845703125,2.2024314403533936,4.020924409042692,21.092559814453125,8.315528869628906,0.9460339492148535,2654.141845703125,2.2024314403533936,2652.3092609547302,0.788880771610792,1.832584748394675,1.4135506687426016,0.0,1,3.1931652801163195,3.19307804107666,-0.023603595793247223,3.1887547969818115,-0.024542417377233505,0.7871240973472595,0.040843505412340164,-1.2245858969520556,0.0,-33.53736526707377,-33.53736526707377,1.6393913870996706,3.5814106464385986,-0.08067894726991653,0.46464541636829887,1.0,2647.382916003068,-1.4111982978710973,10,10,11,18.595797431871688,0.965962316667909,3.3425361941508527,0.5905385128160558,-10.86379427802505,4.829103730151631,3.193165280116502,2.5982162841657557,0.5949489959507464,0,3.6609136350600497,nan
GT+smooth-jitter_controlled_forward3x6_SoftMS_local_prior_3frame_causal_heading_continuous_waypoint_RNN_polynomial_Kalman,1,controlled_gt_jitter,8.0,-8.061055070671625,8.053465181207624,-3.026601201805658,5.122237020349469,0,0,6,-7.86770880320134,3.7315510177429028,-5.034453868865967,2.9312281608581543,-1,-7.867708683013916,3.731550931930542,-7.86770880320134,3.7315510177429028,0.0,0,0.0,0.0,1205,/yh/study/uav-sat/v36_GvsK/v36_training_data/routes/route_C/vi/vi_001205.jpg,-5.034453868865967,2.9312281608581543,2653.324032131176,0.10084681875578459,10,2.598648037691999,2.598648037691999,1,2.598648037691999,-31.89796832263085,5.557343247154404e-06,2650.5736162956555,-1.4353182449767434,-8.180090541354515,3.1031592400982726,3.1503317874969134,3.918060537344834,1,0.0,0,0,0.9040119716859236,1.0,2648.028076171875,2.812025547027588,1,1,6,18,1,-33.57165687213205,0.5539699196815491,-0.4627423584461212,0.4405902922153473,3.0344340801239014,1,0.4405902922153473,3.0344340801239014,2657.89599609375,3.1147053241729736,0.16122262179851532,0.7943263649940491,4.0,4.0,1,2653.897705078125,2.7752254009246826,2.7352150648212823,21.051578521728516,8.307172775268555,0.9040119716859236,2653.897705078125,2.7752254009246826,2653.897705078125,1.4063015083050305,0.0,1.368923892619652,0.0,1,3.1907914580813546,3.1907002925872803,-0.024119947105646133,3.1807894706726074,-0.024636607617139816,0.7860277891159058,0.040596526116132736,-1.2113463222979262,0.0,-33.52412569241964,-33.52412569241964,1.6261573697887886,3.5729129314422607,-0.07988902926445007,0.27936882810947233,1.0,2650.5017223347145,-0.7372567613499844,10,10,11,15.476991100225405,0.9716709689953834,2.822309796461468,0.5821414329806083,-7.86770880320134,3.7315510177429028,3.1907914580814234,2.598648037691999,0.5921434203894242,0,2.944121294747875,nan
GT+smooth-jitter_controlled_forward3x6_SoftMS_local_prior_3frame_causal_heading_continuous_waypoint_RNN_polynomial_Kalman,1,controlled_gt_jitter,8.0,-6.029332327069752,6.566166429241069,-3.2004760972876474,5.007693557460674,0,0,6,-4.829478764907464,2.774698322474255,-2.8288562297821045,1.5584728717803955,-1,-4.829478740692139,2.774698257446289,-4.829478764907464,2.774698322474255,0.0,0,0.0,0.0,1206,/yh/study/uav-sat/v36_GvsK/v36_training_data/routes/route_C/vi/vi_001206.jpg,-2.8288562297821045,1.5584728717803955,2655.921870518424,0.1196548745513131,10,2.597906470453328,2.597906470453328,1,2.597906470453328,-31.89797166090792,-3.3382770713676545e-06,2653.6869716633278,-0.7616608717369521,-5.188763805441336,2.0082801321849133,2.4023926276040823,3.814393162357129,1,0.0,0,0,0.870083355340995,1.0,2650.540283203125,2.641084909439087,1,1,6,18,1,-33.55502098591313,0.5539699196815491,-0.4627423584461212,0.8196985125541687,3.003095865249634,1,0.8196985125541687,3.003095865249634,2658.233154296875,3.2908689975738525,0.2229110151529312,0.6907431483268738,4.0,4.0,1,2654.23486328125,2.9473955631256104,3.292736069000441,21.0781307220459,8.312910079956055,0.870083355340995,2654.23486328125,2.9473955631256104,2654.23486328125,2.02397666457569,0.0,0.9234188985499205,0.0,1,3.1853428145232874,3.1852493286132812,-0.02440411038696766,3.176917552947998,-0.024488696828484535,0.7831395268440247,0.040614284574985504,-1.1967874539169268,0.0,-33.509566824038636,-33.509566824038636,1.6115951631307175,3.5676217079162598,-0.07871336489915848,0.12302339228115847,1.0,2653.58093692466,0.0781243489911988,10,10,11,12.397776510279982,0.9773071527357204,2.3409335937640208,0.5790110824946701,-4.829478764907464,2.774698322474255,3.185342814523121,2.597906470453328,0.587436344069793,0,2.3413019615092163,nan
GT+smooth-jitter_controlled_forward3x6_SoftMS_local_prior_3frame_causal_heading_continuous_waypoint_RNN_polynomial_Kalman,1,controlled_gt_jitter,8.0,-4.667182367163161,5.421524892993727,-3.369825761633376,4.886942635722914,0,0,6,-2.8916611782935586,2.6901114387778824,-1.2973566055297852,0.534582257270813,-1,-2.8916611671447754,2.6901113986968994,-2.8916611782935586,2.6901114387778824,0.0,0,0.0,0.0,1207,/yh/study/uav-sat/v36_GvsK/v36_training_data/routes/route_C/vi/vi_001207.jpg,-1.2973566055297852,0.534582257270813,2657.7635175121904,0.07297040264175526,10,1.8422386082062785,1.8422386082062785,1,1.8422386082062785,-33.76487659791396,-1.8669049370060415,2655.8836671470804,0.06042264853836911,-2.8928055728136988,1.528834455724481,1.8798922419482609,3.531324507740782,1,0.0,0,0,0.8957810262179748,1.0,2652.30322265625,2.401824474334717,1,1,6,18,1,-33.53911198123229,0.5539699196815491,-0.4627423584461212,0.6762499809265137,2.588949680328369,1,0.6762499809265137,2.588949680328369,2658.333251953125,2.8641772270202637,0.17618797719478607,0.789376974105835,4.0,4.0,1,2654.335205078125,2.5293476581573486,4.217477370061553,20.978830337524414,8.289814949035645,0.8957810262179748,2654.335205078125,2.5293476581573486,2654.335205078125,2.5293476581573486,0.0,0.0,0.0,0,2.3027982602578483,2.302730222420258,-0.017701700452829695,3.164412498474121,-0.023987900465726852,0.778721809387207,0.04069724306464195,-1.1859444218878257,0.0,-33.49872379200953,-33.49872379200953,0.2661528059044312,3.5529367923736572,-0.07719150930643082,0.16398302870565573,1.0,2655.26388432058,1.0424790567877265,10,10,11,10.714829114359873,0.9803876138311245,2.499633191610428,1.3221738902678426,-2.8916611782935586,2.6901114387778824,1.939662841806175,1.8422386082062785,0.09742423359989649,0,2.681065669293465,nan
GT+smooth-jitter_controlled_forward3x6_SoftMS_local_prior_3frame_causal_heading_continuous_waypoint_RNN_polynomial_Kalman,1,controlled_gt_jitter,8.0,-3.299166913840099,4.270120294331124,-3.53441938361816,4.760170401571801,0,0,6,-1.6496487932448014,2.538422868174702,0.2352524697780609,-0.4900501072406769,-1,-1.6496487855911255,2.5384228229522705,-1.6496487932448014,2.538422868174702,0.0,0,0.0,0.0,1208,/yh/study/uav-sat/v36_GvsK/v36_training_data/routes/route_C/vi/vi_001208.jpg,0.2352524697780609,-0.4900501072406769,2659.606498646026,0.02625209311239578,10,1.8435731773163704,1.8435731773163704,1,1.8435731773163704,-33.764877160128606,-5.622146412678287e-07,2657.5682837386944,1.0248995024060923,-0.9535119856958995,1.4434585495696448,2.2697173076307884,3.3740475467488507,1,0.0,0,0,0.9011200832164661,1.0,2654.074951171875,2.1599833965301514,1,1,6,18,1,-33.52497615769301,0.5539699196815491,-0.4627423584461212,0.7225276827812195,2.551778793334961,1,0.7225276827812195,2.551778793334961,2658.392333984375,2.857499837875366,0.16648060083389282,0.8104895949363708,4.0,4.0,1,2654.394287109375,2.531677722930908,5.783105280846252,20.95294189453125,8.283610343933105,0.9011200832164661,2654.394287109375,2.531677722930908,2654.394287109375,2.531677722930908,0.0,0.0,0.0,0,2.304466471645463,2.3043994181143668,-0.01757955438163427,3.1706960201263428,-0.023851970210671425,0.7812630534172058,0.04092811048030853,-1.201879466664877,0.0,-33.51465883678659,-33.51465883678659,0.25021832334201477,3.5604729652404785,-0.07808677852153778,0.2528891936997632,1.0,2656.394645672849,1.57818695413559,10,10,11,9.584067762090854,0.9824573555011824,3.211852973176974,1.3271228428099724,-1.6496487932448014,2.538422868174702,1.2512410587357412,1.8435731773163704,0.0,0,3.567141899920223,nan
GT+smooth-jitter_controlled_forward3x6_SoftMS_local_prior_3frame_causal_heading_continuous_waypoint_RNN_polynomial_Kalman,1,controlled_gt_jitter,8.0,-1.927275559492379,3.113626803103423,-3.6940341206267173,4.627571905795073,0,0,6,-0.8269473707162355,2.359501074756363,1.7667585611343384,-1.5139451026916504,-1,-0.8269473910331726,2.3595011234283447,-0.8269473707162355,2.359501074756363,0.0,0,0.0,0.0,1209,/yh/study/uav-sat/v36_GvsK/v36_training_data/routes/route_C/vi/vi_001209.jpg,1.7667585611343384,-1.5139451026916504,2661.4481534472097,-0.0204326243861291,10,1.8422464193399675,1.8422464193399675,1,1.8422464193399675,-33.76487808022256,-9.20093955441863e-07,2658.6973877123883,1.5607543540993745,0.2871782311693095,1.292780112925648,3.1728322345818087,3.275370623816586,1,0.0,0,0,0.9149018527901546,1.0,2655.8525390625,1.915913462638855,1,1,6,18,1,-33.52136512205619,0.5539699196815491,-0.4627423584461212,0.7416101694107056,2.405740976333618,1,0.7416101694107056,2.405740976333618,2658.486572265625,2.7442774772644043,0.141422837972641,0.8469405174255371,4.0,4.0,1,2654.488525390625,2.419245481491089,7.374852672853983,20.97374153137207,8.287148475646973,0.9149018527901546,2654.488525390625,2.419245481491089,2654.488525390625,2.419245481491089,0.0,0.0,0.0,0,2.3028080241749596,2.302742039539071,-0.017432600036215537,3.1724445819854736,-0.02387964352965355,0.7785384654998779,0.040914103388786316,-1.1854892538126678,0.0,-33.49826862393438,-33.49826862393438,0.2666094562881794,3.560880422592163,-0.07711091637611389,0.3959519666569584,1.0,2657.1855867263102,1.8667400493195694,10,10,11,8.793126708629643,0.9839050912710893,4.2625667208994855,1.3301981626455062,-0.8269473707162355,2.359501074756363,0.8419326806761694,1.8422464193399675,0.0,0,4.661640886051122,nan
GT+smooth-jitter_controlled_forward3x6_SoftMS_local_prior_3frame_causal_heading_continuous_waypoint_RNN_polynomial_Kalman,1,controlled_gt_jitter,8.0,-1.2777300137628518,2.3756079205082665,-3.8484554547418557,4.489350748877407,0,0,6,-0.700205905829874,2.1199909255728153,2.570725440979004,-2.1137428283691406,-1,-0.70020592212677,2.119990825653076,-0.700205905829874,2.1199909255728153,0.0,0,0.0,0.0,1210,/yh/study/uav-sat/v36_GvsK/v36_training_data/routes/route_C/vi/vi_001210.jpg,2.570725440979004,-2.1137428283691406,2662.4482365249237,-0.09759409978434326,10,1.003055360194569,1.003055360194569,1,1.003055360194569,-36.72469827059606,-2.959820190373501,2658.439370224617,1.8572782169222453,0.22762077533511693,1.6813059610666934,4.460104795670225,3.2317138980005535,1,0.0,0,0,0.9109082328117266,1.0,2656.7958984375,1.6393909454345703,1,1,6,18,1,-33.51328137973007,0.5539699196815491,-0.4627423584461212,1.0954172611236572,1.0722019672393799,1,1.0954172611236572,1.0722019672393799,2659.498291015625,1.8063710927963257,0.14868396520614624,0.7033908367156982,4.0,4.0,1,2655.500732421875,1.49300217628479,7.127258222859863,20.763511657714844,8.243791580200195,0.9109082328117266,2655.500732421875,1.49300217628479,2655.500732421875,1.49300217628479,0.0,0.0,0.0,0,1.2538192002432114,1.2537834983067098,-0.00946183239732422,3.125544309616089,-0.023055069148540497,0.766987144947052,0.04039328172802925,-1.1839618527595237,0.0,-33.496741222881234,-33.496741222881234,3.2279570477148245,3.5082297325134277,-0.07536353170871735,0.19015506134390617,1.0,2657.4207293034997,1.7320683044130112,10,10,11,8.557984131440207,0.9843354954314695,5.027507221424003,2.1224889494215198,-0.700205905829874,2.1199909255728153,0.2709769556317772,1.003055360194569,0.0,0,5.350092837961261,nan
GT+smooth-jitter_controlled_forward3x6_SoftMS_local_prior_3frame_causal_heading_continuous_waypoint_RNN_polynomial_Kalman,1,controlled_gt_jitter,8.0,-0.6190011511640772,1.6293548047301734,-3.997477532465957,4.345718711590525,0,0,6,-0.672613072718036,1.1720267088082261,3.37847638130188,-2.7163639068603516,-1,-0.6726130843162537,1.1720267534255981,-0.672613072718036,1.1720267088082261,0.0,0,0.0,0.0,1211,/yh/study/uav-sat/v36_GvsK/v36_training_data/routes/route_C/vi/vi_001211.jpg,3.37847638130188,-2.7163639068603516,2663.453026870914,-0.1751189760411205,10,1.007776634892078,1.007776634892078,1,1.007776634892078,-36.72471024625501,-1.1975658950776443e-05,2658.6804151060765,1.7226791270000532,0.3593893662283817,1.4387021928773538,5.136093914423189,3.1658568802629543,1,0.0,0,0,0.95,1.0,2657.751708984375,1.3608180284500122,1,1,6,18,1,-33.50749236752166,0.5539699196815491,-0.4627423584461212,1.048705816268921,-1.177340030670166,1,1.048705816268921,-1.177340030670166,2660.661376953125,-0.11978186666965485,0.00382822472602129,0.9985268712043762,4.0,4.0,1,2656.663818359375,-0.443428635597229,6.794508244646412,20.714614868164062,8.233567237854004,0.95,2656.663818359375,-0.443428635597229,2656.663818359375,-0.4434286355972292,0.0,0.0,0.0,0,1.2597207936150974,1.2596858025768802,-0.00938917741295798,3.114215850830078,-0.022546779364347458,0.764715313911438,0.04058324545621872,-1.1426030296226866,0.0,-33.455382399744394,-33.455382399744394,3.2693278465106124,3.495833158493042,-0.07197939604520798,0.20231062037268874,1.0,2657.950774795495,0.9456528308109888,10,10,11,8.027938639444983,0.9853056888676065,5.502252075419165,2.106439215938,-0.672613072718036,1.1720267088082261,0.9483657104225346,1.007776634892078,0.0,0,5.615238850172879,nan
GT+smooth-jitter_controlled_forward3x6_SoftMS_local_prior_3frame_causal_heading_continuous_waypoint_RNN_polynomial_Kalman,1,controlled_gt_jitter,8.0,0.11769960856577111,0.8239147769738242,-4.14090348744253,4.196895371608834,0,0,6,-0.5800911251227141,0.6005958979243,4.258603096008301,-3.3729805946350098,-1,-0.580091118812561,0.6005958914756775,-0.5800911251227141,0.6005958979243,0.0,0,0.0,0.0,1212,/yh/study/uav-sat/v36_GvsK/v36_training_data/routes/route_C/vi/vi_001212.jpg,4.258603096008301,-3.3729805946350098,2664.5478479288486,-0.25959003444116824,10,1.098074910288037,1.098074910288037,1,1.098074910288037,-36.72470180454879,8.441706216740666e-06,2659.323331494113,0.9355828868273156,0.4820103076219391,0.42982852485349365,5.359478546328626,3.1311851326254256,1,0.0,0,0,0.95,1.0,2658.8046875,1.07390296459198,1,1,6,18,1,-33.48925384144702,0.5539699196815491,-0.4627423584461212,1.015383005142212,-0.9772824048995972,1,1.015383005142212,-0.9772824048995972,2660.5263671875,0.031482961028814316,0.002441819990053773,0.9991058707237244,4.0,4.0,1,2656.529296875,-0.27137455344200134,8.018559713444006,20.48524284362793,8.178171157836914,0.95,2656.529296875,-0.27137455344200134,2656.529296875,-0.27137455344200145,0.0,0.0,0.0,0,1.372593637860046,1.372556698618327,-0.010069943983673172,3.0907177925109863,-0.019879858940839767,0.7480638027191162,0.042020030319690704,-1.087162917738222,0.0,-33.399942287859936,-33.399942287859936,3.3247595166888604,3.4641475677490234,-0.06460824608802795,0.21621323611423657,1.0,2658.3344221575094,0.5121690548358186,10,10,11,7.644291277430511,0.9860079156727373,6.213425771339189,1.9926428822229494,-0.5800911251227141,0.6005958979243,0.578872596012536,1.098074910288037,0.0,0,6.261171767954193,nan
GT+smooth-jitter_controlled_forward3x6_SoftMS_local_prior_3frame_causal_heading_continuous_waypoint_RNN_polynomial_Kalman,1,controlled_gt_jitter,8.0,0.5056387102871414,0.35308428471612885,-4.278545745584441,4.04310770695734,0,0,6,-0.8534701894729875,0.45536473841214353,4.784184455871582,-3.690023422241211,-1,-0.8534702062606812,0.45536473393440247,-0.8534701894729875,0.45536473841214353,0.0,0,0.0,0.0,1213,/yh/study/uav-sat/v36_GvsK/v36_training_data/routes/route_C/vi/vi_001213.jpg,4.784184455871582,-3.690023422241211,2665.1615114884776,-0.24659172855300293,10,0.6138012059064981,0.6138012059064981,1,0.6138012059064981,-31.099351086654266,5.625350717894527,2659.1016557074695,0.5069197313377461,0.0655246765281598,0.18604178536435872,6.106523692478702,3.1136980562401657,1,0.0,0,0,0.95,1.0,2659.38427734375,0.8833534121513367,1,1,6,18,1,-33.45799484038022,0.5539699196815491,-0.4627423584461212,0.97049480676651,-0.9374877214431763,1,0.97049480676651,-0.9374877214431763,2660.467041015625,0.04112056642770767,0.002022523432970047,0.9992203712463379,4.0,4.0,1,2656.47119140625,-0.25319337844848633,8.690322589717255,19.91114044189453,8.06395435333252,0.95,2656.47119140625,-0.25319337844848633,2656.47119140625,-0.25319337844848633,0.0,0.0,0.0,0,0.7672515073831226,0.7672335499601711,-0.00524932349807253,2.93147873878479,-0.015998153015971184,0.7039787769317627,0.040766891092061996,-1.0027510643852675,0.0,-33.315530434506975,-33.315530434506975,2.2161793478527123,3.2830421924591064,-0.05307742953300476,0.17598765331219804,1.0,2658.1810098459528,0.24329572930659593,10,10,11,7.797703588987133,0.9857271103080231,6.980501642524814,2.317677532878292,-0.8534701894729875,0.45536473841214353,0.30956130655861425,0.6138012059064981,0.0,0,6.997670534017746,nan
GT+smooth-jitter_controlled_forward3x6_SoftMS_local_prior_3frame_causal_heading_continuous_waypoint_RNN_polynomial_Kalman,1,controlled_gt_jitter,8.0,0.9002619119772612,-0.12291191504577492,-4.41022631205228,3.8845896871270766,0,0,6,-1.041971756502328,0.4078629539860998,5.310488224029541,-4.007501602172852,-1,-1.0419718027114868,0.40786296129226685,-1.041971756502328,0.4078629539860998,0.0,0,0.0,0.0,1214,/yh/study/uav-sat/v36_GvsK/v36_training_data/routes/route_C/vi/vi_001214.jpg,5.310488224029541,-4.007501602172852,2665.7760182997604,-0.23357520071901597,10,0.6146446543410052,0.6146446543410052,1,0.6146446543410052,-31.099317477733393,3.360892087374733e-05,2658.9493013677557,0.2386087916079433,-0.20665963252570066,0.04072039288128265,6.843027238900351,3.105077917581132,1,0.0,0,0,0.95,1.0,2659.97216796875,0.6920109391212463,1,1,6,18,1,-33.40813232500501,0.5539699196815491,-0.4627423584461212,0.9303528070449829,-0.7886776328086853,1,0.9303528070449829,-0.7886776328086853,2660.353515625,0.14542877674102783,0.0013194512575864792,0.9995461106300354,4.0,4.0,1,2656.357177734375,-0.15640932321548462,9.41915665910717,20.020259857177734,8.085857391357422,0.95,2656.357177734375,-0.15640932321548462,2656.357177734375,-0.15640932321548462,0.0,0.0,0.0,0,0.7683058179262565,0.7682915218029828,-0.004686937698652632,2.958505392074585,-0.015783758834004402,0.7093414664268494,0.041670799255371094,-0.9529348662303679,0.0,-33.26571423635208,-33.26571423635208,2.1663967586186863,3.3128018379211426,-0.0500507690012455,0.1618252259120618,1.0,2658.0470907809363,0.1023881556234306,10,10,11,7.931622654003604,0.9854819853143861,7.728927518824094,2.34386073773358,-1.041971756502328,0.4078629539860998,0.1943945994521847,0.6146446543410052,0.0,0,7.736225951201509,nan
GT+smooth-jitter_controlled_forward3x6_SoftMS_local_prior_3frame_causal_heading_continuous_waypoint_RNN_polynomial_Kalman,1,controlled_gt_jitter,8.0,0.8797379064134709,-0.2543383476336314,-4.535777039570416,3.721581852714269,0,0,6,-1.1700390287488427,0.4567763417959422,5.415514945983887,-3.9759202003479004,-1,-1.1700390577316284,0.45677635073661804,-1.1700390287488427,0.4567763417959422,0.0,0,0.0,0.0,1215,/yh/study/uav-sat/v36_GvsK/v36_training_data/routes/route_C/vi/vi_001215.jpg,5.415514945983887,-3.9759202003479004,2665.847899309831,-0.15074333694110065,10,0.10967222650108126,0.10967222650108126,1,0.10967222650108126,16.735965822839578,12.000000000000002,2658.1841788504976,0.10160911031599923,-0.9265292165226913,0.33392537429426317,7.667874088458053,3.1006473481070054,1,0.0,0,0,0.95,1.0,2660.025146484375,0.5699659585952759,1,1,6,18,1,-33.35828603132909,0.5539699196815491,-0.4627423584461212,0.7381757497787476,-0.7311955094337463,1,0.7381757497787476,-0.7311955094337463,2660.160400390625,0.09128288179636002,0.0005048515740782022,0.9998319745063782,4.0,4.0,1,2656.163330078125,-0.22732028365135193,9.684871978115106,20.273408889770508,8.14144229888916,0.95,2656.163330078125,-0.22732028365135193,2656.163330078125,-0.22732028365135193,0.0,0.0,0.0,1,0.13709028312635158,0.13708806956140349,-0.0007790453074313611,3.002413272857666,-0.017648734152317047,0.7246451377868652,0.041375767439603806,-0.9536828786661901,0.0,-33.2664622487879,-33.2664622487879,50.00242807162748,3.3643202781677246,-0.05296439677476883,0.09882253752811299,1.0,2657.912709465131,0.07526975430464171,10,10,11,8.066003969809117,0.985236014218503,7.9351898447002895,2.892741046356585,-1.1700390287488427,0.4567763417959422,0.13709028312648175,0.10967222650108126,0.02741805662540049,0,7.93840788753337,nan
GT+smooth-jitter_controlled_forward3x6_SoftMS_local_prior_3frame_causal_heading_continuous_waypoint_RNN_polynomial_Kalman,1,controlled_gt_jitter,8.0,0.8560298970212248,-0.3928560624042641,-4.655039877606461,3.5543308844646324,0,0,6,-1.2873816407936358,0.4990548164403714,5.5110697746276855,-3.9471869468688965,-1,-1.287381649017334,0.49905481934547424,-1.2873816407936358,0.4990548164403714,0.0,0,0.0,0.0,1216,/yh/study/uav-sat/v36_GvsK/v36_training_data/routes/route_C/vi/vi_001216.jpg,5.5110697746276855,-3.9471869468688965,2665.9132976707674,-0.07538167878849865,10,0.09978138670430696,0.09978138670430696,1,0.09978138670430696,16.73598668335717,2.0860517589006065e-05,2658.03743410746,0.07454752467132263,-1.065014977865823,0.3894955365401618,7.87729050079306,3.098004357033951,1,0.0,0,0,0.95,1.0,2660.0791015625,0.44022583961486816,1,1,6,18,1,-33.32614775012835,0.5539699196815491,-0.4627423584461212,0.8208869099617004,-0.7964361906051636,1,0.8208869099617004,-0.7964361906051636,2660.26513671875,0.08035769313573837,0.0008697769371792674,0.999688982963562,4.0,4.0,1,2656.2685546875,-0.23863208293914795,9.646124501982065,20.030141830444336,8.09584903717041,0.95,2656.2685546875,-0.23863208293914795,2656.2685546875,-0.23863208293914795,0.0,0.0,0.0,1,0.12472673338038369,0.12472464232900439,-0.0007222296333190869,2.923187732696533,-0.01858113519847393,0.7046985030174255,0.038712698966264725,-0.9114544870706458,0.0,-33.22423385719236,-33.22423385719236,49.96022054054952,3.275135040283203,-0.05132954195141792,0.07614419819994185,1.0,2657.790938649068,0.04827667417080385,10,10,11,8.18777478587208,0.9850131253377531,8.122359021699594,2.8234063459922263,-1.2873816407936358,0.4990548164403714,0.12472673338043642,0.09978138670430696,0.024945346676129465,0,8.123300281636748,nan
GT+smooth-jitter_controlled_forward3x6_SoftMS_local_prior_3frame_causal_heading_continuous_waypoint_RNN_polynomial_Kalman,1,controlled_gt_jitter,8.0,0.8387827736557965,-0.5353569013735027,-4.767867101985073,3.3830891626218587,0,0,6,-1.4087720279092584,0.5278535079319812,5.606649875640869,-3.9184460639953613,-1,-1.4087719917297363,0.5278534889221191,-1.4087720279092584,0.5278535079319812,0.0,0,0.0,0.0,1217,/yh/study/uav-sat/v36_GvsK/v36_training_data/routes/route_C/vi/vi_001217.jpg,5.606649875640869,-3.9184460639953613,2665.978713312237,-6.359508962701658e-08,10,0.09980778555824514,0.09980778555824514,1,0.09980778555824514,16.73600318403124,1.6500674072486378e-05,2657.9156960610667,0.047515841031552056,-1.1823505300171937,0.43172386898836973,8.063157257170484,3.0960664718036957,1,0.0,0,0,0.95,1.0,2660.140869140625,0.310573011636734,1,1,6,18,1,-33.2904778342399,0.5539699196815491,-0.4627423584461212,0.8424813151359558,-0.9617601633071899,1,0.8424813151359558,-0.9617601633071899,2660.371826171875,-0.04782155156135559,0.0017749257385730743,0.9993303418159485,4.0,4.0,1,2656.37548828125,-0.35957953333854675,9.60995465082087,19.96286392211914,8.076461791992188,0.95,2656.37548828125,-0.35957953333854675,2656.37548828125,-0.35957953333854675,0.0,0.0,0.0,1,0.12475973194780642,0.12475741199873748,-0.0007608331392517917,2.9243340492248535,-0.016918743029236794,0.701378345489502,0.040060631930828094,-0.8700397417599792,0.0,-33.18281911188169,-33.18281911188169,49.918822295912925,3.274693012237549,-0.04661829024553299,0.059935757390534715,1.0,2657.6729523806866,0.0077275534751906,10,10,11,8.305761054253253,0.9847971636799965,8.30576093155014,2.824526263666608,-1.4087720279092584,0.5278535079319812,0.12475973194789101,0.09980778555824514,0.024951946389645874,0,8.305764526407678,nan
GT+smooth-jitter_controlled_forward3x6_SoftMS_local_prior_3frame_causal_heading_continuous_waypoint_RNN_polynomial_Kalman,1,controlled_gt_jitter,8.0,0.6798249705070587,-0.6959696497104404,-4.874121524549094,3.208114317498422,0,0,6,-1.4730833259318699,0.5507974816448102,5.553946495056152,-3.9040839672088623,-1,-1.4730833768844604,0.5507974624633789,-1.4730833259318699,0.5507974816448102,0.0,0,0.0,0.0,1218,/yh/study/uav-sat/v36_GvsK/v36_training_data/routes/route_C/vi/vi_001218.jpg,5.553946495056152,-3.9040839672088623,2665.978713312237,-0.016034154006337266,10,0.0546252336302763,0.0546252336302763,1,0.0546252336302763,164.75657157809815,12.000000000000002,2657.741232723352,0.007322845470536751,-1.3512817325577198,0.4910128385101494,8.185294912651399,3.0944373783966235,1,0.0,0,0,0.95,1.0,2660.09228515625,0.0898628756403923,1,1,6,18,1,-33.25279728141453,0.5539699196815491,-0.4627423584461212,0.857863187789917,-0.8656267523765564,1,0.857863187789917,-0.8656267523765564,2660.33349609375,0.041647132486104965,0.0013369116932153702,0.999510645866394,4.0,4.0,1,2656.33740234375,-0.2654833495616913,9.592335985403547,19.942419052124023,8.07234001159668,0.95,2656.33740234375,-0.2654833495616913,2656.33740234375,-0.2654833495616913,0.0,0.0,0.0,1,0.06828154203784537,0.06828034266534559,-0.00040470800465384934,2.9404420852661133,-0.015469184145331383,0.6973967552185059,0.041592564433813095,-0.7951977838470059,0.0,-33.10797715396872,-33.10797715396872,162.13545126793318,3.2888975143432617,-0.040321338921785355,0.04831778575696785,1.0,2657.6063356696363,-0.007258533136364143,10,10,11,8.372377765303554,0.9846752286823895,8.37237764260044,2.885816851635837,-1.4730833259318699,0.5507974816448102,0.0682815420380072,0.0546252336302763,0.013656308407730897,0,8.320163269335257,nan
GT+smooth-jitter_controlled_forward3x6_SoftMS_local_prior_3frame_causal_heading_continuous_waypoint_RNN_polynomial_Kalman,1,controlled_gt_jitter,8.0,0.5223269452511126,-0.8586252093498214,-4.973676682525987,3.0296687722023026,0,0,6,-1.5427761435395695,0.5786969290763295,5.4960036277771,-3.888293981552124,-1,-1.542776107788086,0.5786969065666199,-1.5427761435395695,0.5786969290763295,0.0,0,0.0,0.0,1219,/yh/study/uav-sat/v36_GvsK/v36_training_data/routes/route_C/vi/vi_001219.jpg,5.4960036277771,-3.888293981552124,2665.978713312237,-0.03366219441367984,10,0.060055803346203945,0.060055803346203945,1,0.060055803346203945,164.75649201444574,-7.956365238623905e-05,2657.681404263282,-0.007675955189962132,-1.4098627864783744,0.5103174694870282,8.18772090564612,3.0930251057001192,1,0.0,0,0,0.95,1.0,2660.046142578125,-0.13179339468479156,1,1,6,18,1,-33.20211023414045,0.5539699196815491,-0.4627423584461212,0.9073553681373596,-0.8303156495094299,1,0.9073553681373596,-0.8303156495094299,2660.3564453125,0.09794564545154572,0.0014836599584668875,0.9994362592697144,4.0,4.0,1,2656.360107421875,-0.21295349299907684,9.510666623548415,20.05426025390625,8.093517303466797,0.95,2656.360107421875,-0.21295349299907684,2656.360107421875,-0.21295349299907684,0.0,0.0,0.0,1,0.07506975418275494,0.07506859364533494,-0.0004174220535979889,2.9669547080993652,-0.016909440979361534,0.7119133472442627,0.041195448487997055,-0.8373095819789839,0.0,-33.150088952100695,-33.150088952100695,162.09341903345359,3.322610378265381,-0.0448707714676857,0.04225901440732684,1.0,2657.532521903767,-0.02093317979506644,10,10,11,8.446191531173099,0.9845401202205222,8.446191408469986,2.9068989047531613,-1.5427761435395695,0.5786969290763295,0.07506975418292107,0.060055803346203945,0.015013950836717124,0,8.336571745311975,nan
GT+smooth-jitter_controlled_forward3x6_SoftMS_local_prior_3frame_causal_heading_continuous_waypoint_RNN_polynomial_Kalman,1,controlled_gt_jitter,8.0,0.37683317198909183,-1.0258990164395558,-5.06641700730168,2.8480192784670604,0,0,6,-1.6017299751462513,0.6132754621259549,5.4432501792907715,-3.873918294906616,-1,-1.6017299890518188,0.6132754683494568,-1.6017299751462513,0.6132754621259549,0.0,0,0.0,0.0,1220,/yh/study/uav-sat/v36_GvsK/v36_training_data/routes/route_C/vi/vi_001220.jpg,5.4432501792907715,-3.873918294906616,2665.978713312237,-0.04971156279516402,10,0.05467711307054814,0.05467711307054814,1,0.05467711307054814,164.75662622249993,0.00013420805417343614,2657.6008672091907,-0.021318452992442952,-1.4852205566926882,0.5418379595893807,8.21599720292672,3.0918378937336666,1,0.0,0,0,0.95,1.0,2660.0126953125,-0.35093599557876587,1,1,6,18,1,-33.1839027640822,0.5539699196815491,-0.4627423584461212,0.6939969658851624,-0.6323880553245544,1,0.6939969658851624,-0.6323880553245544,2660.0703125,0.1511739045381546,0.00021744449622929096,0.9999309182167053,4.0,4.0,1,2656.1025390625,-0.06419678032398224,9.714287088197628,16.191160202026367,7.29243278503418,0.95,2656.1025390625,-0.06419678032398224,2656.1025390625,-0.06419678032398224,0.0,0.0,0.0,1,0.06834639133818518,0.06834530542411628,-0.0003852731973765135,1.965531826019287,-0.00029379408806562424,0.38741594552993774,0.027163339778780937,-0.1625071157449697,0.0,-32.47528648586668,-32.47528648586668,162.76808729163344,2.159268856048584,0.007163613103330135,0.05311970806026079,1.0,2657.4642138685563,-0.023222619607402663,10,10,11,8.51449956638362,0.9844150894290193,8.514499443680506,1.910854712948739,-1.6017299751462513,0.6132754621259549,0.06834639133833638,0.05467711307054814,0.013669278267788236,0,8.352643485122753,nan
GT+smooth-jitter_controlled_forward3x6_SoftMS_local_prior_3frame_causal_heading_continuous_waypoint_RNN_polynomial_Kalman,1,controlled_gt_jitter,8.0,0.12805883016998454,-1.2736374994563335,-5.152237972350767,2.663436446542812,0,0,6,-1.8041970813852723,0.6953097978874624,5.280296802520752,-3.9370739459991455,-1,-1.804197072982788,0.6953098177909851,-1.8041970813852723,0.6953097978874624,0.0,0,0.0,0.0,1221,/yh/study/uav-sat/v36_GvsK/v36_training_data/routes/route_C/vi/vi_001221.jpg,5.280296802520752,-3.9370739459991455,2665.978713312237,-0.19019233478712017,10,0.1747639529928104,0.1747639529928104,1,0.1747639529928104,-158.8152213055814,12.000000000000002,2657.682667707916,-0.023916465103547745,-1.417476211776583,0.49591655945238033,8.03190937277513,3.0908920522037238,1,0.0,0,0,0.95,1.0,2659.934814453125,-0.6932904124259949,1,1,6,18,1,-32.93588706937481,0.5539699196815491,-0.4627423584461212,0.6921952962875366,-0.7677169442176819,1,0.6921952962875366,-0.7677169442176819,2660.14111328125,0.03583862632513046,0.0004734308458864689,0.9998254776000977,4.0,4.0,1,2656.1708984375,-0.18237310647964478,9.541960548416146,16.25583267211914,7.305942535400391,0.95,2656.1708984375,-0.18237310647964478,2656.1708984375,-0.18237310647964478,0.0,0.0,0.0,1,0.218454941241013,0.21845383935981058,-0.000693845496145082,1.995298981666565,0.0031717796809971333,0.3797760605812073,0.030567962676286697,0.1696079511608442,0.0,-32.143171418960875,-32.143171418960875,126.67204988662053,2.1851229667663574,0.024924296885728836,0.05464680842427272,1.0,2657.2492495812735,-0.06211884751739273,10,10,11,8.729463853666402,0.9840216195407262,8.729463730963289,1.8205350286737545,-1.8041970813852723,0.6953097978874624,0.2184549412410596,0.1747639529928104,0.04369098824824921,0,8.464575166050968,nan
GT+smooth-jitter_controlled_forward3x6_SoftMS_local_prior_3frame_causal_heading_continuous_waypoint_RNN_polynomial_Kalman,1,controlled_gt_jitter,8.0,-0.09905054216776588,-1.5183561964199557,-5.231046220115764,2.47619427011752,0,0,6,-1.9813265533486137,0.7855946774561635,5.131995677947998,-3.9945504665374756,-1,-1.9813265800476074,0.7855947017669678,-1.9813265533486137,0.7855946774561635,0.0,0,0.0,0.0,1222,/yh/study/uav-sat/v36_GvsK/v36_training_data/routes/route_C/vi/vi_001222.jpg,5.131995677947998,-3.9945504665374756,2665.978713312237,-0.3180412038867409,10,0.15904959592132434,0.15904959592132434,1,0.15904959592132434,-158.81534698925321,-0.00012568367181680574,2657.4480615157813,-0.062273812047712346,-1.6362554752258252,0.5889057273011366,8.174184629262806,3.0901820881966464,1,0.0,0,0,0.95,1.0,2659.87353515625,-1.0215117931365967,1,1,6,18,1,-32.65843659439796,0.5539699196815491,-0.4627423584461212,0.6278572082519531,-0.6552095413208008,1,0.6278572082519531,-0.6552095413208008,2660.026611328125,0.09653209149837494,0.00019380291632842273,0.9999278783798218,4.0,4.0,1,2656.051025390625,-0.13872802257537842,9.568898575490879,16.40142822265625,7.337521553039551,0.95,2656.051025390625,-0.13872802257537842,2656.051025390625,-0.13872802257537842,0.0,0.0,0.0,1,0.1988119949016554,0.19881193450789164,-0.00015496453031961643,2.010847806930542,-0.0015336580108851194,0.35289809107780457,0.02758398838341236,0.3506134870144563,0.0,-31.962165883107254,-31.962165883107254,126.85318110614595,2.187180757522583,0.02564287930727005,0.04630736784778645,1.0,2657.0512889560146,-0.08049818819812603,10,10,11,8.927424478925332,0.9836592730966185,8.927424356222218,1.8517982110092177,-1.9813265533486137,0.7855946774561635,0.19881199490158286,0.15904959592132434,0.03976239898025852,0,8.570247415559518,nan
GT+smooth-jitter_controlled_forward3x6_SoftMS_local_prior_3frame_causal_heading_continuous_waypoint_RNN_polynomial_Kalman,1,controlled_gt_jitter,8.0,-0.3190708363474686,-1.7654599624391367,-5.302759667676814,2.286569647241039,0,0,6,-2.0714944173670435,0.8499034571305325,4.983688831329346,-4.052029609680176,-1,-2.0714943408966064,0.8499034643173218,-2.0714944173670435,0.8499034571305325,0.0,0,0.0,0.0,1223,/yh/study/uav-sat/v36_GvsK/v36_training_data/routes/route_C/vi/vi_001223.jpg,4.983688831329346,-4.052029609680176,2665.978713312237,-0.4458953481284359,10,0.15905587901862506,0.15905587901862506,1,0.15905587901862506,-158.8152109804535,0.00013600879970765957,2657.2501087457595,-0.08065139374305406,-1.8133773681438974,0.6791878945181846,8.281577627001669,3.089680175509762,1,0.0,0,0,0.95,1.0,2659.81982421875,-1.3479596376419067,1,1,6,18,1,-32.414741821433836,0.5539699196815491,-0.4627423584461212,0.6624478697776794,-0.8550423979759216,1,0.6624478697776794,-0.8550423979759216,2660.16259765625,-0.05386505275964737,0.000804983195848763,0.9996741414070129,4.0,4.0,1,2656.352294921875,-0.06217603012919426,9.179357023999541,13.189931869506836,6.661098480224609,0.95,2656.352294921875,-0.06217603012919426,2656.352294921875,-0.06217603012919426,0.0,0.0,0.0,0,0.19881984877328132,0.1988197897451143,-0.00015320554492803844,1.4041721820831299,-0.004381534177809954,0.21248212456703186,0.007244549226015806,1.0200774400405914,0.0,-31.29270193008112,-31.29270193008112,127.52250905037238,1.5101873874664307,0.026130400598049164,0.01907923879884065,1.0,2656.9407085796365,-0.07434650510049103,10,10,11,9.03800485530337,0.9834568671579816,9.038004732600257,1.245116303064505,-2.0714944173670435,0.8499034571305325,0.11075135595040171,0.15905587901862506,0.0,0,8.590957947992667,nan
GT+smooth-jitter_controlled_forward3x6_SoftMS_local_prior_3frame_causal_heading_continuous_waypoint_RNN_polynomial_Kalman,1,controlled_gt_jitter,8.0,-0.4769806143212927,-1.8984754674133706,-5.367307591097416,2.0948418982329917,0,0,6,-2.0459612939506613,0.8197579157008896,4.890326976776123,-3.9933173656463623,-1,-2.045961380004883,0.8197579383850098,-2.0459612939506613,0.8197579157008896,0.0,0,0.0,0.0,1224,/yh/study/uav-sat/v36_GvsK/v36_training_data/routes/route_C/vi/vi_001224.jpg,4.890326976776123,-3.9933173656463623,2665.978713312237,-0.4461808543395931,10,0.11028854648195871,0.11028854648195871,1,0.11028854648195871,147.8355435493099,-12.000000000000002,2657.0785690317316,-0.07459888110780827,-1.9551175777188174,0.775998118087892,8.343049881910796,3.089345765004887,1,0.0,0,0,0.95,1.0,2659.75732421875,-1.5447858572006226,1,1,6,18,1,-32.022027875468645,0.5539699196815491,-0.4627423584461212,1.0949057340621948,-1.104332447052002,1,1.0949057340621948,-1.104332447052002,2660.661376953125,-0.0333843007683754,0.00473230192437768,0.9979629516601562,4.0,4.0,1,2656.787841796875,-0.10852926969528198,8.632104549759562,13.639639854431152,6.754997253417969,0.95,2656.787841796875,-0.10852926969528198,2656.787841796875,-0.10852926969528198,0.0,0.0,0.0,0,0.1378606831024484,0.13786045209495226,-0.00025237600731724036,1.4958926439285278,-0.014179148711264133,0.2272309511899948,0.0032641785219311714,1.073477993405867,0.0,-31.239301376715844,-31.239301376715844,179.07484492602575,1.609460711479187,0.017608683556318283,0.002027355891386606,1.0,2656.978401734484,-0.08617528936242268,10,10,11,9.000311700455768,0.9835258605783064,9.000311577752655,1.385604097446569,-2.0459612939506613,0.8197579157008896,0.039505620606219094,0.11028854648195871,0.0,0,8.442617404486471,nan
GT+smooth-jitter_controlled_forward3x6_SoftMS_local_prior_3frame_causal_heading_continuous_waypoint_RNN_polynomial_Kalman,1,controlled_gt_jitter,8.0,-0.6207895743355163,-2.0376370378269186,-5.424630688379706,1.901292281554795,0,0,6,-2.1309516196138545,0.9150774157466365,4.8038411140441895,-3.938929319381714,-1,-2.1309516429901123,0.9150773882865906,-2.1309516196138545,0.9150774157466365,0.0,0,0.0,0.0,1225,/yh/study/uav-sat/v36_GvsK/v36_training_data/routes/route_C/vi/vi_001225.jpg,4.8038411140441895,-3.938929319381714,2665.978713312237,-0.44644542580596136,10,0.10216586528274695,0.10216586528274695,1,0.10216586528274695,147.8355954838946,5.193458469425258e-05,2657.106106932544,-0.08691348564786723,-1.9384267831888764,0.7508703875079248,8.212940867241267,3.089135747741687,1,0.0,0,0,0.95,1.0,2659.710205078125,-1.7392690181732178,1,1,6,18,1,-31.748073630253632,0.5539699196815491,-0.4627423584461212,0.7861413359642029,-0.7417464256286621,1,0.7861413359642029,-0.7417464256286621,2660.20654296875,0.10800541937351227,0.0006547319353558123,0.9997587203979492,4.0,4.0,1,2656.32275390625,0.03447297215461731,9.001277022037504,13.804409980773926,6.78983211517334,0.95,2656.32275390625,0.03447297215461731,2656.32275390625,0.03447297215461731,0.0,0.0,0.0,1,0.12770733160343367,0.12770519805988134,-0.0007381962854445561,1.5369181632995605,-0.006927308160811663,0.23510584235191345,0.010034413076937199,1.3498925474651093,0.0,-30.9628868226566,-30.9628868226566,178.7984823065512,1.6540567874908447,0.037066273391246796,0.014871554596422533,1.0,2656.8556206191906,-0.05104751868745823,10,10,11,9.12309281574926,0.9833011224493377,9.123092693046146,1.4347522980168137,-2.1309516196138545,0.9150774157466365,0.1277073316035801,0.10216586528274695,0.025541466320833164,0,8.464793656284115,nan
GT+smooth-jitter_controlled_forward3x6_SoftMS_local_prior_3frame_causal_heading_continuous_waypoint_RNN_polynomial_Kalman,1,controlled_gt_jitter,8.0,-0.7565166770391558,-2.1788467881554046,-5.474681121008882,1.7062035086280427,0,0,6,-2.2500398212876083,0.9577784295913424,4.718164443969727,-3.8850502967834473,-1,-2.25003981590271,0.9577784538269043,-2.2500398212876083,0.9577784295913424,0.0,0,0.0,0.0,1226,/yh/study/uav-sat/v36_GvsK/v36_training_data/routes/route_C/vi/vi_001226.jpg,4.718164443969727,-3.8850502967834473,2665.978713312237,-0.4467076483289405,10,0.10120988524444086,0.10120988524444086,1,0.10120988524444086,147.83566720336995,7.171947533633871e-05,2656.9821313359384,-0.05169165314504629,-2.0243763360379123,0.8469078822881111,8.237310506381816,3.0890115015270427,1,0.0,0,0,0.95,1.0,2659.671142578125,-1.9311630725860596,1,1,6,18,1,-31.473258300955525,0.5539699196815491,-0.4627423584461212,0.6785227656364441,-0.8130372166633606,1,0.6785227656364441,-0.8130372166633606,2660.15380859375,-0.009771994315087795,0.0005896852817386389,0.9997695684432983,4.0,4.0,1,2656.220703125,-0.1386801153421402,8.994537784197693,14.621535301208496,6.960253715515137,0.95,2656.220703125,-0.1386801153421402,2656.220703125,-0.1386801153421402,0.0,0.0,0.0,1,0.12651235655555107,0.12651071674778952,-0.0006441344575880618,1.7126339673995972,-0.010399898514151573,0.2820183336734772,0.013059992343187332,1.3031726661600471,0.0,-31.009606703961666,-31.009606703961666,178.8452739073316,1.8532518148422241,0.0382879376411438,0.01390018868631267,1.0,2656.7321486664496,-0.07861658192093131,10,10,11,9.246564768490316,0.9830751198138931,9.246564645787203,1.6114240821551564,-2.2500398212876083,0.9577784295913424,0.12651235655561247,0.10120988524444086,0.02530247131117161,0,8.485803483191876,nan
GT+smooth-jitter_controlled_forward3x6_SoftMS_local_prior_3frame_causal_heading_continuous_waypoint_RNN_polynomial_Kalman,1,controlled_gt_jitter,8.0,-0.805856562737941,-2.2385357075470136,-5.517422534112453,1.5098592585784747,0,0,6,-2.322488576597898,1.0110537133765913,4.711565971374512,-3.7483949661254883,-1,-2.32248854637146,1.0110536813735962,-2.322488576597898,1.0110537133765913,0.0,0,0.0,0.0,1227,/yh/study/uav-sat/v36_GvsK/v36_training_data/routes/route_C/vi/vi_001227.jpg,4.711565971374512,-3.7483949661254883,2665.978713312237,-0.33474155614035567,10,0.1368145432248557,0.1368145432248557,1,0.1368145432248557,92.76440897991247,-12.000000000000002,2656.9031641127413,-0.07958337492712464,-2.1060241677557046,0.865546607009166,8.232131689025987,3.088942306901866,1,0.0,0,0,0.95,1.0,2659.6611328125,-2.0079829692840576,1,1,6,18,1,-31.310980263352015,0.5539699196815491,-0.4627423584461212,0.6977028846740723,-0.6860637068748474,1,0.6977028846740723,-0.6860637068748474,2660.10205078125,0.10779128968715668,0.00032916959025897086,0.9998846054077148,4.0,4.0,1,2656.146240234375,-0.05828329920768738,8.989352352636928,15.183833122253418,7.078498840332031,0.95,2656.146240234375,-0.05828329920768738,2656.146240234375,-0.05828329920768738,0.0,0.0,0.0,0,0.1710181790310696,0.17101544629180768,-0.0009667930061933374,1.8122458457946777,-0.017132414504885674,0.3017985224723816,0.010732604190707207,1.156517405622472,0.0,-31.15626196449924,-31.15626196449924,123.92067094441173,1.9629826545715332,0.027859751135110855,0.013569462700104042,1.0,2656.6424413186282,-0.072318188850713,10,10,11,9.336272116311648,0.9829109197945667,9.336271993608534,1.675431302569822,-2.322488576597898,1.0110537133765913,0.08992818250364605,0.1368145432248557,0.0,0,8.492954439808647,nan
GT+smooth-jitter_controlled_forward3x6_SoftMS_local_prior_3frame_causal_heading_continuous_waypoint_RNN_polynomial_Kalman,1,controlled_gt_jitter,8.0,-0.8485019951563801,-2.285949405331416,-5.552830055306527,1.3125436938812303,0,0,6,-2.386590349359139,1.0225086789830544,4.7043280601501465,-3.5984930992126465,-1,-2.3865902423858643,1.0225086212158203,-2.386590349359139,1.0225086789830544,0.0,0,0.0,0.0,1228,/yh/study/uav-sat/v36_GvsK/v36_training_data/routes/route_C/vi/vi_001228.jpg,4.7043280601501465,-3.5984930992126465,2665.978713312237,-0.21192205755240903,10,0.15007650403326672,0.15007650403326672,1,0.15007650403326672,92.7643414249377,-6.755497478056471e-05,2656.8300311922744,-0.07378778608502712,-2.1647339373622385,0.90953724077118,8.216224818728096,3.088905964131317,1,0.0,0,0,0.95,1.0,2659.650634765625,-2.070849895477295,1,1,6,18,1,-31.25682881606486,0.5539699196815491,-0.4627423584461212,0.6733876466751099,-0.694900631904602,1,0.6733876466751099,-0.694900631904602,2660.086181640625,0.08732534199953079,0.0002713276189751923,0.9999009370803833,4.0,4.0,1,2656.1103515625,-0.14155608415603638,8.935020264597597,16.089946746826172,7.270508766174316,0.95,2656.1103515625,-0.14155608415603638,2656.1103515625,-0.14155608415603638,0.0,0.0,0.0,0,0.18759563004158342,0.18758987364638724,-0.0014695972343141122,2.000685930252075,-0.022363455966114998,0.36091452836990356,0.01240978017449379,0.9797061128473502,0.0,-31.33307325727436,-31.33307325727436,124.09741468221205,2.181100606918335,0.02113756164908409,0.012366590430038755,1.0,2656.58214303064,-0.09690212616497412,10,10,11,9.396570404299837,0.9828005500166892,9.396570281596723,1.8506094262188084,-2.386590349359139,1.0225086789830544,0.06511722896575835,0.15007650403326672,0.0,0,8.463733297098008,nan
GT+smooth-jitter_controlled_forward3x6_SoftMS_local_prior_3frame_causal_heading_continuous_waypoint_RNN_polynomial_Kalman,1,controlled_gt_jitter,8.0,-0.8831506712119346,-2.347495154937843,-5.5808902723471885,1.1145409778746571,0,0,6,-2.4229943249206642,1.027756549820577,4.697739601135254,-3.4620361328125,-1,-2.422994375228882,1.0277565717697144,-2.4229943249206642,1.027756549820577,0.0,0,0.0,0.0,1229,/yh/study/uav-sat/v36_GvsK/v36_training_data/routes/route_C/vi/vi_001229.jpg,4.697739601135254,-3.4620361328125,2665.978713312237,-0.10011825878630799,10,0.13661592685818746,0.13661592685818746,1,0.13661592685818746,92.76422656326534,-0.00011486167235572621,2656.752904757566,-0.0985737395208233,-2.2431658801585876,0.9298168060468188,8.21368012140856,3.088887755077423,1,0.0,0,0,0.95,1.0,2659.654052734375,-2.141386032104492,1,1,6,18,1,-31.2835143651521,0.5539699196815491,-0.4627423584461212,0.7240333557128906,-0.7158204317092896,1,0.7240333557128906,-0.7158204317092896,2660.140380859375,0.09671732783317566,0.00041278364369645715,0.9998416900634766,4.0,4.0,1,2656.15966796875,-0.13772234320640564,8.806997046265261,16.525848388671875,7.361822128295898,0.95,2656.15966796875,-0.13772234320640564,2656.15966796875,-0.13772234320640564,0.0,0.0,0.0,0,0.17076990857273433,0.1707617269259379,-0.0016716133558491765,2.1034250259399414,-0.02276540920138359,0.40077894926071167,0.014767301268875599,0.7923940979144214,0.0,-31.520385272207296,-31.520385272207296,124.28461183547263,2.303806781768799,0.016480185091495514,0.00836515075763169,1.0,2656.548571277606,-0.11192633939621363,10,10,11,9.430142157334103,0.9827391003959957,9.43014203463099,1.966809099081754,-2.4229943249206642,1.027756549820577,0.03678028799522172,0.13661592685818746,0.0,0,8.41802173783777,nan
GT+smooth-jitter_controlled_forward3x6_SoftMS_local_prior_3frame_causal_heading_continuous_waypoint_RNN_polynomial_Kalman,1,controlled_gt_jitter,8.0,-0.9071570102148163,-2.3950412665263934,-5.601601189749728,0.9161347951038555,0,0,6,-2.445514328757532,1.0111176238763893,4.694444179534912,-3.311176061630249,-1,-2.445514440536499,1.0111175775527954,-2.445514328757532,1.0111176238763893,0.0,0,0.0,0.0,1230,/yh/study/uav-sat/v36_GvsK/v36_training_data/routes/route_C/vi/vi_001230.jpg,4.694444179534912,-3.311176061630249,2665.978713312237,0.02561848089129839,10,0.15089605985789634,0.15089605985789634,1,0.15089605985789634,91.251382983124,-1.5128435801413442,2656.737181180011,-0.11388525255480109,-2.2646391752554056,0.9252812884133184,8.147172025780346,3.088878718845588,1,0.0,0,0,0.95,1.0,2659.6591796875,-2.194401741027832,1,1,6,18,1,-31.366419201297717,0.5539699196815491,-0.4627423584461212,0.7252049446105957,-0.7260372638702393,1,0.7252049446105957,-0.7260372638702393,2660.146728515625,0.08870890736579895,0.0004073824093211442,0.9998435974121094,4.0,4.0,1,2656.16015625,-0.1846655309200287,8.725536782735597,17.09149169921875,7.4822516441345215,0.95,2656.16015625,-0.1846655309200287,2656.16015625,-0.1846655309200287,0.0,0.0,0.0,0,0.18862007482237042,0.18860990240502679,-0.0019589131585874596,2.2148942947387695,-0.02379387989640236,0.43823105096817017,0.01706555113196373,0.6652005542822985,0.0,-31.647578815839413,-31.647578815839413,122.8989617989634,2.434022903442383,0.012997996993362904,0.00799889914195329,1.0,2656.538432848223,-0.13802646734673796,10,10,11,9.440280586717108,0.9827205430499024,9.440280464013995,2.063998234880873,-2.445514328757532,1.0111176238763893,0.028000079096115127,0.15089605985789634,0.0,0,8.346330343564663,nan
GT+smooth-jitter_controlled_forward3x6_SoftMS_local_prior_3frame_causal_heading_continuous_waypoint_RNN_polynomial_Kalman,1,controlled_gt_jitter,8.0,-0.9238214993008471,-2.442769388580845,-5.61497216458405,0.7176078754419823,0,0,6,-2.4907838193390672,1.0428409013341116,4.691150665283203,-3.160377264022827,-1,-2.490783929824829,1.0428409576416016,-2.4907838193390672,1.0428409013341116,0.0,0,0.0,0.0,1231,/yh/study/uav-sat/v36_GvsK/v36_training_data/routes/route_C/vi/vi_001231.jpg,4.691150665283203,-3.160377264022827,2665.978713312237,0.1513044552145906,10,0.15083475924325399,0.15083475924325399,1,0.15083475924325399,91.25116694306837,-0.00021604005562744563,2656.726965723806,-0.14002321606281787,-2.2872445023944716,0.908651560010442,8.078056368154453,3.088873882088259,1,0.0,0,0,0.95,1.0,2659.670654296875,-2.2436466217041016,1,1,6,18,1,-31.464825045042968,0.5539699196815491,-0.4627423584461212,0.6357086896896362,-0.6056411862373352,1,0.6357086896896362,-0.6056411862373352,2660.0068359375,0.14262135326862335,0.00010699973063310608,0.9999654293060303,4.0,4.0,1,2656.019287109375,-0.12650977075099945,8.784873960220455,17.327537536621094,7.529534816741943,0.95,2656.019287109375,-0.12650977075099945,2656.019287109375,-0.12650977075099945,0.0,0.0,0.0,0,0.18854344905406745,0.1885328755834604,-0.001996748716079912,2.2739648818969727,-0.02230525203049183,0.45824751257896423,0.019619084894657135,0.5329614752050933,0.0,-31.77981789491662,-31.77981789491662,123.03098483798499,2.50309681892395,0.010788057930767536,0.011856434346066463,1.0,2656.4832162837583,-0.13541416588752528,10,10,11,9.495497151181553,0.9826194748411948,9.49549702847844,2.1231301226537185,-2.4907838193390672,1.0428409013341116,0.055278324053568535,0.15083475924325399,0.0,0,8.321491806580903,nan
GT+smooth-jitter_controlled_forward3x6_SoftMS_local_prior_3frame_causal_heading_continuous_waypoint_RNN_polynomial_Kalman,1,controlled_gt_jitter,8.0,-0.9334966419801534,-2.475252676828698,-5.621023821698171,0.5192415229241093,0,0,6,-2.4698976407935884,1.0369172258132666,4.687527179718018,-2.9944941997528076,-1,-2.469897747039795,1.0369172096252441,-2.4698976407935884,1.0369172258132666,0.0,0,0.0,0.0,1232,/yh/study/uav-sat/v36_GvsK/v36_training_data/routes/route_C/vi/vi_001232.jpg,4.687527179718018,-2.9944941997528076,2665.978713312237,0.2895624031722809,10,0.16592263455976264,0.16592263455976264,1,0.16592263455976264,91.25134787200264,0.0001809289342746498,2656.690608899756,-0.13751865150244444,-2.316632412152412,0.9302024824663315,8.028791667231904,3.0888707763134198,1,0.0,0,0,0.95,1.0,2659.679931640625,-2.276271343231201,1,1,6,18,1,-31.575072569179174,0.5539699196815491,-0.4627423584461212,0.761273205280304,-0.6557228565216064,1,0.761273205280304,-0.6557228565216064,2660.1396484375,0.1674145758152008,0.0003855349204968661,0.9998666048049927,4.0,4.0,1,2656.14892578125,-0.11329302191734314,8.568583175493135,17.952455520629883,7.660956859588623,0.95,2656.14892578125,-0.11329302191734314,2656.14892578125,-0.11329302191734314,0.0,0.0,0.0,0,0.2074032931997033,0.2073926159977223,-0.002104485614919156,2.453234910964966,-0.0204946119338274,0.5460354685783386,0.02566240169107914,0.3204530791869725,0.0,-31.992326290934738,-31.992326290934738,123.2436741629374,2.726252794265747,0.007584454026073217,0.006958026912632167,1.0,2656.504034530244,-0.12925600064389647,10,10,11,9.474678904695793,0.982657580487592,9.47467878199268,2.287312276405203,-2.4698976407935884,1.0369172258132666,0.02170996052299213,0.16592263455976264,0.0,0,8.21468247368456,nan
GT+smooth-jitter_controlled_forward3x6_SoftMS_local_prior_3frame_causal_heading_continuous_waypoint_RNN_polynomial_Kalman,1,controlled_gt_jitter,8.0,-0.8971092873188109,-2.6627291632152534,-5.6197879486652464,0.32131515021553286,0,0,6,-2.510978965120925,1.0572547930914216,4.7226786613464355,-2.984044313430786,-1,-2.510978937149048,1.0572547912597656,-2.510978965120925,1.0572547930914216,0.0,0,0.0,0.0,1233,/yh/study/uav-sat/v36_GvsK/v36_training_data/routes/route_C/vi/vi_001233.jpg,4.7226786613464355,-2.984044313430786,2665.978713312237,0.31718395097039975,10,0.03667188002838384,0.03667188002838384,1,0.03667188002838384,16.556241458237388,-12.000000000000002,2656.549872476576,-0.1296737653136716,-2.4313813506042825,1.0120618995970594,8.19447615899833,3.08886835156034,1,0.0,0,0,0.95,1.0,2659.810791015625,-2.4152653217315674,1,1,6,18,1,-31.721111405144153,0.5539699196815491,-0.4627423584461212,0.7507256865501404,-0.6697908043861389,1,0.7507256865501404,-0.6697908043861389,2660.13818359375,0.1498870700597763,0.00039658258901908994,0.9998590350151062,4.0,4.0,1,2656.145263671875,-0.15714697539806366,8.599982757663069,18.291275024414062,7.734415054321289,0.95,2656.145263671875,-0.15714697539806366,2656.145263671875,-0.15714697539806366,0.0,0.0,0.0,1,0.0458398500354798,0.045837946332225286,-0.00041776466977512706,2.501337766647339,-0.022220097482204437,0.5539637804031372,0.025676164776086807,0.23300886196637022,0.0,-32.07977050815534,-32.07977050815534,48.63601196639273,2.778334617614746,0.0019168229773640633,0.003892263476457882,1.0,2656.4584436909877,-0.13402750220789209,10,10,11,9.520269743952213,0.9825741311730284,9.5202696212491,2.4646658866189552,-2.510978965120925,1.0572547930914216,0.04583985003554553,0.03667188002838384,0.009167970007161692,0,8.286006343548538,nan
GT+smooth-jitter_controlled_forward3x6_SoftMS_local_prior_3frame_causal_heading_continuous_waypoint_RNN_polynomial_Kalman,1,controlled_gt_jitter,8.0,-0.849986779818904,-2.848451009836183,-5.611307370791804,0.12410581961633163,0,0,6,-2.48600839128755,1.0134851172201522,4.7613205909729,-2.9725568294525146,-1,-2.486008405685425,1.013485074043274,-2.48600839128755,1.0134851172201522,0.0,0,0.0,0.0,1234,/yh/study/uav-sat/v36_GvsK/v36_training_data/routes/route_C/vi/vi_001234.jpg,4.7613205909729,-2.9725568294525146,2665.978713312237,0.34754820387201735,10,0.04031328581755282,0.04031328581755282,1,0.04031328581755282,16.556175966404847,-6.54918325404958e-05,2656.508833265078,-0.13448016812119953,-2.4686345564220593,1.0299369393071502,8.263909958506495,3.623616809199495,1,0.0,0,0,0.795467990819253,1.0,2659.949951171875,-2.5470378398895264,1,1,6,18,1,-31.846642117878496,0.43163222074508667,-19.495380401611328,2.1332437992095947,-12.21670150756836,1,2.1332437992095947,-12.21670150756836,2665.978759765625,-8.869887351989746,0.35857531428337097,0.5009505748748779,4.0,4.0,1,2661.985107421875,-9.182353019714355,9.92530521526129,18.459924697875977,7.769298553466797,0.795467990819253,2661.985107421875,-9.182353019714355,2660.946370239831,-2.7970023529729673,1.038737182044044,-6.385350666741389,0.0,1,0.05039160727194103,0.050389574090484925,-0.0004526659133074602,2.535123586654663,-0.022743621841073036,0.5616294741630554,0.026115966960787773,0.1412644270134367,0.0,-32.17151494310827,-32.17151494310827,48.72769090951312,2.815953493118286,-0.002742837183177471,0.18003002887389433,1.0,2656.5029440678118,-0.15767132901226413,10,10,11,9.475769367128123,0.9826555845089257,9.47576924442501,2.49481030083711,-2.48600839128755,1.0134851172201522,0.050391607271886255,0.04031328581755282,0.010078321454333433,0,8.271173301155425,nan
GT+smooth-jitter_controlled_forward3x6_SoftMS_local_prior_3frame_causal_heading_continuous_waypoint_RNN_polynomial_Kalman,1,controlled_gt_jitter,8.0,-0.7957715144219204,-3.033210641054465,-5.595635806566696,-0.07211220851357157,0,0,6,-2.4613487285682285,0.9696864224990569,4.799864292144775,-2.9610984325408936,-1,-2.46134877204895,0.9696864485740662,-2.4613487285682285,0.9696864224990569,0.0,0,0.0,0.0,1235,/yh/study/uav-sat/v36_GvsK/v36_training_data/routes/route_C/vi/vi_001235.jpg,4.799864292144775,-2.9610984325408936,2665.978713312237,0.37783536693055225,10,0.04021084132185058,0.04021084132185058,1,0.04021084132185058,16.55633210114752,0.00015613474267221089,2656.553205594465,-0.15812250880239012,-2.4437714065428042,0.9862369660097517,8.249346330707185,4.174119196607104,1,0.0,0,0,0.7509393813050167,1.0,2660.094482421875,-2.674205780029297,1,1,6,18,1,-31.96034763872543,0.43163222074508667,-19.495380401611328,1.656840205192566,-11.579127311706543,1,1.656840205192566,-11.579127311706543,2665.978759765625,-8.585702896118164,0.4395364224910736,0.19658416509628296,4.0,4.0,1,2661.98486328125,-8.892499923706055,9.68403690866158,18.632495880126953,7.805081367492676,0.7509393813050167,2661.98486328125,-8.892499923706055,2660.868288893054,-2.747172487955668,1.1165743881962058,-6.145327435750386,0.0,1,0.050263551652313214,0.050261526653114515,-0.00045117979012597855,2.5847935676574707,-0.021558916196227074,0.5823861956596375,0.028242450207471848,0.03817566149892021,0.0,-32.27460370862279,-32.27460370862279,48.83093580977032,2.875990867614746,-0.005521445535123348,0.14966417478131017,1.0,2656.5471971921606,-0.1815058755795379,10,10,11,9.431516242779253,0.9827365852747472,9.43151612007614,2.54458272633562,-2.4613487285682285,0.9696864224990569,0.050263551652289684,0.04021084132185058,0.010052710330439106,0,8.256893126883956,nan
GT+smooth-jitter_controlled_forward3x6_SoftMS_local_prior_3frame_causal_heading_continuous_waypoint_RNN_polynomial_Kalman,1,controlled_gt_jitter,8.0,-0.729482048300107,-3.346684465677391,-5.572837703970273,-0.26706791904653177,0,0,6,-2.3572036197169286,0.85112425722398,4.843355655670166,-3.0796165466308594,-1,-2.357203722000122,0.8511242866516113,-2.3572036197169286,0.85112425722398,0.0,0,0.0,0.0,1236,/yh/study/uav-sat/v36_GvsK/v36_training_data/routes/route_C/vi/vi_001236.jpg,4.843355655670166,-3.0796165466308594,2665.978713312237,0.30091856746978446,10,0.1262459586233945,0.1262459586233945,1,0.1262459586233945,-69.84890159040722,-12.000000000000002,2656.7049987767377,-0.182866256934674,-2.3287110619233244,0.8841853106965011,8.19452659802652,4.939776371324592,1,0.0,0,0,0.41819980311755095,1.0,2660.318115234375,-2.9037013053894043,1,1,6,18,1,-32.070337269859614,0.43163222074508667,-19.495380401611328,2.1278536319732666,-10.79771900177002,1,2.1278536319732666,-10.79771900177002,2665.978759765625,-7.673525810241699,0.5077843070030212,0.001918703317642212,4.0,4.0,1,2661.984130859375,-7.9894304275512695,8.78329524087443,18.87582778930664,7.852743625640869,0.41819980311755095,2661.984130859375,-7.9894304275512695,2660.105048235311,-2.2228959320786332,1.8790826240639955,-5.766534495472636,0.0,1,0.1578074482792431,0.15780158457688118,-0.0013603813551360988,2.66725492477417,-0.022108377888798714,0.6223798394203186,0.030046848580241203,-0.11831301705063689,0.0,-32.43109238717235,-32.43109238717235,37.41780920323487,2.978423833847046,-0.01323527842760086,0.027464612526907052,1.0,2656.698590985656,-0.2260379990791784,10,10,11,9.280122449283681,0.9830136959509806,9.280122326580567,2.5410089661507755,-2.3572036197169286,0.85112425722398,0.1578074482791093,0.1262459586233945,0.031561489655714814,0,8.203583189402819,nan
GT+smooth-jitter_controlled_forward3x6_SoftMS_local_prior_3frame_causal_heading_continuous_waypoint_RNN_polynomial_Kalman,1,controlled_gt_jitter,8.0,-0.6600820980197524,-3.647888356826117,-5.54298805810276,-0.4604939762566592,0,0,6,-2.2835685173046087,0.7279492930535578,4.882905960083008,-3.187394380569458,-1,-2.2835686206817627,0.727949321269989,-2.2835685173046087,0.7279492930535578,0.0,0,0.0,0.0,1237,/yh/study/uav-sat/v36_GvsK/v36_training_data/routes/route_C/vi/vi_001237.jpg,4.882905960083008,-3.187394380569458,2665.978713312237,0.2309721794665138,10,0.11480543570600042,0.11480543570600042,1,0.11480543570600042,-69.84881250672416,8.908368306101941e-05,2656.842092676272,-0.2272483280037136,-2.23657119389485,0.7733938388154682,8.14707298757235,5.30884097818955,1,0.0,0,0,0.7464987220204249,1.0,2660.537841796875,-3.121164560317993,1,1,6,18,1,-32.19660156091907,0.43163222074508667,-19.495380401611328,1.8797416687011719,-11.560037612915039,1,1.8797416687011719,-11.560037612915039,2665.978759765625,-8.450419425964355,0.44761034846305847,0.15521907806396484,4.0,4.0,1,2661.98388671875,-8.764503479003906,9.48013380159595,19.031755447387695,7.8841142654418945,0.7464987220204249,2661.98388671875,-8.764503479003906,2661.1449641618283,-2.8089712193374146,0.838922556921899,-5.955532259666491,0.0,1,0.14350679463250052,0.14350169061578721,-0.00121032892453521,2.710200071334839,-0.020602870732545853,0.6330999732017517,0.03219851851463318,-0.19908280543081444,0.0,-32.51186217555252,-32.51186217555252,37.33695033117163,3.0267162322998047,-0.01502046175301075,0.13758998889343643,1.0,2656.826665201607,-0.2907774407996951,10,10,11,9.152048233333062,0.9832481225530935,9.152048110629948,2.5953946356288387,-2.2835685173046087,0.7279492930535578,0.1435067946323714,0.11480543570600042,0.028701358926370976,0,8.166288784853736,nan
GT+smooth-jitter_controlled_forward3x6_SoftMS_local_prior_3frame_causal_heading_continuous_waypoint_RNN_polynomial_Kalman,1,controlled_gt_jitter,8.0,-0.5837583846399577,-3.9471839679693304,-5.506172210628727,-0.6521271480535591,0,0,6,-2.1983060064473112,0.6127086004419655,4.9224138259887695,-3.2950568199157715,-1,-2.198306083679199,0.6127086281776428,-2.1983060064473112,0.6127086004419655,0.0,0,0.0,0.0,1238,/yh/study/uav-sat/v36_GvsK/v36_training_data/routes/route_C/vi/vi_001238.jpg,4.9224138259887695,-3.2950568199157715,2665.978713312237,0.1611006312360803,10,0.1146824847761256,0.1146824847761256,1,0.1146824847761256,-69.84885619436251,-4.368763835670949e-05,2656.9700137562186,-0.29191975514014756,-2.163029156672971,0.6503582141215309,8.109858324986822,6.019633160319659,1,0.0,0,0,0.44316321927670393,1.0,2660.76220703125,-3.3333139419555664,1,1,6,18,1,-32.30694277337274,0.43163222074508667,-19.495380401611328,1.929289698600769,-10.740286827087402,1,1.929289698600769,-10.740286827087402,2665.978759765625,-7.731127738952637,0.4829019010066986,0.006429940462112427,4.0,4.0,1,2661.9833984375,-8.047314643859863,8.768578581942489,19.320629119873047,7.94589376449585,0.44316321927670393,2661.9833984375,-8.047314643859863,2660.4387126092297,-2.3731390669467087,1.5446858282704867,-5.674175576913154,0.0,1,0.143353105970157,0.14334855461161322,-0.0011423143404525006,2.8027851581573486,-0.018510395660996437,0.6726897954940796,0.036217112094163895,-0.28641608543825686,0.0,-32.599195455559965,-32.599195455559965,37.24966073880255,3.1390888690948486,-0.01609397679567337,0.03186917283614025,1.0,2656.960325043718,-0.34259596642617174,10,10,11,9.018388391221833,0.9834927730660208,9.01838826851872,2.688102673381223,-2.1983060064473112,0.6127086004419655,0.1433531059701543,0.1146824847761256,0.028670621194028703,0,8.122516944432446,nan
GT+smooth-jitter_controlled_forward3x6_SoftMS_local_prior_3frame_causal_heading_continuous_waypoint_RNN_polynomial_Kalman,1,controlled_gt_jitter,8.0,-0.5162514053442226,-4.236915886162387,-5.462485631571029,-0.8417087194906339,0,0,6,-2.127829072109471,0.5050443035534752,4.946234226226807,-3.395207166671753,-1,-2.127829074859619,0.5050442814826965,-2.127829072109471,0.5050443035534752,0.0,0,0.0,0.0,1239,/yh/study/uav-sat/v36_GvsK/v36_training_data/routes/route_C/vi/vi_001239.jpg,4.946234226226807,-3.395207166671753,2665.978713312237,0.08919228121912029,10,0.10294417624539817,0.10294417624539817,1,0.10294417624539817,-76.62099505968007,-6.772138865317551,2657.0890019274902,-0.3435226168043481,-2.0900510190818333,0.5431423959404482,8.063492254022187,6.608153823627394,1,0.0,0,0,0.49506952482823285,1.0,2660.97412109375,-3.542093515396118,1,1,6,18,1,-32.40923121280528,0.43163222074508667,-19.495380401611328,2.0429787635803223,-11.222780227661133,1,2.0429787635803223,-11.222780227661133,2665.978759765625,-8.078131675720215,0.47332605719566345,0.025085777044296265,4.0,4.0,1,2661.983154296875,-8.397147178649902,9.054786551617232,19.47511863708496,7.977987766265869,0.49506952482823285,2661.983154296875,-8.397147178649902,2660.700443120768,-2.5103873327709323,1.2827111761071155,-5.88675984587897,0.0,1,0.12868022030674772,0.12867688377198816,-0.0009266503781763662,2.8340721130371094,-0.020647447556257248,0.6842694282531738,0.03536307066679001,-0.3829910916404026,0.0,-32.695770461762116,-32.695770461762116,43.925224597917946,3.1761159896850586,-0.02419690042734146,0.041413157393865745,1.0,2657.0774390716924,-0.3959148519149721,10,10,11,8.901274363247467,0.9837071381779522,8.901274240544353,2.731127936791711,-2.127829072109471,0.5050443035534752,0.12868022030659268,0.10294417624539817,0.025736044061194507,0,8.078015417159241,nan
GT+smooth-jitter_controlled_forward3x6_SoftMS_local_prior_3frame_causal_heading_continuous_waypoint_RNN_polynomial_Kalman,1,controlled_gt_jitter,8.0,-0.44196332193203336,-4.524409642258192,-5.412033684023098,-1.028984894791151,0,0,6,-2.064809069520986,0.3927531668220202,4.9700703620910645,-3.495424747467041,-1,-2.0648090839385986,0.39275315403938293,-2.064809069520986,0.3927531668220202,0.0,0,0.0,0.0,1240,/yh/study/uav-sat/v36_GvsK/v36_training_data/routes/route_C/vi/vi_001240.jpg,4.9700703620910645,-3.495424747467041,2665.978713312237,0.017235520184712482,10,0.10301322669152468,0.10301322669152468,1,0.10301322669152468,-76.62113344609358,-0.00013838641351279033,2657.2062022226296,-0.3968481661073529,-2.0195047387664045,0.4354263538534742,8.019086635726003,6.428431733673906,1,0.0,0,0,0.73089994657401,1.0,2661.190673828125,-3.745356559753418,1,1,6,18,1,-32.50951992759531,0.49280112981796265,-9.979061126708984,1.9618984460830688,-10.870171546936035,1,1.9618984460830688,-10.870171546936035,2665.978759765625,-7.823468208312988,0.4759717583656311,0.12916892766952515,4.0,4.0,1,2661.98291015625,-8.140190124511719,8.77424366824163,19.568767547607422,7.99517822265625,0.73089994657401,2661.98291015625,-8.140190124511719,2661.466177075708,-2.9528330779544696,0.5167330805418731,-5.187357046557249,0.0,1,0.12876653336440586,0.12876315093731183,-0.0009333141923807872,2.8620567321777344,-0.018723024055361748,0.6842188835144043,0.037492938339710236,-0.4144565191666084,0.0,-32.727235889288316,-32.727235889288316,43.89389755680526,3.204082489013672,-0.023154109716415405,0.12343856187059611,1.0,2657.190724163735,-0.4571301117411857,10,10,11,8.787989271204879,0.983914494818791,8.787989148501765,2.7590435054862095,-2.064809069520986,0.3927531668220202,0.1287665333644381,0.10301322669152468,0.025753306672913423,0,8.03787634331877,nan
GT+smooth-jitter_controlled_forward3x6_SoftMS_local_prior_3frame_causal_heading_continuous_waypoint_RNN_polynomial_Kalman,1,controlled_gt_jitter,8.0,-0.3610301196351129,-4.809326627239574,-5.354931372381695,-1.2137071871608385,0,0,6,-2.00149250325485,0.2806626918128524,4.993901252746582,-3.5956194400787354,-1,-2.001492500305176,0.2806626856327057,-2.00149250325485,0.2806626918128524,0.0,0,0.0,0.0,1241,/yh/study/uav-sat/v36_GvsK/v36_training_data/routes/route_C/vi/vi_001241.jpg,4.993901252746582,-3.5956194400787354,2665.978713312237,-0.0547047008484571,10,0.10298974597981661,0.10298974597981661,1,0.10298974597981661,-76.62102595562004,0.00010749047353150691,2657.3194583212066,-0.45801263744955145,-1.9564820912714407,0.3231936388270991,7.979030303000896,6.299634872417329,1,0.0,0,0,0.7111053155696765,1.0,2661.411376953125,-3.942889928817749,1,1,6,18,1,-32.58572050618374,0.49280112981796265,-9.979061126708984,2.1072511672973633,-10.714574813842773,1,2.1072511672973633,-10.714574813842773,2665.978759765625,-7.614269733428955,0.5119619965553284,0.13315558433532715,4.0,4.0,1,2661.982421875,-7.926670551300049,8.537950915204128,19.823314666748047,8.048385620117188,0.7111053155696765,2661.982421875,-7.926670551300049,2661.5249979390233,-2.981336408139518,0.4574239359767507,-4.945334143160531,0.0,1,0.12873718247477076,0.1287341574715759,-0.0008825257083657637,2.9252002239227295,-0.02061408944427967,0.7089211940765381,0.03753478452563286,-0.5340282120152318,0.0,-32.84680758213694,-32.84680758213694,43.7742183734831,3.279500961303711,-0.03241441771388054,0.11986471416800208,1.0,2657.3041526324932,-0.5180172583870739,10,10,11,8.67456080244665,0.9841221138958745,8.674560679743536,2.822210477942913,-2.00149250325485,0.2806626918128524,0.12873718247466379,0.10298974597981661,0.025747436494847176,0,7.997568190864384,nan
GT+smooth-jitter_controlled_forward3x6_SoftMS_local_prior_3frame_causal_heading_continuous_waypoint_RNN_polynomial_Kalman,1,controlled_gt_jitter,8.0,-0.2701667908603458,-5.006095699667187,-5.2913030747348575,-1.395632795690746,0,0,6,-1.9832535678118435,0.24644889409537352,5.021136283874512,-3.6104629039764404,-1,-1.9832535982131958,0.24644888937473297,-1.9832535678118435,0.24644889409537352,0.0,0,0.0,0.0,1242,/yh/study/uav-sat/v36_GvsK/v36_training_data/routes/route_C/vi/vi_001242.jpg,5.021136283874512,-3.6104629039764404,2665.978713312237,-0.05269130785344342,10,0.03101733936077969,0.03101733936077969,1,0.03101733936077969,-28.59098732645957,12.000000000000002,2657.342923367005,-0.5182871949996384,-1.9688699949065636,0.25971001490961354,7.989895255851472,6.463403803494455,1,0.0,0,0,0.6261613400614634,1.0,2661.59326171875,-4.060617923736572,1,1,6,18,1,-32.677100966759106,0.43163222074508667,-19.495380401611328,1.9786580801010132,-11.354232788085938,1,1.9786580801010132,-11.354232788085938,2665.978759765625,-8.223609924316406,0.4782792627811432,0.07861220836639404,4.0,4.0,1,2661.982177734375,-8.538124084472656,9.118034995974206,19.984966278076172,8.082883834838867,0.6261613400614634,2661.982177734375,-8.538124084472656,2661.314867052174,-2.9014534061010533,0.6673106822010606,-5.636670678371603,0.0,1,0.03877167420097461,0.03877073451163542,-0.000269936612564439,2.9593346118927,-0.020664969459176064,0.7191729545593262,0.03829546645283699,-0.602225676526252,0.0,-32.915005046647956,-32.915005046647956,4.3240177201883885,3.3187217712402344,-0.03640109300613403,0.08055193306296976,1.0,2657.337855807375,-0.5371833410132687,10,10,11,8.640857627564856,0.9841838040706635,8.640857504861742,2.9283172725319204,-1.9832535678118435,0.24644889409537352,0.03877167420097727,0.03101733936077969,0.00775433484019758,0,7.9960769013630895,nan
GT+smooth-jitter_controlled_forward3x6_SoftMS_local_prior_3frame_causal_heading_continuous_waypoint_RNN_polynomial_Kalman,1,controlled_gt_jitter,8.0,-0.17292143548475547,-5.199825852932164,-5.221282260069716,-1.5745249686853375,0,0,6,-1.964836487118663,0.2123474735745543,5.048360824584961,-3.625300884246826,-1,-1.9648364782333374,0.21234747767448425,-1.964836487118663,0.2123474735745543,0.0,0,0.0,0.0,1243,/yh/study/uav-sat/v36_GvsK/v36_training_data/routes/route_C/vi/vi_001243.jpg,5.048360824584961,-3.625300884246826,2665.978713312237,-0.050678887968041535,10,0.03100550395331873,0.03100550395331873,1,0.03100550395331873,-28.591366675986833,-0.0003793495272639815,2657.3766117448904,-0.5374536188543785,-1.9506437474364877,0.2255038384045639,7.988414236328221,6.749093544888346,1,0.0,0,0,0.5546544017231838,1.0,2661.779052734375,-4.172365665435791,1,1,6,18,1,-32.760367402724334,0.43163222074508667,-19.495380401611328,1.9237836599349976,-11.186753273010254,1,1.9237836599349976,-11.186753273010254,2665.978759765625,-8.111398696899414,0.49549469351768494,0.05379682779312134,4.0,4.0,1,2661.982421875,-8.4193115234375,9.020854511724398,19.90386962890625,8.063000679016113,0.5546544017231838,2661.982421875,-8.4193115234375,2661.1519113496292,-2.802633381697632,0.8305105253708476,-5.616678141739868,0.0,1,0.03875687994164841,0.03875593751543051,-0.0002702778411097275,2.951262950897217,-0.01953296549618244,0.7172286510467529,0.039033859968185425,-0.6274994041677091,0.0,-32.94027877428942,-32.94027877428942,4.348912098302588,3.309678792953491,-0.03626485541462898,0.057524299318493635,1.0,2657.371649470198,-0.556159222963914,10,10,11,8.607063964741883,0.9842456598742672,8.60706384203877,2.920257446943898,-1.964836487118663,0.2123474735745543,0.03875687994146164,0.03100550395331873,0.007751375988142909,0,7.994528219424588,nan
GT+smooth-jitter_controlled_forward3x6_SoftMS_local_prior_3frame_causal_heading_continuous_waypoint_RNN_polynomial_Kalman,1,controlled_gt_jitter,8.0,-0.06941009007223631,-5.390300800371907,-5.145011190993867,-1.7501533527858475,0,0,6,-1.9468567763310296,0.17798815219838893,5.075601100921631,-3.6401474475860596,-1,-1.9468567371368408,0.17798815667629242,-1.9468567763310296,0.17798815219838893,0.0,0,0.0,0.0,1244,/yh/study/uav-sat/v36_GvsK/v36_training_data/routes/route_C/vi/vi_001244.jpg,5.075601100921631,-3.6401474475860596,2665.978713312237,-0.048665310664747,10,0.031023428209725767,0.031023428209725767,1,0.031023428209725767,-28.591377707251926,-1.1031265093207214e-05,2657.410427864806,-0.5564220481600254,-1.9322037035536646,0.1913967121980082,7.986867898369325,6.499412174627832,1,0.0,0,0,0.725139674726762,1.0,2661.968505859375,-4.278013229370117,1,1,6,18,1,-32.823336384106135,0.43163222074508667,-19.495380401611328,2.0057156085968018,-11.408194541931152,1,2.0057156085968018,-11.408194541931152,2665.978759765625,-8.254752159118652,0.48644497990608215,0.1207476258277893,4.0,4.0,1,2661.982421875,-8.561422348022461,9.166150391385452,19.975574493408203,8.075536727905273,0.725139674726762,2661.982421875,-8.561422348022461,2661.6545619703047,-3.102902511459183,0.32785990469538007,-5.458519836563278,0.0,1,0.03877928526215721,0.038778394607823216,-0.00026282519611145136,2.976921796798706,-0.019247081130743027,0.7225091457366943,0.03985084220767021,-0.67145220508527,0.0,-32.984231575206984,-32.984231575206984,4.392853867955056,3.3379549980163574,-0.03844107314944267,0.11763525932322687,1.0,2657.4052113516154,-0.5755868600091906,10,10,11,8.573502083324456,0.9843070914259874,8.573501960621343,2.9458983685889804,-1.9468567763310296,0.17798815219838893,0.03877928526207717,0.031023428209725767,0.007755857052351402,0,7.993314337377788,nan
GT+smooth-jitter_controlled_forward3x6_SoftMS_local_prior_3frame_causal_heading_continuous_waypoint_RNN_polynomial_Kalman,1,controlled_gt_jitter,8.0,0.006146485239859167,-5.584725090538646,-5.062640612691049,-1.9222943272940165,0,0,6,-1.9334407561406404,0.15213449400282553,5.068787097930908,-3.662430763244629,-1,-1.9334408044815063,0.1521344929933548,-1.9334407561406404,0.15213449400282553,0.0,0,0.0,0.0,1245,/yh/study/uav-sat/v36_GvsK/v36_training_data/routes/route_C/vi/vi_001245.jpg,5.068787097930908,-3.662430763244629,2665.978713312237,-0.07114025369945565,10,0.02330186244695944,0.02330186244695944,1,0.02330186244695944,-107.00307966314224,-12.000000000000002,2657.4343380443524,-0.5757792399272783,-1.922343401581076,0.16225615619669587,7.968948217484679,6.278089816101458,1,0.0,0,0,0.7487074138558284,1.0,2662.13623046875,-4.401941299438477,1,1,6,18,1,-32.87964969298731,0.43163222074508667,-19.495380401611328,1.8514243364334106,-11.642990112304688,1,1.8514243364334106,-11.642990112304688,2665.978759765625,-8.535662651062012,0.4435945451259613,0.13511541485786438,4.0,4.0,1,2661.982177734375,-8.843779563903809,9.41031365124867,20.06794548034668,8.093825340270996,0.7487074138558284,2661.982177734375,-8.843779563903809,2661.743283432456,-3.161146472789395,0.23889430191902772,-5.682633091114413,0.0,1,0.029127328058699303,0.02912669273718196,-0.00019237991808776153,2.999052047729492,-0.018677597865462303,0.7240015268325806,0.040760546922683716,-0.6819626922791561,0.0,-32.99474206240087,-32.99474206240087,74.00833760074138,3.360835075378418,-0.038301412016153336,0.12817205068503573,1.0,2657.4303696390084,-0.5902654776311547,10,10,11,8.548343795931487,0.9843531410682572,8.548343673228374,2.9757501852825325,-1.9334407561406404,0.15213449400282553,0.02912732805874844,0.02330186244695944,0.005825465611789,0,7.973838662911032,nan
GT+smooth-jitter_controlled_forward3x6_SoftMS_local_prior_3frame_causal_heading_continuous_waypoint_RNN_polynomial_Kalman,1,controlled_gt_jitter,8.0,0.08765367966439719,-5.775410592930361,-4.974329428856111,-2.0907313231397113,0,0,6,-1.9194676124460848,0.12662925193082508,5.061983108520508,-3.6846792697906494,-1,-1.919467568397522,0.12662924826145172,-1.9194676124460848,0.12662925193082508,0.0,0,0.0,0.0,1246,/yh/study/uav-sat/v36_GvsK/v36_training_data/routes/route_C/vi/vi_001246.jpg,5.061983108520508,-3.6846792697906494,2665.978713312237,-0.09358042540141673,10,0.023265646679711226,0.023265646679711226,1,0.023265646679711226,-107.0045649326183,-0.0014852694760516382,2657.459451102463,-0.59045149160636,-1.908962203728786,0.13643205503062233,7.949526420048415,6.748831750449442,1,0.0,0,0,0.46018106061581526,1.0,2662.306884765625,-4.519528865814209,1,1,6,18,1,-32.919932014277926,0.43163222074508667,-19.495380401611328,1.9523452520370483,-11.162250518798828,1,1.9523452520370483,-11.162250518798828,2665.978759765625,-8.075423240661621,0.4685482084751129,0.010079264640808105,4.0,4.0,1,2661.98193359375,-8.390756607055664,8.971146509076448,20.23813247680664,8.133155822753906,0.46018106061581526,2661.98193359375,-8.390756607055664,2660.9749490191566,-2.6997502416224552,1.0069845745935728,-5.691006365433209,0.0,1,0.02908205834963903,0.029081463454455617,-0.00018601397520533097,3.027621030807495,-0.019811395555734634,0.7361710071563721,0.04059159755706787,-0.7334603976303482,0.0,-33.046239767752056,-33.046239767752056,73.95832516486624,3.395434617996216,-0.04298390820622444,0.03448828781779068,1.0,2657.4558125325684,-0.6043518286545858,10,10,11,8.522900902371475,0.9843997116526713,8.522900779668362,3.0043553841277837,-1.9194676124460848,0.12662925193082508,0.02908205834978055,0.023265646679711226,0.0058164116700693234,0,7.95403839675367,nan
GT+smooth-jitter_controlled_forward3x6_SoftMS_local_prior_3frame_causal_heading_continuous_waypoint_RNN_polynomial_Kalman,1,controlled_gt_jitter,8.0,0.17493189270802123,-5.962194107980867,-4.880244365379137,-2.25525512597098,0,0,6,-1.905758108268698,0.10096496260458132,5.055176258087158,-3.7069389820098877,-1,-1.9057581424713135,0.10096496343612671,-1.905758108268698,0.10096496260458132,0.0,0,0.0,0.0,1247,/yh/study/uav-sat/v36_GvsK/v36_training_data/routes/route_C/vi/vi_001247.jpg,5.055176258087158,-3.7069389820098877,2665.978713312237,-0.11603159682916955,10,0.023277199163672973,0.023277199163672973,1,0.023277199163672973,-107.00323295965704,0.0013319729612519982,2657.4849084210605,-0.6045403074663719,-1.8949781863759831,0.11091701904807227,7.929733365423142,7.058605341527516,1,0.0,0,0,0.519139607433118,1.0,2662.480712890625,-4.630733966827393,1,1,6,18,1,-32.964139719989745,0.43163222074508667,-19.495380401611328,1.897090196609497,-11.197161674499512,1,1.897090196609497,-11.197161674499512,2665.978759765625,-8.134464263916016,0.46391987800598145,0.032644450664520264,4.0,4.0,1,2661.981689453125,-8.447132110595703,9.004954936636455,20.315378189086914,8.148248672485352,0.519139607433118,2661.981689453125,-8.447132110595703,2661.1625423415016,-2.8111206597310168,0.8191471116234439,-5.636011450864687,0.0,1,0.029096498954591217,0.02909588849222576,-0.00018847881178608427,3.045382261276245,-0.02018122375011444,0.7415081262588501,0.040760621428489685,-0.7779718333168221,0.0,-33.090751203438536,-33.090751203438536,73.9124817562185,3.4158239364624023,-0.04618438705801964,0.04737127999820722,1.0,2657.4811176303906,-0.6187135233881381,10,10,11,8.497595804549292,0.9844460300162432,8.497595681846178,3.0221050621125722,-1.905758108268698,0.10096496260458132,0.02909649895452944,0.023277199163672973,0.005819299790856467,0,7.934402290287809,nan
GT+smooth-jitter_controlled_forward3x6_SoftMS_local_prior_3frame_causal_heading_continuous_waypoint_RNN_polynomial_Kalman,1,controlled_gt_jitter,8.0,0.2051004535738139,-6.134260859741476,-4.7805596225675435,-2.415664162887838,0,0,6,-1.8628092556627869,0.024033018796457695,4.985660076141357,-3.7185966968536377,-1,-1.8628093004226685,0.024033019319176674,-1.8628092556627869,0.024033018796457695,0.0,0,0.0,0.0,1248,/yh/study/uav-sat/v36_GvsK/v36_training_data/routes/route_C/vi/vi_001248.jpg,4.985660076141357,-3.7185966968536377,2665.978713312237,-0.16304326863476956,10,0.07048689146004289,0.07048689146004289,1,0.07048689146004289,-170.4802013185112,-12.000000000000002,2657.569224348813,-0.6192915260968042,-1.8316043306846876,0.05337982639285088,7.791206638544503,7.053358973821454,1,0.0,0,0,0.6157116593754665,1.0,2662.59814453125,-4.76002836227417,1,1,6,18,1,-33.00845372052053,0.43163222074508667,-19.495380401611328,1.9343124628067017,-11.440706253051758,1,1.9343124628067017,-11.440706253051758,2665.978759765625,-8.32039737701416,0.44857057929039,0.06789642572402954,4.0,4.0,1,2661.9814453125,-8.639057159423828,9.119768552950601,20.50310707092285,8.189950942993164,0.6157116593754665,2661.9814453125,-8.639057159423828,2661.5124314120953,-2.985215764066324,0.4690139004045717,-5.653841395357504,0.0,1,0.08810861432505361,0.08810671842231907,-0.0005780027086660616,3.0799989700317383,-0.021252932026982307,0.7521979808807373,0.040734801441431046,-0.8315858834545132,0.0,-33.144365253576225,-33.144365253576225,137.335836064935,3.455721139907837,-0.05104517936706543,0.07357247647615152,1.0,2657.558538804394,-0.6607740718174411,10,10,11,8.420174630545716,0.984587741465488,8.420174507842603,3.0095120785716953,-1.8628092556627869,0.024033018796457695,0.08810861432493747,0.07048689146004289,0.01762172286489458,0,7.804409611055088,nan
GT+smooth-jitter_controlled_forward3x6_SoftMS_local_prior_3frame_causal_heading_continuous_waypoint_RNN_polynomial_Kalman,1,controlled_gt_jitter,8.0,0.24695730927223636,-6.300967758140674,-4.675456516716533,-2.5717647723771235,0,0,6,-1.8238930977844632,-0.046048657021088735,4.9224138259887695,-3.72920298576355,-1,-1.8238930702209473,-0.04604865610599518,-1.8238930977844632,-0.046048657021088735,0.0,0,0.0,0.0,1249,/yh/study/uav-sat/v36_GvsK/v36_training_data/routes/route_C/vi/vi_001249.jpg,4.9224138259887695,-3.72920298576355,2665.978713312237,-0.20581480079771275,10,0.06412941230671187,0.06412941230671187,1,0.06412941230671187,-170.48017646972298,2.48487882344067e-05,2657.638698744351,-0.6613150482516353,-1.7953518472673125,-0.019272947097049742,7.674109494435022,7.054273818142822,1,0.0,0,0,0.5874861406124011,1.0,2662.72265625,-4.87854528427124,1,1,6,18,1,-33.05602273307763,0.49280112981796265,-9.979061126708984,2.048280954360962,-10.679976463317871,1,2.048280954360962,-10.679976463317871,2665.978759765625,-7.616551399230957,0.5011053681373596,0.06816387176513672,4.0,4.0,1,2661.981201171875,-7.939014434814453,8.414987289203681,20.608642578125,8.2120943069458,0.5874861406124011,2661.981201171875,-7.939014434814453,2661.504285631035,-2.9806671802620976,0.47691554083976495,-4.958347254552355,0.0,1,0.08016176538338984,0.08015993995680938,-0.0005409764341943086,3.1010234355926514,-0.021669354289770126,0.7592252492904663,0.04095897451043129,-0.8726172310371599,0.0,-33.18539660115887,-33.18539660115887,137.29477986856412,3.4802143573760986,-0.05419791862368584,0.06985935363135726,1.0,2657.6288900279956,-0.6992008068751093,10,10,11,8.349823406944324,0.984716512101958,8.34982328424121,3.0368940232859396,-1.8238930977844632,-0.046048657021088735,0.0801617653835436,0.06412941230671187,0.01603235307683172,0,7.686239842672422,nan
GT+smooth-jitter_controlled_forward3x6_SoftMS_local_prior_3frame_causal_heading_continuous_waypoint_RNN_polynomial_Kalman,1,controlled_gt_jitter,8.0,0.3130416563652121,-6.426602791735436,-4.565123111853782,-2.723371457049157,0,0,6,-1.793820901324082,-0.10269628071930059,4.878164768218994,-3.7032313346862793,-1,-1.793820858001709,-0.10269627720117569,-1.793820901324082,-0.10269628071930059,0.0,0,0.0,0.0,1250,/yh/study/uav-sat/v36_GvsK/v36_training_data/routes/route_C/vi/vi_001250.jpg,4.878164768218994,-3.7032313346862793,2665.978713312237,-0.20751798094155707,10,0.05130795038970477,0.05130795038970477,1,0.05130795038970477,149.5895177209442,-12.000000000000002,2657.693023447671,-0.6996421133026982,-1.769927107184195,-0.08070355752792713,7.570986268649926,6.595043777980557,1,0.0,0,0,0.7360455619132892,1.0,2662.845458984375,-4.949399948120117,1,1,6,18,1,-33.10130357890194,0.43163222074508667,-19.495380401611328,2.0543131828308105,-11.169099807739258,1,2.0543131828308105,-11.169099807739258,2665.978759765625,-8.026705741882324,0.46661609411239624,0.15364280343055725,4.0,4.0,1,2661.9814453125,-8.34376335144043,8.767488692335355,20.43511390686035,8.177669525146484,0.7360455619132892,2661.9814453125,-8.34376335144043,2661.9671487429323,-3.2641172904596254,0.014296569567615158,-5.079646060980805,0.0,1,0.06413493798713096,0.06413341967531518,-0.00044130642758890773,3.0538711547851562,-0.020671002566814423,0.7444309592247009,0.04049471765756607,-0.872235274052168,0.0,-33.185014644173876,-33.185014644173876,177.22546763488197,3.4256832599639893,-0.052578192204236984,0.12356544110552024,1.0,2657.684585792951,-0.7310013105915463,10,10,11,8.29412764198878,0.9848184574375878,8.294127519285666,3.0025632043954515,-1.793820901324082,-0.10269628071930059,0.06413493798707515,0.05130795038970477,0.012826987597370373,0,7.581506806000583,nan
GT+smooth-jitter_controlled_forward3x6_SoftMS_local_prior_3frame_causal_heading_continuous_waypoint_RNN_polynomial_Kalman,1,controlled_gt_jitter,8.0,0.38415280804292173,-6.547561557217035,-4.449753842500291,-2.8703071188167666,0,0,6,-1.7648264760982144,-0.1599177124091563,4.833906650543213,-3.6772544384002686,-1,-1.7648264169692993,-0.1599177122116089,-1.7648264760982144,-0.1599177124091563,0.0,0,0.0,0.0,1251,/yh/study/uav-sat/v36_GvsK/v36_training_data/routes/route_C/vi/vi_001251.jpg,4.833906650543213,-3.6772544384002686,2665.978713312237,-0.20922157102587738,10,0.051318418923983415,0.051318418923983415,1,0.051318418923983415,149.58958746644169,6.974549748183476e-05,2657.7487323250116,-0.7314387616956727,-1.739841768060195,-0.13735493203366134,7.466261232120488,6.2412149601550215,1,0.0,0,0,0.7940929593480006,1.0,2662.97021484375,-5.013615608215332,1,1,6,18,1,-33.1306024757595,0.43163222074508667,-19.495380401611328,1.8458675146102905,-12.333247184753418,1,1.8458675146102905,-12.333247184753418,2665.978759765625,-9.12199878692627,0.36107537150382996,0.41541677713394165,4.0,4.0,1,2661.9814453125,-9.435160636901855,9.77015187543532,20.474262237548828,8.183786392211914,0.7940929593480006,2661.9814453125,-9.435160636901855,2661.9814453125,-3.391692144619874,0.0,-6.043468492281981,0.0,1,0.06414802365497925,0.06414653206036376,-0.0004374511041263773,3.0693342685699463,-0.020664744079113007,0.7476471662521362,0.04086815193295479,-0.9190734563680892,0.0,-33.2318528264898,-33.2318528264898,177.17855970706856,3.442711114883423,-0.05545948073267937,0.13487610836088174,1.0,2657.739677411312,-0.7638628766707402,10,10,11,8.239036023627705,0.9849192969453796,8.239035900924591,3.018015849645963,-1.7648264760982144,-0.1599177124091563,0.06414802365478808,0.051318418923983415,0.012829604730804668,0,7.477629070811204,nan
GT+smooth-jitter_controlled_forward3x6_SoftMS_local_prior_3frame_causal_heading_continuous_waypoint_RNN_polynomial_Kalman,1,controlled_gt_jitter,8.0,0.4601027424253674,-6.663682487243979,-4.329549128302172,-3.0124032761996675,0,0,6,-1.734925236557244,-0.21666529126777967,4.789651870727539,-3.6512792110443115,-1,-1.7349252700805664,-0.21666529774665833,-1.734925236557244,-0.21666529126777967,0.0,0,0.0,0.0,1252,/yh/study/uav-sat/v36_GvsK/v36_training_data/routes/route_C/vi/vi_001252.jpg,4.789651870727539,-3.6512792110443115,2665.978713312237,-0.21092478737151085,10,0.051314695485089164,0.051314695485089164,1,0.051314695485089164,149.5893080239425,-0.00027944249918278015,2657.8038193100274,-0.7642972285971865,-1.7108496020347763,-0.1945712677639625,7.362428213743241,6.065101496839876,1,0.0,0,0,0.7268498422539607,1.0,2663.0966796875,-5.071156024932861,1,1,6,18,1,-33.16604011185532,0.49280112981796265,-9.979061126708984,1.93877375125885,-10.940384864807129,1,1.93877375125885,-10.940384864807129,2665.978759765625,-7.895169734954834,0.48333558440208435,0.13455897569656372,4.0,4.0,1,2661.9814453125,-8.223224639892578,8.614388926735169,20.463363647460938,8.182992935180664,0.7268498422539607,2661.9814453125,-8.223224639892578,2661.9814453125,-3.3135994683162218,0.0,-4.909625171576357,0.0,1,0.06414336935636146,0.06414189871519708,-0.0004343519264463489,3.068112850189209,-0.022249286994338036,0.7547929286956787,0.03980724886059761,-0.9585685983568648,0.0,-33.27134796847857,-33.27134796847857,177.13934400757896,3.4449877738952637,-0.05998663231730461,0.1270779954611119,1.0,2657.7952821234053,-0.7958392402138215,10,10,11,8.183431311534605,0.9850210756181648,8.183431188831491,3.01679815470412,-1.734925236557244,-0.21666529126777967,0.06414336935648271,0.051314695485089164,0.012828673871393546,0,7.373376377673079,nan
GT+smooth-jitter_controlled_forward3x6_SoftMS_local_prior_3frame_causal_heading_continuous_waypoint_RNN_polynomial_Kalman,1,controlled_gt_jitter,8.0,0.2614767872470676,-6.745108736302921,-4.204714981399173,-3.1495002634788243,0,0,6,-1.5047269209177119,-0.5562681370613124,4.46619176864624,-3.5956084728240967,-1,-1.5047268867492676,-0.5562681555747986,-1.5047269209177119,-0.5562681370613124,0.0,0,0.0,0.0,1253,/yh/study/uav-sat/v36_GvsK/v36_training_data/routes/route_C/vi/vi_001253.jpg,4.46619176864624,-3.5956084728240967,2665.978713312237,-0.3367777160846114,10,0.32821588738576923,0.32821588738576923,1,0.32821588738576923,170.2344939562162,12.000000000000002,2658.205541828412,-0.7987257332383538,-1.3897402193176167,-0.4384053671844703,6.652809248574531,6.113250416775192,1,0.0,0,0,0.6827541755473987,1.0,2662.97216796875,-5.2461466789245605,1,1,6,18,1,-33.202897840329115,0.49280112981796265,-9.979061126708984,1.3989592790603638,-11.333708763122559,1,1.3989592790603638,-11.333708763122559,2665.978759765625,-8.51613712310791,0.5635095238685608,0.2505509853363037,4.0,4.0,1,2661.982666015625,-8.831669807434082,8.96329526073438,19.756595611572266,8.039447784423828,0.6827541755473987,2661.982666015625,-8.831669807434082,2661.982666015625,-3.2752701228915617,0.0,-5.556399684542519,0.0,1,0.41026985923221154,0.41025970500700903,-0.0028864930245324195,2.881709337234497,-0.018395869061350822,0.6953333616256714,0.03802075237035751,-0.8274297133445605,0.0,-33.140209083466274,-33.140209083466274,156.62529696031757,3.229048252105713,-0.04602055996656418,0.09210945049293277,1.0,2658.1713641320744,-0.9598016753928307,10,10,11,7.807349302865532,0.985709454826686,7.807349180162419,2.5534934498487276,-1.5047269209177119,-0.5562681370613124,0.4102698592321201,0.32821588738576923,0.08205397184635088,0,6.699959677041254,nan
GT+smooth-jitter_controlled_forward3x6_SoftMS_local_prior_3frame_causal_heading_continuous_waypoint_RNN_polynomial_Kalman,1,controlled_gt_jitter,8.0,0.06731769655084019,-6.821393252305427,-4.075462607404238,-3.281447411469855,0,0,6,-1.2901646250180336,-0.9058876571461869,4.142780303955078,-3.5399458408355713,-1,-1.290164589881897,-0.9058876633644104,-1.2901646250180336,-0.9058876571461869,0.0,0,0.0,0.0,1254,/yh/study/uav-sat/v36_GvsK/v36_training_data/routes/route_C/vi/vi_001254.jpg,4.142780303955078,-3.5399458408355713,2665.978713312237,-0.46261149704702725,10,0.32816657979381875,0.32816657979381875,1,0.32816657979381875,170.23444840189913,-4.555431704392403e-05,2658.5815631850055,-0.9625447795733942,-1.1595165161360868,-0.7778546079404478,5.978586751665061,6.071032482292176,1,0.0,0,0,0.6996051805055514,1.0,2662.848876953125,-5.414403915405273,1,1,6,18,1,-33.18095676475495,0.49280112981796265,-9.979061126708984,1.3768298625946045,-10.890073776245117,1,1.3768298625946045,-10.890073776245117,2665.978759765625,-8.153031349182129,0.5033815503120422,0.11351224780082703,4.0,4.0,1,2661.983642578125,-8.447807312011719,8.384168511889293,19.576587677001953,7.995144844055176,0.6996051805055514,2661.983642578125,-8.447807312011719,2661.983642578125,-3.466893327407554,0.0,-4.980913984604165,0.0,1,0.4102082247422734,0.4101990529312106,-0.0027431041805636037,2.86777400970459,-0.015312539413571358,0.6840565204620361,0.03990964964032173,-0.7619810264485,0.0,-33.07476039657021,-33.07476039657021,156.6907912015307,3.2095799446105957,-0.038044273853302,0.08871741777662283,1.0,2658.539585795652,-1.1405877205354171,10,10,11,7.439127639288017,0.9863834464867256,7.439127516584904,2.539607429910771,-1.2901646250180336,-0.9058876571461869,0.4102082247421656,0.32816657979381875,0.08204164494834687,0,6.037810291514273,nan
GT+smooth-jitter_controlled_forward3x6_SoftMS_local_prior_3frame_causal_heading_continuous_waypoint_RNN_polynomial_Kalman,1,controlled_gt_jitter,8.0,-0.12254140999476792,-6.892403346290537,-3.9420080008761156,-3.408103209724375,0,0,6,-1.0260038056026464,-1.2195564733759456,3.8194665908813477,-3.484300136566162,-1,-1.0260038375854492,-1.219556450843811,-1.0260038056026464,-1.2195564733759456,0.0,0,0.0,0.0,1255,/yh/study/uav-sat/v36_GvsK/v36_training_data/routes/route_C/vi/vi_001255.jpg,3.8194665908813477,-3.484300136566162,2665.978713312237,-0.5884073321123587,10,0.32806737336279124,0.32806737336279124,1,0.32806737336279124,170.23446623346393,1.7831564790684303e-05,2658.9496627359686,-1.1430306306422622,-0.9448969568126,-1.12715514703402,5.31557076110095,6.535880266028966,1,0.0,0,0,0.46352257299784577,1.0,2662.726318359375,-5.575904846191406,1,1,6,18,1,-33.14378804923051,0.43163222074508667,-19.495380401611328,2.0333914756774902,-10.883855819702148,1,2.0333914756774902,-10.883855819702148,2665.978759765625,-7.796817302703857,0.505407989025116,0.01952502131462097,4.0,4.0,1,2661.98486328125,-8.093788146972656,7.835773562148297,19.232650756835938,7.912857532501221,0.46352257299784577,2661.98486328125,-8.093788146972656,2661.98486328125,-3.2578428760887084,0.0,-4.835945270883948,0.0,1,0.410084216703489,0.41007694031672154,-0.0024429101068449604,2.820039987564087,-0.010002726688981056,0.6556689739227295,0.04284600540995598,-0.6129772480534984,0.0,-32.92575661817521,-32.92575661817521,156.8397771483609,3.1478164196014404,-0.022257177159190178,0.031793443799826376,1.0,2658.9305081654566,-1.26447785563687,10,10,11,7.048205269483333,0.9870989894409652,7.048205146780219,2.4919726142012957,-1.0260038056026464,-1.2195564733759456,0.410084216703334,0.32806737336279124,0.08201684334054277,0,5.348611709889118,nan
GT+smooth-jitter_controlled_forward3x6_SoftMS_local_prior_3frame_causal_heading_continuous_waypoint_RNN_polynomial_Kalman,1,controlled_gt_jitter,8.0,0.01489505471135999,-7.013635586581374,-3.8045715361699877,-3.529335450015212,0,0,6,-1.0260038056026464,-1.2195564733759456,3.8194665908813477,-3.484300136566162,-1,-1.0260038375854492,-1.219556450843811,-1.0260038056026464,-1.2195564733759456,0.0,0,0.0,0.0,1256,/yh/study/uav-sat/v36_GvsK/v36_training_data/routes/route_C/vi/vi_001256.jpg,3.8194665908813477,-3.484300136566162,2665.978713312237,-0.5884073321123587,10,0.0,0.0,1,0.0,170.23446623346393,0.0,2658.9305081654566,-1.26447785563687,-1.0260038056026464,-1.2195564733759456,5.348611709889118,6.421795993435337,1,0.0,0,0,0.6711092488801853,1.0,2662.907470703125,-5.604897975921631,1,1,6,18,1,-33.06747706703745,0.43163222074508667,-19.495380401611328,2.0280210971832275,-11.149728775024414,1,2.0280210971832275,-11.149728775024414,2665.978759765625,-8.024388313293457,0.4768257737159729,0.09627160429954529,4.0,4.0,1,2661.99365234375,-8.295790672302246,8.027008578248171,17.71035385131836,7.607388973236084,0.6711092488801853,2661.99365234375,-8.295790672302246,2661.99365234375,-3.721808116289176,0.0,-4.57398255601307,0.0,1,0.0,0.0,0.0,2.384713649749756,-0.0025733665097504854,0.5412750840187073,0.03732633590698242,-0.3433253016440825,0.0,-32.656104671765796,-32.656104671765796,157.1094290947703,2.655399799346924,0.00017832592129707336,0.07193131637883941,1.0,2658.9305081654566,-1.26447785563687,10,10,11,7.048205269483333,0.9870989894409652,7.048205146780219,2.384713649749756,-1.0260038056026464,-1.2195564733759456,0.0,0.0,0.0,0,5.348611709889118,nan
GT+smooth-jitter_controlled_forward3x6_SoftMS_local_prior_3frame_causal_heading_continuous_waypoint_RNN_polynomial_Kalman,1,controlled_gt_jitter,8.0,0.1560890363259615,-7.1293214875669415,-3.663377554555386,-3.6450213510007794,0,0,6,-1.0260038056026464,-1.2195564733759456,3.8194665908813477,-3.484300136566162,-1,-1.0260038375854492,-1.219556450843811,-1.0260038056026464,-1.2195564733759456,0.0,0,0.0,0.0,1257,/yh/study/uav-sat/v36_GvsK/v36_training_data/routes/route_C/vi/vi_001257.jpg,3.8194665908813477,-3.484300136566162,2665.978713312237,-0.5884073321123587,10,0.0,0.0,1,0.0,170.23446623346393,0.0,2658.9305081654566,-1.26447785563687,-1.0260038056026464,-1.2195564733759456,5.348611709889118,6.5740615337077015,1,0.0,0,0,0.5697941498792545,1.0,2663.088623046875,-5.627195358276367,1,1,6,18,1,-32.92349673269443,0.49280112981796265,-9.979061126708984,2.06754732131958,-10.647771835327148,1,2.06754732131958,-10.647771835327148,2665.978759765625,-7.57903528213501,0.5022901296615601,0.06134772300720215,4.0,4.0,1,2661.991455078125,-7.848346710205078,7.599058388835074,17.875595092773438,7.64118766784668,0.5697941498792545,2661.991455078125,-7.848346710205078,2661.991455078125,-3.55463820293764,0.0,-4.2937085072674375,0.0,1,0.0,0.0,0.0,2.420841693878174,-0.003839462297037244,0.5340563654899597,0.037283532321453094,-0.25929319080072466,0.0,-32.572072560922436,-32.572072560922436,157.19346120561366,2.6879091262817383,0.0026381853967905045,0.0531508415100099,1.0,2658.9305081654566,-1.26447785563687,10,10,11,7.048205269483333,0.9870989894409652,7.048205146780219,2.420841693878174,-1.0260038056026464,-1.2195564733759456,0.0,0.0,0.0,0,5.348611709889118,nan
