protocol,controlled_gt_prior,reference_protocol,gt_prior_jitter_limit_m,prior_center_x,prior_center_y,prior_jitter_x,prior_jitter_y,progress_capped_to_gt,direct_kalman_ms_enabled,ms_grid_size,kalman_x,kalman_y,frame_reference_x,frame_reference_y,ms_lattice_index,ms_lattice_x,ms_lattice_y,ms_x,ms_y,ms_support,ms_mode_count,ms_shift_from_kalman_m,ms_latency_ms,frame_id,image_path,gt_x,gt_y,gt_progress_s,gt_cross_e,gt_waypoint_leg,gt_step_parallel,gt_step_norm_m,controlled_gt_motion_envelope,gt_velocity_parallel,gt_heading_deg,gt_turn_rate_deg_per_frame,predicted_progress_s,predicted_cross_e,predicted_x,predicted_y,motion_prediction_error_m,kalman_progress_std_m,acquisition_hypothesis_count,acquisition_radius_m,acquisition_selected_index,acquisition_target_index,acquisition_confidence,acquisition_margin,selected_hypothesis_center_s,selected_hypothesis_center_e,selected_candidate_capture,bank_candidate_capture,search_grid_size,search_candidate_count,forward_only_search,search_heading_deg,raw_top1_x,raw_top1_y,softms_x,softms_y,softms_mode_count,visual_anchor_x,visual_anchor_y,visual_anchor_s,visual_anchor_e,visual_entropy,visual_margin,visual_var_s,visual_var_e,candidate_capture,measurement_s,measurement_e,visual_measurement_error_m,measurement_var_s,measurement_var_e,local_visual_confidence,kalman_raw_measurement_s,kalman_raw_measurement_e,kalman_used_measurement_s,kalman_used_measurement_e,kalman_measurement_clip_s,kalman_measurement_clip_e,kalman_posterior_projection_m,kalman_step_limited,kalman_step_limit_m,kalman_motion_step_s,kalman_motion_step_e,v_parallel,v_cross,a_parallel,a_cross,heading_residual_deg,turn_rate_deg_per_frame,estimated_heading_deg,polynomial_heading_deg,heading_error_deg,poly_next_step_parallel,poly_next_step_cross,kalman_nis,kalman_r_scale,final_progress_s,final_cross_e,waypoint_leg_before_update,waypoint_leg,target_waypoint,route_remaining_m,route_leg_progress,progress_error_m,speed_error_m_per_frame,final_x,final_y,final_step_m,gt_step_for_jump_m,excess_step_over_gt_m,abnormal_jump,error_final_m,end_to_end_latency_ms
GT+smooth-jitter_controlled_forward3x6_SoftMS_local_prior_3frame_causal_heading_continuous_waypoint_RNN_polynomial_Kalman,1,controlled_gt_jitter,8.0,134.2783964771973,-82.67423755504318,-3.505890021826147,-3.400800055043172,0,1,8,141.751812,-78.197956,141.751812,-78.197956,618,140.75181579589844,-80.69795227050781,140.76113891601562,-80.3287353515625,0.9621847867965698,1,2.3498199514805815,9.152863174676895,0,/yh/study/cvpr_data/Bearing_UAV_90K/citya/uav_254k_34bc_b15_s100/blk_2_0_s_081_v3d.jpg,137.78428649902344,-79.2734375,0.0,3.5194132913518574,0,0.0,0.0,1,0.0,74.05460409907715,0.0,0.0,0.0,141.751812,-78.197956,4.110707853611294,3.950853219790546,1,0.0,0,0,0.4623125982236931,1.0,0.0,5.956139087677002,1,1,6,18,1,74.05460409907715,132.75181579589844,-72.69795227050781,135.13418579101562,-66.83918762207031,1,132.4893035888672,-68.62116241455078,6.66370964050293,11.537071228027344,0.8278394341468811,0.12922051548957825,27.101247787475586,100.36564636230469,1,6.6141676902771,11.544790267944336,11.864374146951349,28.104167938232422,101.36277770996094,0.4623125982236931,6.6141676902771,11.544790267944336,6.6141676902771,2.112815787069094,0.0,9.431974480875242,0.0,1,0.0,0.0,0.0,0.7537944316864014,-0.015606816858053207,0.03590157628059387,-0.012484081089496613,-0.04908357031997644,0.0,74.00552052875717,74.00552052875717,0.049083570319976434,0.7717261910438538,-0.02250998094677925,0.07366325596552295,1.0,0.0,0.36718578777247346,0,0,1,163.80247250881166,0.0,0.0,0.7537944316864014,140.76113891601562,-80.3287353515625,0.0,0.0,0.0,0,3.1583704450340617,35.61308002099395
GT+smooth-jitter_controlled_forward3x6_SoftMS_local_prior_3frame_causal_heading_continuous_waypoint_RNN_polynomial_Kalman,1,controlled_gt_jitter,8.0,145.75290371559282,-75.8983681157621,-3.4008591017899956,-3.5381691411527214,0,1,8,143.8192040160129,-70.8360393170751,143.85249882311322,-70.84555211910377,737,140.75181579589844,-72.69795227050781,141.3077850341797,-72.65589904785156,0.9436392188072205,1,3.1014697712558603,9.42712277173996,1,/yh/study/cvpr_data/Bearing_UAV_90K/citya/uav_254k_34bc_b15_s100/blk_3_0_s_032_v3d.jpg,149.1537628173828,-72.36019897460938,7.646615457613874,-5.513397775766971,0,13.306308979678768,13.306308979678768,1,13.306308979678768,31.301797560098063,-12.000000000000002,7.646615457613874,-0.008583749644458294,143.86075230395693,-70.84791025648768,5.504814026122508,5.551893698310764,1,0.0,0,0,0.2518471499821316,1.0,3.310293197631836,-3.215400218963623,1,1,6,18,1,74.03742485263346,124.75181579589844,-64.69795227050781,146.2081298828125,-64.55443572998047,1,140.71502685546875,-65.68191528320312,11.749646186828613,4.435314655303955,0.8329519629478455,0.0444570928812027,34.933528900146484,144.63949584960938,1,11.677393913269043,4.446918487548828,10.745002327773001,35.93746566772461,145.63558959960938,0.2518471499821316,11.677393913269043,4.446918487548828,11.677393913269043,1.756964047826059,0.0,2.689954439722769,0.0,0,12.85353636408068,12.853533497913576,-0.008583749644458294,0.7555894255638123,-0.023556500673294067,0.05284179747104645,-0.01884256675839424,-0.0770618027437606,0.0,73.9775422963334,73.9775422963334,42.67574473623532,0.7819652557373047,-0.03402954339981079,0.018885049351953898,1.0,5.206836889813032,1.9494626978002463,0,0,1,158.59563561899864,0.03178729118104694,2.4397785678008415,12.550719554114956,141.3077850341797,-72.65589904785156,7.692284376051653,13.306308979678768,0.0,0,7.851547994365981,30.470070894807577
GT+smooth-jitter_controlled_forward3x6_SoftMS_local_prior_3frame_causal_heading_continuous_waypoint_RNN_polynomial_Kalman,1,controlled_gt_jitter,8.0,144.5865541221388,-66.71221388211481,-3.2904295204393312,-3.672266372349181,0,1,8,145.99274629674943,-62.501593982386,146.21809134780366,-62.565978282687205,857,148.75181579589844,-64.69795227050781,148.4381866455078,-64.63844299316406,0.9616068601608276,1,3.2475070737719274,8.853003848344088,2,/yh/study/cvpr_data/Bearing_UAV_90K/citya/uav_254k_34bc_b15_s100/blk_3_0_s_006_v3d.jpg,147.87698364257812,-63.039947509765625,16.257502224117374,-1.7252740286341157,0,9.407297828236173,9.407297828236173,1,9.407297828236173,97.8003833854528,12.000000000000002,16.257502224117374,0.017808360236265836,146.20096818296827,-62.561085949877096,1.743082388870393,8.221244203797452,1,0.0,0,0,0.24274476644612702,1.0,11.822579383850098,0.42970359325408936,1,1,6,18,1,74.01646595692792,124.75181579589844,-56.69795608520508,145.80828857421875,-56.03364562988281,1,145.12615966796875,-58.758758544921875,19.618257522583008,2.095842123031616,0.8743965029716492,0.05415333807468414,38.65055847167969,179.86477661132812,1,19.53590202331543,2.110153913497925,5.045633036861583,39.6550407409668,180.86044311523438,0.24274476644612702,19.53590202331543,2.110153913497925,19.53590202331543,1.7683372248723754,0.0,0.34181668862554937,0.0,0,9.343600080448981,9.343584943297559,-0.016818761825561523,0.7560526728630066,-0.026653369888663292,0.057209312915802,-0.021319374442100525,-0.11199190375741487,0.0,73.94261219531974,73.94261219531974,23.857771190133068,0.7845829129219055,-0.0388467013835907,0.023664710843802478,1.0,14.874684858578322,-2.7040246375770463,0,0,1,148.92778765023334,0.09080867114370417,1.3828173655390525,8.651245155373166,148.4381866455078,-64.63844299316406,10.72950272508824,9.407297828236173,1.3222048968520674,0,1.6941477565261251,30.29994387179613
GT+smooth-jitter_controlled_forward3x6_SoftMS_local_prior_3frame_causal_heading_continuous_waypoint_RNN_polynomial_Kalman,1,controlled_gt_jitter,8.0,146.04925277105534,-56.75971492120446,-3.1747004760149813,-3.8028744060677466,0,1,8,149.1403670412334,-52.93295874204046,148.98321165615786,-52.88805720344745,976,148.75181579589844,-56.69795608520508,148.75286865234375,-55.484474182128906,0.907874584197998,1,2.5807723732250762,10.008956771343946,3,/yh/study/cvpr_data/Bearing_UAV_90K/citya/uav_254k_34bc_b15_s100/blk_3_1_s_052_v3d.jpg,149.2239532470703,-52.95684051513672,26.322692075067334,-0.2503750338232627,0,10.172677807763314,10.172677807763314,1,10.172677807763314,82.39109039848066,-12.000000000000002,26.322692075067334,0.21213459487401193,148.7792391630634,-52.82977934827761,0.46250962869728185,9.62178603622398,1,0.0,0,0,0.2953915244928459,1.0,21.79397964477539,1.7574455738067627,1,1,6,18,1,73.99061713936455,164.75181579589844,-56.69795608520508,148.92352294921875,-45.635887145996094,1,151.50674438476562,-48.3759651184082,31.35444450378418,-1.1868700981140137,0.8807765245437622,0.07704433798789978,56.33997344970703,166.71885681152344,1,31.26403045654297,-1.1696171760559082,5.026114912763218,57.344520568847656,167.71435546875,0.2953915244928459,31.26403045654297,-1.1696171760559082,31.26403045654297,-1.1696171760559082,0.0,0.0,0.0,1,10.108888020820363,10.108863583142249,-0.02222779579460621,0.7568621635437012,-0.029129356145858765,0.06483612209558487,-0.02330007776618004,-0.1280751849837966,0.0,73.92652891409335,73.92652891409335,8.464561484387298,0.7891871333122253,-0.042543601244688034,0.06223996357498791,1.0,23.762894882192796,-0.4918102865364609,0,0,1,140.03957762661886,0.1450704285365075,2.5597971928745373,9.415815644219613,148.75286865234375,-55.484474182128906,9.159376057288547,10.172677807763314,0.0,0,2.5711578422767167,31.756232958287
GT+smooth-jitter_controlled_forward3x6_SoftMS_local_prior_3frame_causal_heading_continuous_waypoint_RNN_polynomial_Kalman,1,controlled_gt_jitter,8.0,145.44228299292016,-50.82331429721636,-3.0537802395017297,-3.9297786832026897,0,1,8,150.52935833532385,-47.47447707198567,150.52990427044332,-47.47463305344837,1095,148.75181579589844,-48.69795608520508,148.79940795898438,-48.682315826416016,0.992746889591217,1,2.109882167634236,8.671030402183533,4,/yh/study/cvpr_data/Bearing_UAV_90K/citya/uav_254k_34bc_b15_s100/blk_3_1_s_026_v3d.jpg,148.49606323242188,-46.89353561401367,31.95273817353566,2.115226607732073,0,6.106839624339881,6.106839624339881,1,6.106839624339881,96.84550679790945,12.000000000000002,31.95273817353566,-0.1894677199819878,150.7120820205109,-47.52668383918197,2.3046943277140555,11.910078796573805,1,0.0,0,0,0.2458726510985835,1.0,27.335224151611328,3.9719161987304688,1,1,6,18,1,73.96818626452169,140.75181579589844,-48.69795608520508,148.65892028808594,-38.6475715637207,1,147.4226531982422,-39.59890365600586,38.67181396484375,5.151325702667236,0.9090213179588318,0.06318852305412292,61.14217758178711,159.12327575683594,1,38.57529830932617,5.169876575469971,7.293091880510127,62.147193908691406,160.1183624267578,0.2458726510985835,38.57529830932617,5.169876575469971,37.80503775457787,1.5662221543306751,0.7702605547483019,3.603654421139295,0.0,1,6.0687519390472,6.068696142270157,-0.026023652404546738,0.75717693567276,-0.03296039626002312,0.0678008496761322,-0.026364535093307495,-0.15195960945939074,0.0,73.90264448961776,73.90264448961776,22.94286230829169,0.790952205657959,-0.04824059084057808,0.02625173272042834,1.0,30.31611836766774,1.3321376712399808,0,0,1,133.48635414114392,0.18507729403191336,1.6366198058679196,5.349662688667121,148.79940795898438,-48.682315826416016,6.802317561188781,6.106839624339881,0.6954779368489001,0,1.8143187899086124,30.579943675547838
GT+smooth-jitter_controlled_forward3x6_SoftMS_local_prior_3frame_causal_heading_continuous_waypoint_RNN_polynomial_Kalman,1,controlled_gt_jitter,8.0,140.4242341732728,-43.66443927073531,-2.9277860903990813,-4.0527678229814,0,1,8,151.96995909052583,-42.07393968399789,152.06518590162514,-42.10114734431198,1214,148.75181579589844,-40.69795608520508,149.79380798339844,-40.71650695800781,0.9154062271118164,1,2.564811347183385,9.47301322594285,5,/yh/study/cvpr_data/Bearing_UAV_90K/citya/uav_254k_34bc_b15_s100/blk_3_1_s_096_v3d.jpg,143.35202026367188,-39.611671447753906,37.541247666534424,9.061829046828969,0,8.9155327266633,8.9155327266633,1,8.9155327266633,125.2380876354649,12.000000000000002,37.541247666534424,-0.02927107894034467,152.09333074499958,-42.10918872813325,9.09110012576932,14.237657048674905,1,0.0,0,0,0.14269232252742042,1.0,32.840087890625,10.76358413696289,1,1,6,18,1,73.94524664730737,156.75181579589844,-32.69795608520508,144.0732879638672,-33.475242614746094,1,143.77255249023438,-33.58204650878906,43.45440673828125,10.313942909240723,0.9549058079719543,0.03555023670196533,35.478904724121094,227.3730926513672,1,43.354156494140625,10.333039283752441,5.950284405347452,36.48396682739258,228.36805725097656,0.14269232252742042,43.354156494140625,10.333039283752441,42.82605544043524,1.556171253229899,0.5281010537053881,8.776868030522543,0.0,0,8.649422337315867,8.649370867970138,-0.029838860034942627,0.7573826909065247,-0.03278380632400513,0.06973706930875778,-0.026222968474030495,-0.16606483054953977,0.0,73.88853926852761,73.88853926852761,51.34954836693728,0.7921149134635925,-0.048191338777542114,0.01118990976896632,1.0,38.248617053260084,2.564374231175294,0,0,1,125.55385545555157,0.2335045159419222,0.7073693867256594,8.158150035756776,149.79380798339844,-40.71650695800781,8.027636161197483,8.9155327266633,0.0,0,6.535846581028196,31.214093323796988
GT+smooth-jitter_controlled_forward3x6_SoftMS_local_prior_3frame_causal_heading_continuous_waypoint_RNN_polynomial_Kalman,1,controlled_gt_jitter,8.0,159.41102624882183,-35.58159190296325,-2.796844234576623,-4.17163401722106,0,1,8,155.7699382545422,-29.57054867749755,155.65475931194723,-29.5376404081847,1334,156.75181579589844,-32.69795608520508,156.7450408935547,-32.3029670715332,0.960179328918457,1,2.901195518518785,9.567937813699245,6,/yh/study/cvpr_data/Bearing_UAV_90K/citya/uav_254k_34bc_b15_s100/blk_3_2_s_061_v3d.jpg,162.20787048339844,-31.409957885742188,50.60749210792651,-6.81533849211951,0,20.0,20.562373230297354,1,20.0,23.507554954132235,-12.000000000000002,50.60749210792651,0.06757879945458564,155.58978067791884,-29.519075084176585,6.882917291574088,14.232279195568347,1,0.0,0,0,0.1809834178284183,1.0,45.8280143737793,-5.272141933441162,1,1,6,18,1,73.92539906473446,148.75181579589844,-16.697956085205078,159.60626220703125,-23.309795379638672,1,158.23704528808594,-22.676834106445312,57.91373062133789,-0.5981213450431824,0.9004867672920227,0.028567738831043243,49.8883056640625,111.13011169433594,1,57.810611724853516,-0.5778577327728271,9.528436306077642,50.89358901977539,112.12490844726562,0.1809834178284183,57.810611724853516,-0.5778577327728271,56.102900905982814,-0.5778577327728271,1.7077108188707042,0.0,0.0,1,14.0,19.667383371873566,-0.03145857900381088,0.7577234506607056,-0.0352851077914238,0.07294491678476334,-0.02822408825159073,-0.18799811543918454,0.0,73.86660598363797,73.86660598363797,50.359051029505736,0.7940295934677124,-0.052002787590026855,0.032277104461517776,1.0,48.24808768389217,-1.8080255103470775,0,0,1,115.55438482491948,0.29455042372023227,2.359404424034338,19.242276549339294,156.7450408935547,-32.3029670715332,10.913628745405376,20.562373230297354,0.0,0,5.535338520233389,30.71295004338026
GT+smooth-jitter_controlled_forward3x6_SoftMS_local_prior_3frame_causal_heading_continuous_waypoint_RNN_polynomial_Kalman,1,controlled_gt_jitter,8.0,162.34397621381402,-35.42031343777371,-2.6610897041547403,-4.286173423125272,0,1,8,156.30128964170962,-28.64734679286011,155.93872595220373,-28.543757167286998,1453,156.75181579589844,-24.697956085205078,156.7479705810547,-29.86239242553711,0.8589684963226318,1,1.2945500187561885,9.457314852625132,7,/yh/study/cvpr_data/Bearing_UAV_90K/citya/uav_254k_34bc_b15_s100/blk_2_1_s_015_v3d.jpg,165.00506591796875,-31.134140014648438,51.64114628090502,-9.42913589204931,0,2.810761070812617,2.810761070812617,1,2.810761070812617,5.63145443035463,-12.000000000000002,51.64114628090502,-0.15335107901384878,156.0861766870721,-28.585885948677962,9.27578481303545,15.498177697230775,1,0.0,0,0,0.17492472712581064,1.0,46.7888298034668,-8.04793643951416,1,1,6,18,1,73.90482149235379,156.75181579589844,-32.69795608520508,165.52532958984375,-24.020225524902344,1,163.3916473388672,-24.060543060302734,57.99934005737305,-5.934528827667236,0.9232987761497498,0.035641513764858246,59.63058090209961,137.9325408935547,1,57.893028259277344,-5.912021636962891,7.173292197786791,60.63592529296875,138.92723083496094,0.17492472712581064,57.893028259277344,-5.912021636962891,57.103232280096975,-1.7919768787714365,0.789795979180365,-4.1200447581914545,0.0,0,2.6688035744143797,2.6685925189858883,-0.033563170582056046,0.7577231526374817,-0.03457199037075043,0.07294171303510666,-0.02765345200896263,-0.20318380041887818,0.0,73.85142029865827,73.85142029865827,68.21996586830365,0.7940173745155334,-0.051214803010225296,0.015977278178369556,1.0,50.59556349907683,-1.1403650555716425,0,0,1,113.20690900973483,0.30888156157932883,1.0455827818281875,2.0530379181751353,156.7479705810547,-29.86239242553711,2.440576404406919,2.810761070812617,0.0,0,8.354457812048514,31.1973849311471
GT+smooth-jitter_controlled_forward3x6_SoftMS_local_prior_3frame_causal_heading_continuous_waypoint_RNN_polynomial_Kalman,1,controlled_gt_jitter,8.0,166.33106410728612,-12.229833328062274,-2.5206662393935693,-4.396186553770281,0,1,8,160.26949443313413,-15.221500423512833,162.38388751974776,-5.98569168088288,1572,156.75181579589844,-16.697956085205078,163.8486785888672,-8.702829360961914,0.9259698390960693,1,7.436641153261955,10.280182119458914,8,/yh/study/cvpr_data/Bearing_UAV_90K/citya/uav_254k_34bc_b15_s100/blk_2_1_s_075_v3d.jpg,168.8517303466797,-7.833646774291992,75.10188851384905,-6.726658075237025,0,20.0,23.615880514412467,1,20.0,80.62562853749208,12.000000000000002,74.1177563541645,-0.41118995155052873,162.50889460828424,-7.044920887333076,6.391686297764126,16.729203782395356,1,0.0,0,0,0.08,1.0,70.182373046875,-5.510702610015869,1,1,6,18,1,73.88613107989644,188.75181579589844,-0.6979560256004333,170.99365234375,-3.0345242023468018,1,170.7375946044922,-3.7892138957977295,79.50879669189453,-7.428870677947998,0.9453253746032715,0.0032307282090187073,38.57361602783203,178.40264892578125,1,79.40093231201172,-7.405352592468262,4.352287194825333,39.57907485961914,179.3972625732422,0.08,79.40093231201172,-7.405352592468262,79.0577563541645,-1.8931899515505286,0.34317595784722066,-5.512162640917733,0.0,1,14.0,22.476610073259472,-0.03411802276968956,0.7579737901687622,-0.036295827478170395,0.07530059665441513,-0.02903219871222973,-0.22888833690614846,0.0,73.825715762171,73.825715762171,6.799912775321072,0.7954146862030029,-0.053989917039871216,0.009935869662696904,1.0,72.89170462005832,-2.1548868193725275,0,0,1,90.91076788875334,0.44499758461299876,2.2101838937907274,19.242026209831238,163.8486785888672,-8.702829360961914,22.319210633352323,23.615880514412467,0.0,0,5.077992246973301,32.973452005535364
GT+smooth-jitter_controlled_forward3x6_SoftMS_local_prior_3frame_causal_heading_continuous_waypoint_RNN_polynomial_Kalman,1,controlled_gt_jitter,8.0,163.75023515109785,-3.1818206244276706,-2.375726152613076,-4.501478665428037,0,1,8,163.29206254424017,-6.176607237637931,164.5960232035632,1.7567832124711487,1692,164.75181579589844,-8.697956085205078,164.74893188476562,-0.7000640034675598,0.9992257952690125,2,5.667009270426541,9.298624936491251,9,/yh/study/cvpr_data/Bearing_UAV_90K/citya/uav_254k_34bc_b15_s100/blk_3_2_s_036_v3d.jpg,166.12596130371094,1.3196580410003662,83.15418394793659,-1.5911596418389495,0,9.550539561577715,9.550539561577715,1,9.550539561577715,106.58304199276228,12.000000000000002,75.17706517505844,-0.5395480226739078,162.92332848160996,-6.06163276217013,8.04613639669176,16.314034200440318,1,0.0,0,0,0.24663882322842287,1.0,78.1732406616211,-0.5434933304786682,1,1,6,18,1,73.86498572136058,164.75181579589844,15.302043914794922,168.96710205078125,7.760364532470703,1,169.12205505371094,7.506875991821289,89.92642974853516,-2.7722160816192627,0.879801869392395,0.04877831041812897,55.85791015625,94.56966400146484,1,89.82334899902344,-2.7500686645507812,6.76910870067554,56.86302185058594,95.56458282470703,0.24663882322842287,89.82334899902344,-2.7500686645507812,81.03357870281476,-2.2965020810008054,8.789770296208665,-0.45356658354997537,0.0,1,9.53656178767597,9.536496396651497,-0.03531581535935402,0.757885217666626,-0.03493482992053032,0.0744667500257492,-0.027943899855017662,-0.22668234588679304,0.0,73.82792175319035,73.82792175319035,32.75512023957191,0.7949188947677612,-0.05205215886235237,0.026957723276197745,1.0,80.83387375948206,-0.8219731970125463,0,0,1,82.9685987493296,0.49348384381153737,2.3203101884545276,8.792654343911089,164.74893188476562,-0.7000640034675598,8.05324216473637,9.550539561577715,0.0,0,2.4444809587212095,30.602763406932354
GT+smooth-jitter_controlled_forward3x6_SoftMS_local_prior_3frame_causal_heading_continuous_waypoint_RNN_polynomial_Kalman,1,controlled_gt_jitter,8.0,170.27541613926576,-1.0951882353522855,-2.2264301742108037,-4.601860140869864,0,1,8,165.474738460321,0.4232217179321437,165.6549238477576,5.462935467151567,1811,164.75181579589844,-0.6979560256004333,164.75689697265625,4.129355430603027,0.8537901639938354,1,3.7750130460183047,8.574419654905796,10,/yh/study/cvpr_data/Bearing_UAV_90K/citya/uav_254k_34bc_b15_s100/blk_2_1_s_039_v3d.jpg,172.50184631347656,3.506671905517578,87.00864047371918,-7.120906850545366,0,6.740544436567755,6.740544436567755,1,6.740544436567755,18.93265413649404,-12.000000000000002,82.11911438275101,-0.9607868432890125,165.23548728356377,0.4975905928137304,7.8647659785945745,16.629262227398748,1,0.0,0,0,0.21339931936178913,1.0,81.9721908569336,-6.244369029998779,1,1,6,18,1,73.85201333783709,164.75181579589844,15.302043914794922,174.48915100097656,10.975385665893555,1,173.96697998046875,10.98047924041748,94.5973892211914,-6.476455211639404,0.9422035813331604,0.05592362582683563,64.0149154663086,140.414794921875,1,94.4886474609375,-6.450729846954346,7.509969490282708,65.02031707763672,141.40943908691406,0.21339931936178913,94.4886474609375,-6.450729846954346,87.79281063924086,-2.662895720235965,6.695836821696652,-3.787834126718381,0.0,1,6.951389529973163,6.951300881642335,-0.035106271505355835,0.7576831579208374,-0.03466115519404411,0.07256568223237991,-0.02772453986108303,-0.25406174614417093,0.0,73.80054235293298,73.80054235293298,54.867888216438935,0.7937430143356323,-0.052043553441762924,0.018027856537810243,1.0,85.47966437647204,0.4971117342529621,0,0,1,78.32280813233962,0.5218459957731939,1.5289760972471385,5.982861278646918,164.75689697265625,4.129355430603027,4.829426002415171,6.740544436567755,0.0,0,7.769940480099306,29.906494077295065
GT+smooth-jitter_controlled_forward3x6_SoftMS_local_prior_3frame_causal_heading_continuous_waypoint_RNN_polynomial_Kalman,1,controlled_gt_jitter,8.0,166.5323688812259,0.4126701602496565,-2.0729472808834766,-4.697146867795998,0,1,8,166.84469931495454,4.505275255308566,165.78431839700144,5.915816389505068,1930,164.75181579589844,7.302043914794922,164.7666778564453,7.2261810302734375,0.9897997379302979,1,3.4236678311807642,8.953722193837166,11,/yh/study/cvpr_data/Bearing_UAV_90K/citya/uav_254k_34bc_b15_s100/blk_3_2_s_079_v3d.jpg,168.60531616210938,5.109817028045654,87.47964374250378,-2.933881961057216,0,4.213433457929431,4.213433457929431,1,4.213433457929431,157.6363177768176,12.000000000000002,86.41899781988035,-1.2461247407583464,166.69111533282546,4.553643140653081,1.9933625379866526,17.30095460522683,1,0.0,0,0,0.13922069101972956,1.0,82.39374542236328,-2.2310988903045654,1,1,6,18,1,73.83399848711755,188.75181579589844,-0.6979560256004333,173.51010131835938,10.452516555786133,1,175.8839111328125,8.18815803527832,92.43912506103516,-9.086740493774414,0.9014291167259216,0.014143198728561401,53.46015930175781,123.44591522216797,1,92.334716796875,-9.062231063842773,7.818465136386707,54.465457916259766,124.4406509399414,0.13922069101972956,92.334716796875,-9.062231063842773,91.68471162048886,-2.8258388809409,0.6500051763861414,-6.236392182901874,0.0,1,4.305804666405067,4.305663538157556,-0.03486146032810211,0.7578012943267822,-0.03530094027519226,0.07367712259292603,-0.028236860409379005,-0.2459523105673824,0.0,73.80865178850976,73.80865178850976,83.82766598830784,0.7944203615188599,-0.052830033004283905,0.010739317834545875,1.0,88.46002336764866,1.3384706019036159,0,0,1,75.342449141163,0.5400408309641969,0.9803796251448773,3.4556321636026484,164.7666778564453,7.2261810302734375,3.0968410453979858,4.213433457929431,0.0,0,4.3833937344980844,30.57023510336876
GT+smooth-jitter_controlled_forward3x6_SoftMS_local_prior_3frame_causal_heading_continuous_waypoint_RNN_polynomial_Kalman,1,controlled_gt_jitter,8.0,171.57845723696155,11.65193202457049,-1.9154545062024992,-4.787160611537908,0,1,8,170.4394124106852,16.060997118118735,169.145907846758,17.681379463652988,2050,172.75181579589844,15.302043914794922,171.59046936035156,15.36536979675293,0.9046275019645691,1,1.344927310900399,9.41321486607194,12,/yh/study/cvpr_data/Bearing_UAV_90K/citya/uav_254k_34bc_b15_s100/blk_3_2_s_017_v3d.jpg,173.49391174316406,16.4390926361084,99.71601404094064,-4.521992309265136,0,12.338997226620682,12.338997226620682,1,12.338997226620682,66.65974617487014,-12.000000000000002,98.51656115311336,-1.442190273354489,170.20309328143935,16.131876649401548,3.3051275029136864,17.402776662891856,1,0.0,0,0,0.1646117585179758,1.0,94.58683013916016,-3.995371103286743,1,1,6,18,1,73.82512713860277,188.75181579589844,31.302043914794922,177.62669372558594,23.525941848754883,1,179.28858947753906,26.304210662841797,110.7934799194336,-7.383557319641113,0.832136332988739,0.005592569708824158,52.751502990722656,98.43921661376953,1,110.68549346923828,-7.358692169189453,11.330328548772963,53.75703811645508,99.4337387084961,0.1646117585179758,110.68549346923828,-7.358692169189453,103.92192582496223,-3.063799674909149,6.763567644276057,-4.294892494280304,0.0,1,12.101928359201528,12.101877448491027,-0.03510317578911781,0.7579789757728577,-0.037096623331308365,0.07534937560558319,-0.029673248529434204,-0.2656213877471679,0.0,73.78898271132998,73.78898271132998,7.129236536459854,0.7954043745994568,-0.055621299892663956,0.014560842972856241,1.0,98.16068797947753,-2.986761224713324,0,0,1,65.64178452933413,0.5992625537089926,1.5553260614631057,11.581018250847825,171.59046936035156,15.36536979675293,10.621229884771775,12.338997226620682,0.0,0,2.185400109920492,30.8383428491652
GT+smooth-jitter_controlled_forward3x6_SoftMS_local_prior_3frame_causal_heading_continuous_waypoint_RNN_polynomial_Kalman,1,controlled_gt_jitter,8.0,166.5785353854074,18.668830387491706,-1.75413673373321,-4.871729381185051,0,1,8,173.2211104978598,22.143863089042714,170.632239570529,22.88354049685151,2169,172.75181579589844,23.302043914794922,172.73402404785156,23.297706604003906,0.9972764253616333,1,1.2524408436327934,8.96333996206522,13,/yh/study/cvpr_data/Bearing_UAV_90K/citya/uav_254k_34bc_b15_s100/blk_2_1_s_079_v3d.jpg,168.33267211914062,23.540559768676758,105.12634318142896,2.391586249131452,0,8.778908240296072,8.778908240296072,1,8.778908240296072,126.00909091475957,12.000000000000002,105.12634318142896,-1.7250884498910328,172.29095342689783,22.409622252174707,4.11667469902249,11.780255669250497,1,0.0,0,0,0.40257481914316745,1.0,99.96015930175781,2.739863634109497,1,1,6,18,1,73.81247658772327,180.75181579589844,31.302043914794922,173.1739501953125,30.76737403869629,1,177.13076782226562,31.313037872314453,115.01679229736328,-3.932729482650757,0.8123467564582825,0.09550926089286804,26.221805572509766,118.8127670288086,1,114.90523529052734,-3.9060022830963135,11.631266147872005,27.227502822875977,119.80712890625,0.40257481914316745,114.90523529052734,-3.9060022830963135,111.84050468671639,-3.7393369014772593,3.0647306038109576,-0.1666653816190542,0.013379139534460682,1,8.605712720380112,8.605636584057303,-0.03619956970214844,0.758014976978302,-0.03603876009583473,0.07568828761577606,-0.028826527297496796,-0.28646693833106174,0.0,73.7681371607461,73.7681371607461,52.24095375401348,0.7955968976020813,-0.05443050339818001,0.08364787080543518,1.0,106.10197841396443,-1.9071359276316207,0,0,1,57.70049409484723,0.6477434484895015,0.9756352325354669,8.02089326331777,172.73402404785156,23.297706604003906,8.014342427608883,8.778908240296072,0.0,0,4.40804678513728,30.472469981759787
GT+smooth-jitter_controlled_forward3x6_SoftMS_local_prior_3frame_causal_heading_continuous_waypoint_RNN_polynomial_Kalman,1,controlled_gt_jitter,8.0,173.93264885421627,25.20254287882058,-1.5891864729321772,-4.950687788293679,0,1,8,176.12513297002386,29.980859912006995,172.9215611820414,30.896166137144846,2288,172.75181579589844,31.302043914794922,172.80520629882812,31.29869842529297,0.9935015439987183,1,3.571919854814292,8.783760946244001,14,/yh/study/cvpr_data/Bearing_UAV_90K/citya/uav_254k_34bc_b15_s100/blk_3_1_s_009_v3d.jpg,175.52183532714844,30.153230667114258,113.45959963328642,-2.7043259312334698,0,9.767880222566992,9.767880222566992,1,9.767880222566992,42.60818838055779,-12.000000000000002,113.45959963328642,-2.728577529592978,175.54515381973968,30.146568240659622,0.024251598359516995,10.748611063693717,1,0.0,0,0,0.3995521707875202,1.0,108.26280975341797,-2.536343574523926,1,1,6,18,1,73.79695778427919,180.75181579589844,31.302043914794922,179.20834350585938,34.83823776245117,1,181.43235778808594,32.75102233886719,117.58118438720703,-7.673766613006592,0.7366918921470642,0.06805655360221863,24.07200050354004,67.57656860351562,1,117.4744873046875,-7.6492695808410645,6.369598944342027,25.077211380004883,68.57138061523438,0.3995521707875202,117.4744873046875,-7.6492695808410645,117.4744873046875,-4.7378386113923865,0.0,-2.911430969448678,0.0,0,9.653177864357934,9.65311032091023,-0.036111123859882355,0.7580422759056091,-0.03638078272342682,0.07594452798366547,-0.029100745916366577,-0.27800033188544915,0.0,73.7766037671917,73.7766037671917,31.168415386633914,0.795758068561554,-0.054792821407318115,0.03673543031225099,1.0,113.81467892328678,0.2224621308496712,0,0,1,49.987793585524884,0.6948288214462952,0.3550792900003614,9.009837946661383,172.80520629882812,31.29869842529297,8.001308457820418,9.767880222566992,0.0,0,2.9482485754324594,30.174660962074995
GT+smooth-jitter_controlled_forward3x6_SoftMS_local_prior_3frame_causal_heading_continuous_waypoint_RNN_polynomial_Kalman,1,controlled_gt_jitter,8.0,171.79931967291986,32.569243177606715,-1.4208036180957688,-5.023877397344458,0,1,8,178.82317129117757,35.99224971776204,174.71310100402602,37.16655551409106,2408,180.75181579589844,39.30204391479492,174.7516326904297,38.99744415283203,0.8519657850265503,1,5.060496039911075,8.762193843722343,15,/yh/study/cvpr_data/Bearing_UAV_90K/citya/uav_254k_34bc_b15_s100/blk_4_2_s_019_v3d.jpg,173.22012329101562,37.59312057495117,119.98090302082151,1.5527202589946223,0,7.787800725366066,7.787800725366066,1,7.787800725366066,107.19073272789885,12.000000000000002,119.98090302082151,-3.368024385790294,177.95153710720166,36.24128805604087,4.920744644784919,8.955092311950015,1,0.0,0,0,0.5041843024719467,1.0,114.76000213623047,1.5386916399002075,1,1,6,18,1,73.78983387029444,180.75181579589844,31.302043914794922,179.0983428955078,40.627445220947266,1,182.48077392578125,36.465965270996094,121.44121551513672,-7.661270618438721,0.7498588562011719,0.15559138357639313,36.849395751953125,93.04348754882812,1,121.33348083496094,-7.63592529296875,9.287662452033807,37.85499572753906,94.03791809082031,0.5041843024719467,121.33348083496094,-7.63592529296875,121.33348083496094,-5.549928484869006,0.0,-2.085996808099744,0.0,0,7.686566461177114,7.686480938339589,-0.03625943511724472,0.758005678653717,-0.03637735918164253,0.07560022920370102,-0.029097730293869972,-0.29362692425236564,0.0,73.76097717482479,73.76097717482479,33.42975555307406,0.7955343723297119,-0.055003851652145386,0.020011304187798496,1.0,121.75193176078307,0.46593465266931344,0,0,1,42.050540748028595,0.7432850670445984,1.771028739961551,7.029795046712349,174.7516326904297,38.99744415283203,7.940986177750472,7.787800725366066,0.15318545238440606,0,2.0778945478261694,30.023919884115458
GT+smooth-jitter_controlled_forward3x6_SoftMS_local_prior_3frame_causal_heading_continuous_waypoint_RNN_polynomial_Kalman,1,controlled_gt_jitter,8.0,171.69157019018286,39.39602029127249,-1.249195190676505,-5.091147067125948,0,1,8,180.43726704430026,42.34530974027246,176.51308634983047,43.46650422440669,2408,180.75181579589844,39.30204391479492,180.39248657226562,40.82461166381836,0.8617891073226929,1,1.5213572658671772,8.818331640213728,16,/yh/study/cvpr_data/Bearing_UAV_90K/citya/uav_254k_34bc_b15_s100/blk_3_3_s_029_v3d.jpg,172.94076538085938,44.48716735839844,126.53294857909707,3.7152698876986663,0,6.8997044787676565,6.8997044787676565,1,6.8997044787676565,92.3204480196782,-12.000000000000002,126.53294857909707,-4.310861912868491,180.65808331402624,42.28221937749361,8.026131800567144,8.989009393863384,1,0.0,0,0,0.1130631082690774,1.0,121.29450988769531,3.5177552700042725,1,1,6,18,1,73.77973402154397,196.75181579589844,39.30204391479492,177.9161376953125,49.563690185546875,1,180.43441772460938,47.14622116088867,131.1483612060547,-2.7595579624176025,0.8927459120750427,0.0050443559885025024,37.09407424926758,168.64138793945312,1,131.03915405273438,-2.7337348461151123,7.867372485613704,38.09955596923828,169.6359405517578,0.1130631082690774,131.03915405273438,-2.7337348461151123,131.03915405273438,-2.774307784224513,0.0,0.0405729381094011,0.0,1,6.87198776816853,6.8718917651282885,-0.03632429242134094,0.7581247091293335,-0.036376047879457474,0.07671986520290375,-0.029096238315105438,-0.29787282063645415,0.0,73.7567312784407,73.7567312784407,18.563716741237496,0.7962090969085693,-0.05506427213549614,0.037217165543547086,1.0,125.05845881966997,-4.45591992038303,0,0,1,38.744013689141696,0.7634711302232786,1.474489759427101,6.141579769638323,180.39248657226562,40.82461166381836,5.929399095138354,6.8997044787676565,0.0,0,8.303159816019077,30.2872727625072
GT+smooth-jitter_controlled_forward3x6_SoftMS_local_prior_3frame_causal_heading_continuous_waypoint_RNN_polynomial_Kalman,1,controlled_gt_jitter,8.0,172.41514051084948,47.39636040184789,-1.074575065322404,-5.152353282234139,0,1,8,182.58783002112068,49.94925241409666,178.683981620412,51.064637671442,2527,180.75181579589844,47.30204391479492,180.7462921142578,48.715240478515625,0.898341178894043,1,2.2167650573683564,9.5731639303267,17,/yh/study/cvpr_data/Bearing_UAV_90K/citya/uav_254k_34bc_b15_s100/blk_4_3_s_034_v3d.jpg,173.48971557617188,52.54871368408203,134.43512664307346,5.402118228032359,0,8.080215063850485,8.080215063850485,1,8.080215063850485,86.10446325665038,-6.215984763027821,134.43512664307346,-4.117562283240689,182.64311636165056,49.93345631680241,9.519680511273057,9.67538585751307,1,0.0,0,0,0.11965912041414722,1.0,129.18580627441406,5.019887447357178,1,1,6,18,1,73.77168306946196,164.75181579589844,55.30204391479492,176.0340118408203,58.05580139160156,1,176.21572875976562,56.632564544677734,139.11073303222656,3.902911424636841,0.9186887741088867,0.012655794620513916,36.96072006225586,161.84219360351562,1,138.99533081054688,3.9297544956207275,4.792005531044693,37.9664421081543,162.83651733398438,0.11965912041414722,138.99533081054688,3.9297544956207275,138.99533081054688,-2.570124734557346,0.0,6.499879230178074,0.0,1,8.06605402307874,8.065972103860558,-0.03635275736451149,0.758086085319519,-0.035709138959646225,0.07635700702667236,-0.028562666848301888,-0.301902952411879,0.0,73.75270114666527,73.75270114666527,12.351762109985097,0.7959901094436646,-0.05418543517589569,0.008928932159969899,1.0,132.74268524449855,-2.6283899740233707,0,0,1,31.059787264313115,0.8103826713443396,1.692441398574914,7.322128978530966,180.7462921142578,48.715240478515625,7.898556922177314,8.080215063850485,0.0,0,8.20691293184562,31.35643806308508
GT+smooth-jitter_controlled_forward3x6_SoftMS_local_prior_3frame_causal_heading_continuous_waypoint_RNN_polynomial_Kalman,1,controlled_gt_jitter,8.0,176.94005555824393,57.524466308334326,-0.8971636800373276,-5.207360473892238,0,1,8,185.4944904874557,60.49252929955328,181.70197403593014,61.627611125755465,2766,188.75181579589844,63.30204391479492,180.95404052734375,63.21067810058594,0.9686754941940308,1,5.291882344198121,8.753480855375528,18,/yh/study/cvpr_data/Bearing_UAV_90K/citya/uav_254k_34bc_b15_s100/blk_4_3_s_082_v3d.jpg,177.83721923828125,62.73182678222656,145.42078485806704,4.01940566028685,0,11.072334011474597,11.072334011474597,1,11.072334011474597,66.88078073752094,-12.000000000000002,145.3716739336301,-4.096062390283212,185.62694430666497,60.45511491602191,8.115616647102225,10.13813869438553,1,0.0,0,0,0.13476816049062246,1.0,140.1673126220703,3.4514780044555664,1,1,6,18,1,73.76503940315322,196.75181579589844,71.30204772949219,180.64126586914062,68.01664733886719,1,183.72923278808594,66.62576293945312,150.78355407714844,-0.5761599540710449,0.9062438607215881,0.01663661003112793,59.25497817993164,145.90927124023438,1,150.6673126220703,-0.550033450126648,6.957429651978783,60.26071548461914,146.903564453125,0.13476816049062246,150.6673126220703,-0.550033450126648,150.6128988163285,-2.523694925473685,0.054413805741797105,1.973661475347037,0.0,1,10.936606537219788,10.93654729055663,-0.03599876910448074,0.7583969831466675,-0.03823494166135788,0.07928146421909332,-0.030583327636122704,-0.30889834678244144,0.0,73.74570575229471,73.74570575229471,6.86492501477378,0.7977374792098999,-0.05782826244831085,0.024135543022004033,1.0,146.73746852801477,1.1540579246113505,0,0,1,17.065003980796888,0.8958196190849385,1.3166836699477358,10.31393702832793,180.95404052734375,63.21067810058594,14.496926269332791,11.072334011474597,3.424592257858194,0,3.153390799290144,29.925407841801643
GT+smooth-jitter_controlled_forward3x6_SoftMS_local_prior_3frame_causal_heading_continuous_waypoint_RNN_polynomial_Kalman,1,controlled_gt_jitter,8.0,178.7904111460557,63.46733971316774,-0.7171877308974134,-5.2560413293127315,0,1,8,187.66393414695747,66.3263072870453,183.41071513401016,67.6082049690356,2766,188.75181579589844,63.30204391479492,186.38619995117188,66.28857421875,0.7419741153717041,1,1.2782912264123723,8.765223901718855,19,/yh/study/cvpr_data/Bearing_UAV_90K/citya/uav_254k_34bc_b15_s100/blk_4_2_s_073_v3d.jpg,179.50759887695312,68.72338104248047,151.6406963412433,4.059302180287499,0,6.220039436438994,6.220039436438994,1,6.220039436438994,74.42211268343881,7.541331945917888,151.59525201385563,-3.995655015759649,187.24014860129776,66.4668183073496,8.055085388563155,9.57617958765664,1,0.0,0,0,0.4973826305429695,1.0,146.38986206054688,3.3049497604370117,1,1,6,18,1,73.75827263335687,204.75181579589844,63.30204391479492,189.0526580810547,73.0396499633789,1,196.09632873535156,70.02864074707031,157.4530029296875,-11.532576560974121,0.7233019471168518,0.23419228196144104,28.097558975219727,163.83314514160156,1,157.33999633789062,-11.506560325622559,16.576431944320266,29.103023529052734,164.8277130126953,0.4973826305429695,157.33999633789062,-11.506560325622559,157.33999633789062,-6.166336356155549,0.0,-5.34022396946701,0.0,1,6.224102457310503,6.223991117081401,-0.03722866624593735,0.7580958008766174,-0.03526408597826958,0.07644882053136826,-0.028207160532474518,-0.3115824243632713,0.0,73.74302167471389,73.74302167471389,0.6790910087249379,0.7960399985313416,-0.05369741469621658,0.0795976416005253,1.0,151.18926831781266,-3.2235303556691672,0,0,1,12.613204190999,0.9229974737388627,0.45142802343065114,5.461943635562377,186.38619995117188,66.28857421875,6.243540703806945,6.220039436438994,0.02350126736795044,0,7.2968100569445955,30.541738960891962
GT+smooth-jitter_controlled_forward3x6_SoftMS_local_prior_3frame_causal_heading_continuous_waypoint_RNN_polynomial_Kalman,1,controlled_gt_jitter,8.0,190.41900808765374,72.91881733254513,-0.534879851799391,-5.298277088841594,0,1,8,191.42060684761142,77.94634119924405,186.751812,79.302044,3004,188.75181579589844,79.30204772949219,188.74957275390625,79.29853057861328,0.9989361763000488,1,2.993800134847745,7.8608267940580845,20,/yh/study/cvpr_data/Bearing_UAV_90K/citya/uav_254k_34bc_b15_s100/blk_3_3_s_062_v3d.jpg,190.95388793945312,78.21709442138672,163.80247250881166,-4.084561975013846,1,14.87104996370904,14.87104996370904,1,14.87104996370904,39.67279034114754,-12.000000000000002,163.80247250881166,-4.477884458350359,191.05740514147251,78.07187453100785,0.1783385198872462,9.538108400647923,1,0.0,0,0,0.4758631266363378,1.0,158.67230224609375,-5.2797040939331055,1,1,6,18,1,73.75293478715966,204.75181579589844,79.30204772949219,198.16629028320312,81.24983978271484,1,201.3814239501953,78.74567413330078,163.80247497558594,-14.219569206237793,0.8048238158226013,0.17897559702396393,34.782310485839844,90.58804321289062,1,163.6869354248047,-14.193181037902832,9.857333716429594,35.787940979003906,91.58248901367188,0.4758631266363378,163.6869354248047,-14.193181037902832,163.6869354248047,-6.613058617300316,0.0,-7.580122420602515,0.0,0,14.0,14.431365966612319,-0.03614814579486847,0.7582274675369263,-0.037269316613674164,0.07768706232309341,-0.029810752719640732,-0.32086622559047895,0.0,73.73373787348667,73.73373787348667,34.060947532339135,0.7967662811279297,-0.056637585163116455,0.007466250858656484,1.0,163.80247250881166,-1.9218600176239804,1,1,2,163.1908392036759,0.0,0.0,14.112822496172114,188.74957275390625,79.29853057861328,13.222877731048245,14.87104996370904,0.0,0,2.455302343783655,35.09855829179287
GT+smooth-jitter_controlled_forward3x6_SoftMS_local_prior_3frame_causal_heading_continuous_waypoint_RNN_polynomial_Kalman,1,controlled_gt_jitter,8.0,181.9720772622396,80.506275018975,-0.3504782797525856,-5.333957830146092,0,1,8,191.52386012215482,84.51831900474586,186.11596433897077,86.19039366114987,3123,188.75181579589844,87.30204772949219,188.74749755859375,87.24808502197266,0.9932830929756165,1,3.893560272186576,9.429336991161108,21,/yh/study/cvpr_data/Bearing_UAV_90K/citya/uav_254k_34bc_b15_s100/blk_4_2_s_013_v3d.jpg,182.3225555419922,85.8402328491211,170.72010673608185,3.8095357847479465,1,11.515734385781016,11.515734385781016,1,11.515734385781016,138.54926055460265,12.000000000000002,170.72010673608185,-4.898363044490447,190.912208182982,85.1954034579749,8.613822463723594,9.072494837376471,1,0.0,0,0,0.589179009968009,1.0,165.44094848632812,4.648811340332031,1,1,6,18,1,77.97172948502019,204.75181579589844,79.30204772949219,194.7223358154297,89.41922760009766,1,201.5619659423828,85.72268676757812,168.83462524414062,-15.337623596191406,0.6142383813858032,0.24110423028469086,55.6456184387207,51.02613067626953,1,168.72232055664062,-15.31090259552002,19.573582721839955,56.65117645263672,52.02058792114258,0.589179009968009,168.72232055664062,-15.31090259552002,168.72232055664062,-7.220508410937661,0.0,-8.090394184582358,0.0,0,11.149620917209822,11.149560302888414,-0.03676478937268257,0.7580435872077942,-0.03589220345020294,0.07595707476139069,-0.028709881007671356,-0.32310719464890425,0.0,78.86987475746895,78.86987475746895,59.67938579713369,0.7957260608673096,-0.05473531410098076,0.021679858839473813,1.0,171.53143811035164,-2.7176128314872128,1,1,2,155.4618736021359,0.04736151636485908,0.8113313742697983,10.757690798573222,188.74749755859375,87.24808502197266,7.949554714219556,11.515734385781016,0.0,0,6.577379999459893,30.635114293545485
GT+smooth-jitter_controlled_forward3x6_SoftMS_local_prior_3frame_causal_heading_continuous_waypoint_RNN_polynomial_Kalman,1,controlled_gt_jitter,8.0,187.9691963452965,85.20713139701257,-0.1642265062660167,-5.362982738729614,0,1,8,191.65841796877632,89.6680507327369,185.73214305790114,90.34845753940422,3123,188.75181579589844,87.30204772949219,188.74472045898438,87.59161376953125,0.9693425297737122,1,3.577879768904272,8.02996987476945,22,/yh/study/cvpr_data/Bearing_UAV_90K/citya/uav_254k_34bc_b15_s100/blk_4_2_s_034_v3d.jpg,188.1334228515625,90.57011413574219,174.89584786688073,-2.411488398094934,1,7.4925266682849605,7.4925266682849605,1,7.4925266682849605,39.14461252284483,-12.000000000000002,174.89584786688073,-5.52250345340982,191.2186042642534,89.71854657417582,3.20054865001698,8.993500804659657,1,0.0,0,0,0.5788473593411181,1.0,169.57066345214844,-1.7550082206726074,1,1,6,18,1,83.13690132844613,204.75181579589844,95.30204772949219,197.16360473632812,94.43995666503906,1,204.03240966796875,93.09806823730469,175.95172119140625,-18.47553062438965,0.6473420262336731,0.15858924388885498,33.55324172973633,57.53992462158203,1,175.83636474609375,-18.44845962524414,15.912729823478028,34.55903625488281,58.534210205078125,0.5788473593411181,175.83636474609375,-18.44845962524414,175.83636474609375,-7.8276015963226655,0.0,-10.620858028921475,0.0,0,7.268010525179146,7.2679199502170535,-0.03628486394882202,0.7581268548965454,-0.0368429459631443,0.0767412856221199,-0.029469860717654228,-0.33091242000336274,0.0,79.26426654804517,79.26426654804517,40.11965402520034,0.7961863279342651,-0.05617717280983925,0.011966173741546906,1.0,171.8737678529096,-2.746423594087588,1,1,2,155.11954385957796,0.04945924283178836,3.0220800139711343,6.734399813388415,188.74472045898438,87.59161376953125,0.34353997246523793,7.4925266682849605,0.0,0,3.040583693365206,29.605118092149496
GT+smooth-jitter_controlled_forward3x6_SoftMS_local_prior_3frame_causal_heading_continuous_waypoint_RNN_polynomial_Kalman,1,controlled_gt_jitter,8.0,187.07057837853003,99.39957545134781,0.02362708458470621,-5.3852603640818755,0,1,8,190.49498021080151,104.71244156546474,184.421921412477,104.54252536483261,3361,188.75181579589844,103.30204772949219,188.69522094726562,103.318359375,0.991767168045044,1,2.2765321347290985,8.550777100026608,23,/yh/study/cvpr_data/Bearing_UAV_90K/citya/uav_254k_34bc_b15_s100/blk_4_4_s_029_v3d.jpg,187.0469512939453,104.78483581542969,189.15025919085338,-2.636189718717177,1,14.256182268633104,14.256182268633104,1,14.256182268633104,94.37078106960396,12.000000000000002,188.7615355540232,-6.001798238347318,190.4340423934799,104.7071141537706,3.387982699666199,9.75260633014514,1,0.0,0,0,0.1855472995648031,1.0,183.78562927246094,-2.164720296859741,1,1,6,18,1,94.95427568099586,204.75181579589844,119.30204772949219,193.4559326171875,110.7850341796875,1,199.30670166015625,110.77940368652344,193.99256896972656,-15.395042419433594,0.8407713174819946,0.018229469656944275,47.75576400756836,120.52738952636719,1,193.87925720214844,-15.369328498840332,13.582939497204155,48.761104583740234,121.52210235595703,0.1855472995648031,193.87925720214844,-15.369328498840332,193.87925720214844,-7.657951282629243,0.0,-7.711377216211089,0.0,1,13.865735970293015,13.865687687142456,-0.03659180924296379,0.7579815983772278,-0.034717705100774765,0.07537403702735901,-0.027770260348916054,-0.33019026090076614,0.0,94.93623380172377,94.93623380172377,0.5654527321198052,0.7953752875328064,-0.05318736284971237,0.01113355459042325,1.0,187.5384869390951,-4.14268771368898,1,1,2,139.45482477339246,0.14544942930686747,1.611772251758282,13.498200670255876,188.69522094726562,103.318359375,15.726823504471303,14.256182268633104,1.4706412358381993,0,2.2062062461139007,30.877030920237303
GT+smooth-jitter_controlled_forward3x6_SoftMS_local_prior_3frame_causal_heading_continuous_waypoint_RNN_polynomial_Kalman,1,controlled_gt_jitter,8.0,178.6444244394219,101.61393194730616,0.21282959078908495,-5.40070886079931,0,1,8,190.14617350839694,108.09598653054525,184.14504350138222,107.54203606835927,3480,188.75181579589844,111.30204772949219,188.6228790283203,109.74462890625,0.8807374238967896,1,2.2446486932260337,8.832392282783985,24,/yh/study/cvpr_data/Bearing_UAV_90K/citya/uav_254k_34bc_b15_s100/blk_3_4_s_016_v3d.jpg,178.4315948486328,107.01464080810547,192.16252176875443,5.737738340857151,1,8.899235752869426,8.899235752869426,1,8.899235752869426,165.48926442115206,12.000000000000002,192.16252176875443,-6.098528820570223,190.2177552919368,108.10259407979507,11.836267161427372,10.539058665285465,1,0.0,0,0,0.14631672902727502,1.0,186.76510620117188,6.022226333618164,1,1,6,18,1,94.95057619974537,180.75181579589844,127.30204772949219,179.0172119140625,115.09886932373047,1,181.66867065429688,116.52764892578125,201.3377227783203,1.639959692955017,0.8985783457756042,0.01848900318145752,53.86296844482422,141.23666381835938,1,201.2236785888672,1.6670904159545898,9.93351586535148,54.86857986450195,142.23109436035156,0.14631672902727502,201.2236785888672,1.6670904159545898,197.46726377840446,-4.5071062176752195,3.7564148104627435,6.174196633629809,0.0,0,8.459474242689193,8.459399498433273,-0.035561054944992065,0.7581977248191833,-0.03585964813828468,0.07740717381238937,-0.028683070093393326,-0.3287573352376651,0.0,94.9451386221141,94.9451386221141,70.54412579903796,0.7966001033782959,-0.05477287247776985,0.01199976158275131,1.0,193.9442014553837,-4.661334970809226,1,1,2,133.04911025710385,0.1847023343568485,1.7816796866292748,8.141038028050243,188.6228790283203,109.74462890625,6.426676702737487,8.899235752869426,0.0,0,10.5505975303373,29.69839097931981
GT+smooth-jitter_controlled_forward3x6_SoftMS_local_prior_3frame_causal_heading_continuous_waypoint_RNN_polynomial_Kalman,1,controlled_gt_jitter,8.0,194.3106404585712,109.48047614680172,0.4031239790790157,-5.409256214038129,0,1,8,189.69925491031688,114.50127744676213,183.55500535849194,113.9341159496706,3480,188.75181579589844,111.30204772949219,188.2982940673828,111.70423126220703,0.9176912307739258,1,3.128283657529921,8.39868001639843,25,/yh/study/cvpr_data/Bearing_UAV_90K/citya/uav_254k_34bc_b15_s100/blk_4_4_s_092_v3d.jpg,193.9075164794922,114.88973236083984,198.5817764154506,-10.39652293970103,1,17.36436630828921,17.36436630828921,1,17.36436630828921,26.96976413489472,-12.000000000000002,198.5817764154506,-6.062368000735384,189.59170940956903,114.49135016977002,4.334154938965642,11.295804433220868,1,0.0,0,0,0.29948843382695567,1.0,193.1583709716797,-10.300738334655762,1,1,6,18,1,94.9486730582466,212.75181579589844,127.30204772949219,198.73129272460938,123.78851318359375,1,202.98753356933594,125.2695541381836,208.0830535888672,-20.392183303833008,0.7996227145195007,0.049020424485206604,56.259803771972656,73.33741760253906,1,207.9663848876953,-20.365522384643555,13.69130476289939,57.26531219482422,74.33194732666016,0.29948843382695567,207.9663848876953,-20.365522384643555,204.72896280149885,-7.906523916549862,3.2374220861964504,-12.458998468093693,0.0,0,14.0,16.488757375361768,-0.03572528064250946,0.757887065410614,-0.03588363528251648,0.07448536157608032,-0.028702544048428535,-0.330173478912532,0.0,94.94372247843923,94.94372247843923,67.97395834354451,0.7948270440101624,-0.054816074669361115,0.01792923247234049,1.0,195.92534303682731,-4.518244703445355,1,1,2,131.06796867566024,0.19684236373050087,2.6564333786232908,16.606479242878596,188.2982940673828,111.70423126220703,1.9863022907752852,17.36436630828921,0.0,0,6.450642860824103,33.89883413910866
GT+smooth-jitter_controlled_forward3x6_SoftMS_local_prior_3frame_causal_heading_continuous_waypoint_RNN_polynomial_Kalman,1,controlled_gt_jitter,8.0,180.18099569878396,122.6400018364633,0.59424948296365,-5.410840448692952,0,1,8,188.68884305009567,128.46476798003224,182.22940559318437,128.29478007383602,3718,188.75181579589844,127.30204772949219,182.85130310058594,127.32068634033203,0.874671995639801,1,5.948596091551451,8.468858897686005,26,/yh/study/cvpr_data/Bearing_UAV_90K/citya/uav_254k_34bc_b15_s100/blk_4_4_s_017_v3d.jpg,179.5867462158203,128.05084228515625,213.00349229203323,2.6538941632092525,1,19.44991710483128,19.44991710483128,1,19.44991710483128,137.41629204435662,12.000000000000002,213.00349229203323,-6.206183089555039,188.4093159176481,128.86523333455574,8.860077252764302,11.357369784551308,1,0.0,0,0,0.15072318220019262,1.0,207.56094360351562,2.5595080852508545,1,1,6,18,1,94.94694035131195,196.75181579589844,143.3020477294922,184.96221923828125,135.6884002685547,1,190.18984985351562,136.48194885253906,220.42430114746094,-8.67928409576416,0.8411633968353271,0.0014086812734603882,40.83320617675781,106.19694519042969,1,220.31060791015625,-8.652254104614258,13.461906525846395,41.83857345581055,107.19164276123047,0.15072318220019262,220.31060791015625,-8.652254104614258,218.33246979413428,-7.804876340185357,1.9781381160219613,-0.8473777644289007,0.0,1,14.0,18.643923736444776,-0.0358123779296875,0.7579637169837952,-0.03562271222472191,0.07520556449890137,-0.028494175523519516,-0.332556948128602,0.0,94.94133900922316,94.94133900922316,42.47495303513347,0.7952636480331421,-0.05448656901717186,0.033642961920601726,1.0,211.97635930391115,-0.5297291157520452,1,1,2,115.0169524085764,0.29519970011903934,1.0271329881220765,18.691953387847484,182.85130310058594,127.32068634033203,16.53914688850253,19.44991710483128,0.0,0,3.3452143963627785,28.61559996381402
GT+smooth-jitter_controlled_forward3x6_SoftMS_local_prior_3frame_causal_heading_continuous_waypoint_RNN_polynomial_Kalman,1,controlled_gt_jitter,8.0,177.37865441374944,119.42775057866584,0.785942011405693,-5.405409821724784,0,1,8,188.10750795345095,128.83737413786062,182.22940559318437,128.29478007383602,3718,188.75181579589844,127.30204772949219,182.03749084472656,127.32404327392578,0.9045497179031372,1,6.255819530960314,8.859911002218723,27,/yh/study/cvpr_data/Bearing_UAV_90K/citya/uav_254k_34bc_b15_s100/blk_4_4_s_065_v3d.jpg,176.59271240234375,124.83316040039062,213.00349229203323,5.931012692478867,1,4.3951922810941815,4.3951922810941815,1,4.3951922810941815,-132.9379999799874,12.000000000000002,213.00349229203323,-6.483425412635271,188.68538458498492,128.89071659615607,12.755253145218953,10.374655433300841,1,0.0,0,0,0.31826073788467496,1.0,204.619873046875,5.645246505737305,1,1,6,18,1,94.94497987357676,196.75181579589844,135.3020477294922,180.32139587402344,133.71168518066406,1,185.50750732421875,135.01632690429688,219.39527893066406,-3.8820483684539795,0.840000331401825,0.06873145699501038,37.16816329956055,113.67453002929688,1,219.27658081054688,-3.8539435863494873,13.432095502024023,38.173763275146484,114.66899108886719,0.31826073788467496,219.27658081054688,-3.8539435863494873,219.25392635039896,-4.6082951951255575,0.022654460147933264,0.7543516087760702,0.0,0,4.077690314596134,4.077533965037479,-0.03570806235074997,0.7581837177276611,-0.03654336556792259,0.07727561891078949,-0.029230155050754547,-0.3312729259254925,0.0,94.94262303142627,94.94262303142627,132.11937698858634,0.7965124845504761,-0.05576463043689728,0.08478961705744728,1.0,212.0545051459762,0.2803294525984533,1,1,2,114.93880656651135,0.2956785618152374,0.9489871460570214,3.6370085633665203,182.03749084472656,127.32404327392578,0.8138191794189159,4.3951922810941815,0.0,0,5.987496119105829,30.87362926453352
GT+smooth-jitter_controlled_forward3x6_SoftMS_local_prior_3frame_causal_heading_continuous_waypoint_RNN_polynomial_Kalman,1,controlled_gt_jitter,8.0,186.3047473115328,145.8462737802481,0.9779345673921784,-5.392922997095653,0,1,8,187.04592752434363,142.7970677946905,180.1555225007334,150.76184690872154,3956,188.75181579589844,143.3020477294922,180.8560333251953,149.82073974609375,0.8879929780960083,1,9.36198471893534,9.48679680004716,28,/yh/study/cvpr_data/Bearing_UAV_90K/citya/uav_254k_34bc_b15_s100/blk_4_4_s_053_v3d.jpg,185.32681274414062,151.23919677734375,235.5660737765258,-5.193275043614824,1,20.0,27.813005337818996,1,20.0,71.69777274227039,-12.000000000000002,235.5660737765258,-5.939259523725433,186.06963923249933,151.30776537626917,0.7459844801106229,10.494945613565312,1,0.0,0,0,0.49538820189507815,1.0,230.10609436035156,-5.671368598937988,1,1,6,18,1,94.9441549681519,212.75181579589844,151.3020477294922,192.61048889160156,156.32627868652344,1,201.14605712890625,154.1939697265625,237.0542755126953,-21.217145919799805,0.731481671333313,0.3178374171257019,32.98169708251953,150.32046508789062,1,236.93719482421875,-21.1896915435791,16.0550712788127,33.98725891113281,151.31494140625,0.49538820189507815,236.93719482421875,-21.1896915435791,236.93719482421875,-8.106650056852311,0.0,-13.08304148672679,0.0,1,14.0,26.337964910793477,-0.03616748005151749,0.7582495808601379,-0.036490295082330704,0.07789529114961624,-0.02918810211122036,-0.3310301874056926,0.0,94.94286576994607,94.94286576994607,23.24509302767569,0.7968887686729431,-0.05568932741880417,0.007770738510389422,1.0,234.56456182223062,-0.6110416615432157,1,1,2,92.42874989025694,0.433615573390746,1.0015119542951822,19.241750419139862,180.8560333251953,149.82073974609375,22.527698374030837,27.813005337818996,0.0,0,4.6904039231571035,30.56961204856634
GT+smooth-jitter_controlled_forward3x6_SoftMS_local_prior_3frame_causal_heading_continuous_waypoint_RNN_polynomial_Kalman,1,controlled_gt_jitter,8.0,177.98981241195315,146.66287516243287,1.1699576756250227,-5.373349202801507,0,1,8,186.01536674553708,151.3459283508589,180.0106993964014,152.33076387231804,4075,188.75181579589844,151.3020477294922,180.78378295898438,151.30755615234375,0.9956338405609131,1,5.231724509312395,7.868423126637936,29,/yh/study/cvpr_data/Bearing_UAV_90K/citya/uav_254k_34bc_b15_s100/blk_3_4_s_024_v3d.jpg,176.81985473632812,152.03622436523438,237.141660705327,3.204409955974935,1,8.544213686615285,8.544213686615285,1,8.544213686615285,174.64751138487884,12.000000000000002,235.61234388434156,-6.165482756606365,186.29065178382825,151.3746333516195,9.493876941704746,10.325572152214264,1,0.0,0,0,0.22097490867787317,1.0,231.6835174560547,2.533306837081909,1,1,6,18,1,94.94370374877987,188.75181579589844,159.3020477294922,181.19570922851562,157.58721923828125,1,184.19439697265625,157.44754028320312,241.8522186279297,-4.63630485534668,0.9131841659545898,0.047043733298778534,42.4351806640625,116.3086166381836,1,241.7358856201172,-4.608842849731445,9.063874556367008,43.44071578979492,117.30315399169922,0.22097490867787317,241.7358856201172,-4.608842849731445,241.32770588206986,-4.608842849731445,0.40817973804732866,0.0,0.0,1,8.610753296177174,8.610676591686062,-0.03634502738714218,0.7580339908599854,-0.035233836621046066,0.0758667066693306,-0.028182754293084145,-0.3392805489949655,0.0,94.9346154083568,94.9346154083568,79.71289597652203,0.7956613302230835,-0.05403769016265869,0.05246688046249656,1.0,236.05172508882728,-0.6757607452614494,1,1,2,90.94158662366027,0.4427286049423551,1.08993561649973,7.786179695755299,180.78378295898438,151.30755615234375,1.488570838526598,8.544213686615285,0.0,0,4.030345434184017,28.980759903788567
GT+smooth-jitter_controlled_forward3x6_SoftMS_local_prior_3frame_causal_heading_continuous_waypoint_RNN_polynomial_Kalman,1,controlled_gt_jitter,8.0,178.89849824138366,148.63663851523492,1.3617398185321128,-5.346668369530702,0,1,8,185.9552364274264,153.5267149521108,179.83854411597372,154.19577941028462,4075,188.75181579589844,151.3020477294922,180.78463745117188,151.63919067382812,0.9623147249221802,1,5.504347524852596,9.183770045638084,30,/yh/study/cvpr_data/Bearing_UAV_90K/citya/uav_254k_34bc_b15_s100/blk_3_3_s_020_v3d.jpg,177.53675842285156,153.98330688476562,239.01460501774952,2.31157131647766,1,2.0748689678182224,2.0748689678182224,1,2.0748689678182224,69.78660656255896,-12.000000000000002,237.7903865064731,-5.924458484026198,185.85044886571845,153.5213014104218,8.326517749824342,10.165441630650898,1,0.0,0,0,0.22304652761307275,1.0,233.56539916992188,1.4470454454421997,1,1,6,18,1,94.94052282829777,188.75181579589844,159.3020477294922,182.64151000976562,160.42755126953125,1,186.2179718017578,159.67904663085938,243.88827514648438,-6.85642671585083,0.8779153227806091,0.036366403102874756,60.56841278076172,73.27079772949219,1,243.7714385986328,-6.828495025634766,10.3037992242879,61.57396697998047,74.26531982421875,0.22304652761307275,243.7714385986328,-6.828495025634766,243.51714240834502,-6.828495025634766,0.2542961902877998,0.0,0.0,1,2.1816154233402574,2.1813227514074742,-0.035733871161937714,0.758083164691925,-0.036957789212465286,0.07632960379123688,-0.029561910778284073,-0.3325737567972626,0.0,94.94132220055451,94.94132220055451,25.154715637995547,0.79593425989151,-0.0563596747815609,0.051631393240825156,1.0,236.38187715263985,-0.7070944452882848,1,1,2,90.61143455984771,0.44475170909099243,2.632727865109672,1.3167858031262973,180.78463745117188,151.63919067382812,0.331635622328285,2.0748689678182224,0.0,0,4.005446166531623,31.436603982001543
GT+smooth-jitter_controlled_forward3x6_SoftMS_local_prior_3frame_causal_heading_continuous_waypoint_RNN_polynomial_Kalman,1,controlled_gt_jitter,8.0,183.1206806092649,153.88660689890074,1.553007879772704,-5.31287125051333,0,1,8,185.5552365118785,159.56756096009588,179.3951754517696,158.99893993916274,4194,188.75181579589844,159.3020477294922,180.76416015625,159.3018035888672,0.9982593059539795,1,4.7984413746366394,7.947167381644249,31,/yh/study/cvpr_data/Bearing_UAV_90K/citya/uav_254k_34bc_b15_s100/blk_4_3_s_013_v3d.jpg,181.5676727294922,159.19947814941406,243.83818531028857,-2.181733254887692,1,6.592170568911589,6.592170568911589,1,6.592170568911589,52.30413294031491,-12.000000000000002,243.83818531028857,-6.065707066120008,185.43520443289577,159.5564810758821,3.883973811232328,10.735761990621967,1,0.0,0,0,0.1291348591090538,1.0,238.40505981445312,-3.239824056625366,1,1,6,18,1,94.94080259924948,188.75181579589844,175.3020477294922,186.10360717773438,166.33522033691406,1,189.47015380859375,166.7821807861328,250.66241455078125,-10.7477388381958,0.9158106446266174,0.010921314358711243,45.124244689941406,113.8770751953125,1,250.54664611816406,-10.721332550048828,10.859475242050959,46.12964630126953,114.87174987792969,0.1291348591090538,250.54664611816406,-10.721332550048828,249.04842703538836,-7.628779583649947,1.4982190827757016,-3.0925529663988813,0.0,0,6.549061314084072,6.54896011777902,-0.036407023668289185,0.7581340074539185,-0.035288531333208084,0.07680781930685043,-0.028226559981703758,-0.3344231105563229,0.0,94.93947284679544,94.93947284679544,42.63533990648053,0.796235978603363,-0.05405016243457794,0.01833163081406863,1.0,244.01393397761402,-1.3910276479448473,1,1,2,82.97937773487354,0.4915193883444138,0.17574866732545047,5.834036561457671,180.76416015625,159.3018035888672,7.662640276388469,6.592170568911589,1.0704697074768799,0,0.8100018215519993,28.92296528443694
GT+smooth-jitter_controlled_forward3x6_SoftMS_local_prior_3frame_causal_heading_continuous_waypoint_RNN_polynomial_Kalman,1,controlled_gt_jitter,8.0,184.34289860513323,167.9224069329138,1.7434875943910444,-5.271959522164337,0,1,8,184.5189876559231,173.1884855001629,178.1229708375748,172.78115659293957,4431,180.75181579589844,175.3020477294922,180.7508544921875,175.16648864746094,0.9848484992980957,1,4.255740122512769,11.94353075698018,32,/yh/study/cvpr_data/Bearing_UAV_90K/citya/uav_254k_34bc_b15_s100/blk_3_4_s_073_v3d.jpg,182.5994110107422,173.19436645507812,257.6789945522376,-4.495470944641447,1,14.032867938130446,14.032867938130446,1,14.032867938130446,85.78363898314278,12.000000000000002,257.49842381336856,-6.2220412912420295,184.335269737788,173.17326116581052,1.7359870257280627,11.034903267203173,1,0.0,0,0,0.12502117096359006,1.0,252.26910400390625,-5.746995449066162,1,1,6,18,1,94.94033718589057,204.75181579589844,175.3020477294922,184.83473205566406,181.0522918701172,1,186.71856689453125,180.47412109375,264.54931640625,-9.266322135925293,0.9580026865005493,0.023239977657794952,48.96945571899414,147.90786743164062,1,264.43548583984375,-9.238675117492676,8.25518990362131,49.97503662109375,148.90232849121094,0.12502117096359006,264.43548583984375,-9.238675117492676,262.6860402536683,-7.778326223331953,1.7494455861754439,-1.4603488941607228,0.0,1,13.660285392980235,13.660238503080011,-0.035791851580142975,0.7582057118415833,-0.036504827439785004,0.07748214155435562,-0.029199454933404922,-0.33911875888900084,0.0,94.93477719846277,94.93477719846277,9.151138215319987,0.796630322933197,-0.05582055076956749,0.026464618969182178,1.0,259.8126817477912,-2.836011365287224,1,1,2,67.18062996469635,0.5883308751121178,2.133687195553591,13.274662226288862,180.7508544921875,175.16648864746094,15.86469063830316,14.032867938130446,1.8318227001727134,0,2.703040351896327,34.96079659089446
GT+smooth-jitter_controlled_forward3x6_SoftMS_local_prior_3frame_causal_heading_continuous_waypoint_RNN_polynomial_Kalman,1,controlled_gt_jitter,8.0,172.62072443931973,177.90822576569545,1.9329040047494315,-5.223945865163937,0,1,8,182.57461524997328,184.22941422920425,177.11274758498226,183.72524182935894,4550,180.75181579589844,183.3020477294922,180.7314453125,183.3061065673828,0.9970344305038452,1,2.0614976247338777,12.5172920525074,33,/yh/study/cvpr_data/Bearing_UAV_90K/citya/uav_254k_34bc_b15_s100/blk_2_5_s_010_v3d.jpg,170.6878204345703,183.13217163085938,268.66960657714736,6.452241559988968,1,15.512767701675005,15.512767701675005,1,15.512767701675005,140.16185648419594,12.000000000000002,268.66960657714736,-6.442564836984552,183.5280389770643,184.31742257324345,12.894806396973514,8.76016072302108,1,0.0,0,0,0.39905877236878834,1.0,263.29010009765625,5.007688999176025,1,1,6,18,1,94.93839119562692,188.75181579589844,191.3020477294922,175.74073791503906,187.96592712402344,1,181.16738891601562,187.82736206054688,272.3816833496094,-4.414531230926514,0.7953618764877319,0.0879448801279068,24.9631404876709,104.83625793457031,1,272.2650146484375,-4.387101173400879,11.42008362889649,25.96860694885254,105.83087921142578,0.39905877236878834,272.2650146484375,-4.387101173400879,272.2650146484375,-4.434117862576051,0.0,0.04701668917517221,0.0,0,14.0,15.021746285541004,-0.03618399053812027,0.758072018623352,-0.03631484881043434,0.07622479647397995,-0.02904806286096573,-0.33245604275578566,0.0,94.94143991459597,94.94143991459597,45.220416569599955,0.7958760261535645,-0.05545782297849655,0.05516663386046936,1.0,267.91962608448546,-3.5648529943884664,1,1,2,59.073685628002096,0.6380085676606322,0.7499804926619049,14.754695683051652,180.7314453125,183.3061065673828,8.139641060794355,15.512767701675005,0.0,0,10.045130862796738,35.48920713365078
GT+smooth-jitter_controlled_forward3x6_SoftMS_local_prior_3frame_causal_heading_continuous_waypoint_RNN_polynomial_Kalman,1,controlled_gt_jitter,8.0,167.92186998287858,176.78887912863837,2.1209819213551357,-5.1688540256585105,0,1,8,182.2497782389069,184.1994292743366,177.11274758498226,183.72524182935894,4550,180.75181579589844,183.3020477294922,180.72389221191406,183.305908203125,0.9962018132209778,1,1.7682500027063954,11.313327122479677,34,/yh/study/cvpr_data/Bearing_UAV_90K/citya/uav_254k_34bc_b15_s100/blk_2_5_s_060_v3d.jpg,165.80088806152344,181.95773315429688,268.66960657714736,11.42643675213103,1,5.026073393213037,5.026073393213037,1,5.026073393213037,-166.4868111964847,12.000000000000002,268.66960657714736,-5.5213437654193385,182.61071772999045,184.23274676582122,16.963079331757395,8.681517406659891,1,0.0,0,0,0.34560333732881343,1.0,262.6073913574219,9.789538383483887,1,1,6,18,1,94.93945825260218,188.75181579589844,191.3020477294922,172.9989471435547,188.47872924804688,1,178.6079864501953,188.1339111328125,272.92218017578125,-1.894140362739563,0.7997738122940063,0.06836676597595215,25.151857376098633,109.72957611083984,1,272.8047180175781,-1.8665261268615723,14.151948229973053,26.157405853271484,110.72410583496094,0.34560333732881343,272.8047180175781,-1.8665261268615723,272.8047180175781,-3.6010982588267964,0.0,1.734572131965224,0.0,0,4.624129658240438,4.623987521755994,-0.036255963146686554,0.7580921053886414,-0.036002017557621,0.07641375809907913,-0.028797216713428497,-0.33333305505347116,0.0,94.9405629022983,94.9405629022983,98.572625901217,0.7959923148155212,-0.05503242462873459,0.042310443383761366,1.0,267.92012281774134,-3.5573136354692676,1,1,2,59.07318889474621,0.638011611540168,0.7494837594060186,4.267981287824395,180.72389221191406,183.305908203125,0.007555704920129353,5.026073393213037,0.0,0,14.983778856979255,34.017876256257296
GT+smooth-jitter_controlled_forward3x6_SoftMS_local_prior_3frame_causal_heading_continuous_waypoint_RNN_polynomial_Kalman,1,controlled_gt_jitter,8.0,178.87180795994186,189.8009349522856,2.30744638767625,-5.106718856308174,0,1,8,181.75841943867815,195.38710530395485,176.08461274143394,194.8633693011323,4788,180.75181579589844,199.3020477294922,180.53158569335938,194.09861755371094,0.8400972485542297,1,1.7791351048139974,12.216271366924047,35,/yh/study/cvpr_data/Bearing_UAV_90K/citya/uav_254k_34bc_b15_s100/blk_4_5_s_023_v3d.jpg,176.56436157226562,194.90765380859375,279.8550857726933,-0.48178839575633486,1,16.839026307035496,16.839026307035496,1,16.839026307035496,50.267950694847116,-12.000000000000002,279.8550857726933,-5.1949861002795625,181.25760679805384,195.3408764448203,4.713197704523224,8.333856597772565,1,0.0,0,0,0.432967186140533,1.0,274.5578918457031,-2.310072660446167,1,1,6,18,1,94.9398448786618,188.75181579589844,191.3020477294922,181.1959228515625,199.67086791992188,1,185.55276489257812,197.0147247314453,281.1270446777344,-9.625816345214844,0.7765451669692993,0.09398868680000305,35.748046875,74.95230102539062,1,281.00701904296875,-9.597614288330078,9.18832041032991,36.75365447998047,75.94676971435547,0.432967186140533,281.00701904296875,-9.597614288330078,281.00701904296875,-7.259381957411442,0.0,-2.338232330918636,0.0,0,14.0,16.241904202472657,-0.03611629456281662,0.7582483291625977,-0.035499513149261475,0.07788315415382385,-0.028395265340805054,-0.33419464606467125,0.0,94.9397013112871,94.9397013112871,44.67175061643997,0.7968865036964417,-0.05434612184762955,0.014859988787733092,1.0,278.68481938907297,-4.357853859608944,1,1,2,48.30849232341458,0.7039754648046052,1.1702663836203442,16.0807779778729,180.53158569335938,194.09861755371094,10.79442249142138,16.839026307035496,0.0,0,4.048877238038082,34.82579020783305
GT+smooth-jitter_controlled_forward3x6_SoftMS_local_prior_3frame_causal_heading_continuous_waypoint_RNN_polynomial_Kalman,1,controlled_gt_jitter,8.0,172.02684370467003,198.95887362398884,2.492023148029402,-5.037586336948669,0,1,8,180.77846855373315,205.03433516066914,175.1933435849034,204.5187851635464,4907,180.75181579589844,207.3020477294922,178.45640563964844,206.77769470214844,0.827019453048706,1,2.903666418140085,11.372711975127459,36,/yh/study/cvpr_data/Bearing_UAV_90K/citya/uav_254k_34bc_b15_s100/blk_2_5_s_083_v3d.jpg,169.53482055664062,203.9964599609375,289.5515498800646,5.682579210064787,1,11.490032383123895,11.490032383123895,1,11.490032383123895,127.71938552821464,12.000000000000002,289.5515498800646,-5.733704916963606,180.90277588853726,205.04580968388183,11.4162841270284,8.876847505571325,1,0.0,0,0,0.1860169062698511,1.0,284.3062438964844,3.664144992828369,1,1,6,18,1,94.93979463941879,188.75181579589844,207.3020477294922,172.61659240722656,210.74537658691406,1,177.04788208007812,209.520263671875,294.36138916015625,-2.306408166885376,0.8319025635719299,0.01583343744277954,54.45606994628906,109.06822204589844,1,294.24658203125,-2.27831768989563,9.242251151773809,55.46150207519531,110.06287384033203,0.1860169062698511,294.24658203125,-2.27831768989563,294.24658203125,-4.076777021618351,0.0,1.7984593317227215,0.0,0,11.320886325210786,11.320829792473983,-0.03577706217765808,0.758008599281311,-0.03613801673054695,0.07562796771526337,-0.028906194493174553,-0.336872667188698,0.0,94.93702329016307,94.93702329016307,32.782362238051576,0.7955113649368286,-0.055269282311201096,0.021977426030170062,1.0,291.5009661019189,-3.456880482555859,1,1,2,35.49234561056866,0.7825101838818831,1.9494162218542783,10.732023783842584,178.45640563964844,206.77769470214844,12.847776834586975,11.490032383123895,1.3577444514630805,0,9.345049335293323,34.675586968660355
GT+smooth-jitter_controlled_forward3x6_SoftMS_local_prior_3frame_causal_heading_continuous_waypoint_RNN_polynomial_Kalman,1,controlled_gt_jitter,8.0,169.76672427385745,207.1450843257113,2.6744391176074576,-4.961513574679329,0,1,8,179.98192348542796,213.29641066923784,174.43040411745426,212.78396272757874,5026,180.75181579589844,215.3020477294922,174.86859130859375,215.15684509277344,0.8623374700546265,1,5.441266598405583,11.758951935917139,37,/yh/study/cvpr_data/Bearing_UAV_90K/citya/uav_254k_34bc_b15_s100/blk_3_5_s_079_v3d.jpg,167.09228515625,212.10659790039062,297.85186534370666,7.369315639725104,1,8.469965559500132,8.469965559500132,1,8.469965559500132,106.7607587906891,-12.000000000000002,297.85186534370666,-5.644844702475805,180.05135238041078,213.3028194903132,13.014160342200912,9.640302932987932,1,0.0,0,0,0.17860407475638637,1.0,292.66552734375,5.162245273590088,1,1,6,18,1,94.93882467251538,188.75181579589844,215.3020477294922,168.93777465820312,219.4900360107422,1,172.37600708007812,218.91749572753906,304.14825439453125,1.4819246530532837,0.8987985849380493,0.03737527132034302,35.78178405761719,224.3896484375,1,304.0337219238281,1.5083093643188477,8.518611702474965,36.78751754760742,225.3839874267578,0.17860407475638637,304.0337219238281,1.5083093643188477,303.3341877548668,-4.000147979127767,0.6995341689613364,5.508457343446615,0.0,1,8.456470076016235,8.456393551831486,-0.03597559034824371,0.7581786513328552,-0.037387508898973465,0.07722803205251694,-0.029905663803219795,-0.33805292921336155,0.0,94.93584302813841,94.93584302813841,11.824915762550692,0.7964699864387512,-0.057040587067604065,0.014421522384185374,1.0,300.17442571735603,-0.654440252646745,1,1,2,26.818885995131524,0.8356593658933312,2.3225603736493667,7.7117869081672765,174.86859130859375,215.15684509277344,9.114964231571756,8.469965559500132,0.6449986720716243,0,8.353139847363893,36.158973816782236
GT+smooth-jitter_controlled_forward3x6_SoftMS_local_prior_3frame_causal_heading_continuous_waypoint_RNN_polynomial_Kalman,1,controlled_gt_jitter,8.0,183.35945825409755,216.9604662509474,2.854422853706933,-4.878568783232278,0,1,8,179.46795020655972,221.74330409321064,173.65293604108987,221.2065335548596,5145,180.75181579589844,223.3020477294922,173.19322204589844,223.23782348632812,0.9508638381958008,1,6.450255941170085,11.353605426847935,38,/yh/study/cvpr_data/Bearing_UAV_90K/citya/uav_254k_34bc_b15_s100/blk_4_5_s_046_v3d.jpg,180.50503540039062,221.8390350341797,306.3102431994381,-6.881229813853905,1,16.57172898869791,16.57172898869791,1,16.57172898869791,35.96504613707101,-12.000000000000002,306.3102431994381,-5.611872788907184,179.2410519711713,221.72235964071325,1.2693570249467336,10.091112014869834,1,0.0,0,0,0.43718999953126897,1.0,301.1899719238281,-9.275145530700684,1,1,6,18,1,94.9377810943154,204.75181579589844,223.3020477294922,186.37985229492188,228.7605743408203,1,193.36827087402344,227.87342834472656,311.1367492675781,-20.244674682617188,0.8123815655708313,0.13778400421142578,42.20480728149414,195.27981567382812,1,311.0199279785156,-20.21794319152832,14.143869853633216,43.21028518676758,196.2744140625,0.43718999953126897,311.0199279785156,-20.21794319152832,311.0199279785156,-7.683236288133778,0.0,-12.534706903394541,0.0,0,14.0,15.922660898060593,-0.03675214573740959,0.7580991983413696,-0.03534244745969772,0.0764801874756813,-0.02826986089348793,-0.3306812341082137,0.0,94.94321472324356,94.94321472324356,58.97816858617254,0.7960404753684998,-0.054072581231594086,0.025534501927359638,1.0,308.3751895250767,0.27105795559622,1,1,2,18.618122187410876,0.8859119649224066,2.064946325638573,15.81362979035654,173.19322204589844,223.23782348632812,8.252822181743767,16.57172898869791,0.0,0,7.444408886190637,35.64735036343336
GT+smooth-jitter_controlled_forward3x6_SoftMS_local_prior_3frame_causal_heading_continuous_waypoint_RNN_polynomial_Kalman,1,controlled_gt_jitter,8.0,178.4069949441958,221.6779503746875,3.031705027203603,-4.78883124152343,0,1,8,179.44269892576753,226.84223475548245,173.18602874130238,226.26469596922414,5145,180.75181579589844,223.3020477294922,172.9646759033203,224.2086181640625,0.904270589351654,1,6.992904877799971,11.31525682285428,39,/yh/study/cvpr_data/Bearing_UAV_90K/citya/uav_254k_34bc_b15_s100/blk_3_6_s_076_v3d.jpg,175.3752899169922,226.46678161621094,311.3899094716144,-2.1985684215190533,1,6.908713856569006,6.908713856569006,1,6.908713856569006,137.94512993815812,12.000000000000002,311.3899094716144,-5.875712453131392,179.03686741762155,226.80477338549974,3.677144031612326,9.824365019434856,1,0.0,0,0,0.2662899400126914,1.0,306.3426818847656,-4.777264595031738,1,1,6,18,1,94.93968287511242,188.75181579589844,223.3020477294922,178.53797912597656,232.84228515625,1,180.77459716796875,231.60704040527344,316.0121154785156,-8.04749584197998,0.9024057388305664,0.06498625129461288,53.13417053222656,122.17259216308594,1,315.8984680175781,-8.019768714904785,7.362979900698953,54.13948059082031,123.16734313964844,0.2662899400126914,315.8984680175781,-8.019768714904785,315.8984680175781,-7.665090854152333,0.0,-0.35467786075245233,0.0,0,6.762485749847544,6.762390049817586,-0.03597681224346161,0.7579419612884521,-0.034867096692323685,0.07500152289867401,-0.027889329940080643,-0.337971660634409,0.0,94.93592429671736,94.93592429671736,43.00920564144075,0.7951409220695496,-0.05350298061966896,0.042977532312110225,1.0,309.3628817758,0.4094041281700057,1,1,2,17.630429936687534,0.8919643405063732,2.027027695814354,6.1507718952805535,172.9646759033203,224.2086181640625,0.9973342697434645,6.908713856569006,0.0,0,3.3030837257826473,34.52071500942111
GT+smooth-jitter_controlled_forward3x6_SoftMS_local_prior_3frame_causal_heading_continuous_waypoint_RNN_polynomial_Kalman,1,controlled_gt_jitter,8.0,172.30050131519633,237.46318738195112,3.206018893321315,-4.692391231330133,0,1,8,177.76191608610694,240.74097459209725,171.751812,241.802044,5383,180.75181579589844,239.3020477294922,172.75985717773438,239.37962341308594,0.9904420375823975,1,5.184001384589396,11.265733744949102,40,/yh/study/cvpr_data/Bearing_UAV_90K/citya/uav_254k_34bc_b15_s100/blk_3_5_s_085_v3d.jpg,169.094482421875,242.15557861328125,326.9933117124875,2.6373238662071437,2,16.899316376883494,16.899316376883494,1,16.899316376883494,111.81805791062698,-12.000000000000002,326.9933117124875,-6.31863574827606,178.0436989349851,242.38283356322938,8.952101485729381,9.498457884317451,1,0.0,0,0,0.5302204143303996,1.0,322.62237548828125,-0.14755217730998993,1,1,6,18,1,94.9383673700061,172.75181579589844,263.3020324707031,172.195556640625,252.3713836669922,1,173.14108276367188,256.3775939941406,341.2900695800781,3.1589791774749756,0.6935603022575378,0.3968127965927124,75.91192626953125,66.27984619140625,1,341.1744689941406,3.186530113220215,14.204195075674406,76.91748809814453,67.27435302734375,0.5302204143303996,341.1744689941406,3.186530113220215,334.4095239913047,-4.093772064630901,6.764945002835901,7.280302177851116,0.0,1,14.0,16.297371066732815,-0.035366468131542206,0.7581048011779785,-0.036715999245643616,0.07653329521417618,-0.02936847135424614,-0.33882804896245217,0.0,94.93506790838931,94.93506790838931,16.88299000223766,0.7960535883903503,-0.05610878765583038,0.12033462933847149,1.0,324.4884895972622,-0.7811163494234439,2,1,2,2.5048221152253802,0.984650963697177,2.504822115225352,16.141211575705515,172.75985717773438,239.37962341308594,15.17238778097394,16.899316376883494,0.0,0,4.597923376306153,34.73021788522601
GT+smooth-jitter_controlled_forward3x6_SoftMS_local_prior_3frame_causal_heading_continuous_waypoint_RNN_polynomial_Kalman,1,controlled_gt_jitter,8.0,182.81363945702185,233.94923952345275,3.377100760732786,-4.58934995408632,0,1,8,177.89236347584836,242.36886413623216,171.751812,241.802044,5383,180.75181579589844,239.3020477294922,172.76023864746094,239.58602905273438,0.9698752760887146,1,5.838054158373039,11.276261880993843,41,/yh/study/cvpr_data/Bearing_UAV_90K/citya/uav_254k_34bc_b15_s100/blk_4_6_s_096_v3d.jpg,179.43653869628906,238.53858947753906,326.9933117124875,-8.31584495460948,2,10.956310436968472,10.956310436968472,1,10.956310436968472,-19.27656848444967,-12.000000000000002,326.9933117124875,-5.923239859891589,177.64997688431112,242.34648998932101,4.206175152754243,9.871623104006575,1,0.0,0,0,0.4327326285599307,1.0,318.156982421875,-10.293193817138672,1,1,6,18,1,94.93721256110827,204.75181579589844,239.3020477294922,186.2645721435547,245.190673828125,1,192.01629638671875,243.73431396484375,335.0619201660156,-18.68904685974121,0.825141191482544,0.24625200033187866,42.68822479248047,183.17941284179688,1,334.9431457519531,-18.660552978515625,17.118480624454065,43.69373321533203,184.1739959716797,0.4327326285599307,334.9431457519531,-18.660552978515625,333.87334116956714,-7.987248697015475,1.0698045823859808,-10.673304281500151,0.0,0,10.208590089489826,10.208526229397723,-0.03610870987176895,0.7581674456596375,-0.03654364496469498,0.07712236046791077,-0.02923068217933178,-0.33404222078838886,0.0,94.93985373656338,94.93985373656338,114.21642222101305,0.7964168190956116,-0.05580312758684158,0.05521855041791011,1.0,324.69398639206156,-0.8004683758037431,2,1,2,2.299325320425993,0.9859102059181383,2.2993253204259645,10.198142991308835,172.76023864746094,239.58602905273438,0.2064059921558309,10.956310436968472,0.0,0,6.757966558489896,34.84957804903388
GT+smooth-jitter_controlled_forward3x6_SoftMS_local_prior_3frame_causal_heading_continuous_waypoint_RNN_polynomial_Kalman,1,controlled_gt_jitter,8.0,178.38987478420324,250.99497305363795,3.5446904580313547,-4.479819426830812,0,1,8,181.63614670348304,254.1849239697577,176.04402778904452,255.087473823233,5621,180.75181579589844,255.3020477294922,180.409423828125,255.30038452148438,0.9651119112968445,1,1.658041391336493,11.353770270943642,42,/yh/study/cvpr_data/Bearing_UAV_90K/citya/uav_254k_34bc_b15_s100/blk_3_5_s_007_v3d.jpg,174.84518432617188,255.47479248046875,340.95489335525895,1.2598576866913676,2,17.547521395012993,17.547521395012993,1,17.547521395012993,105.16814343521708,12.000000000000002,340.95489335525895,-6.203004839614157,182.16778674629916,254.09911899134312,7.450703574289949,9.14448637858868,1,0.0,0,0,0.42362688156859035,1.0,337.7817687988281,-3.490398406982422,1,1,6,18,1,80.49595049933463,172.75181579589844,263.3020324707031,182.35382080078125,263.212158203125,1,181.22515869140625,264.2529296875,351.2693176269531,-2.112471103668213,0.8723299503326416,0.12004565447568893,38.77275085449219,126.45415496826172,1,351.1556701660156,-2.0862951278686523,10.73557572751738,39.77821731567383,127.44876098632812,0.42362688156859035,351.1556701660156,-2.0862951278686523,347.7848412038862,-4.154020485025983,3.3708289621294316,2.0677253571573306,0.0,1,14.0,16.893719683411955,-0.036347925662994385,0.7577929496765137,-0.03547719120979309,0.07359938323497772,-0.02837730199098587,-0.3432826129617699,0.0,78.35092912910034,78.35092912910034,26.817214306116735,0.7942808270454407,-0.05442565679550171,0.1274016337441185,1.0,342.4995487171229,-4.0885270399637355,2,2,3,155.26407657474533,0.0908017130121826,1.5446553618639314,16.78972844533648,180.409423828125,255.30038452148438,17.477156568684844,17.547521395012993,0.0,0,5.5669721906304375,35.64336756244302
GT+smooth-jitter_controlled_forward3x6_SoftMS_local_prior_3frame_causal_heading_continuous_waypoint_RNN_polynomial_Kalman,1,controlled_gt_jitter,8.0,180.46532195774336,256.6407773496396,3.708531796610531,-4.363922357391635,0,1,8,183.2329440470278,259.1008968614313,177.84242931872208,260.65395474842546,5621,180.75181579589844,255.3020477294922,180.73992919921875,262.9420471191406,0.9629766941070557,1,4.579253032285589,11.422703973948956,43,/yh/study/cvpr_data/Bearing_UAV_90K/citya/uav_254k_34bc_b15_s100/blk_4_5_s_052_v3d.jpg,176.7567901611328,261.00469970703125,346.80467608220516,1.140891934618926,2,5.850992292136853,5.850992292136853,1,5.850992292136853,70.93050135343695,-12.000000000000002,346.80467608220516,-5.700354013748951,183.31997732356075,259.07582175759364,6.840759890018469,9.463502020942668,1,0.0,0,0,0.20334208803022297,1.0,343.7922058105469,-3.729640483856201,1,1,6,18,1,73.58942006632086,204.75181579589844,263.3020324707031,184.441162109375,267.1749572753906,1,185.05935668945312,266.89141845703125,354.9587707519531,-4.9498291015625,0.9123806953430176,0.046622760593891144,44.93561935424805,172.26817321777344,1,354.8412170410156,-4.922490119934082,10.067303140469807,45.94102096557617,173.2628631591797,0.20334208803022297,354.8412170410156,-4.922490119934082,352.42305756637137,-4.922490119934082,2.418159474644236,0.0,0.0,1,5.851005473752671,5.850895526921603,-0.03586902469396591,0.7582157850265503,-0.036376699805259705,0.07757754623889923,-0.029097264632582664,-0.33546343374428045,0.0,71.9030574388505,71.9030574388505,0.9725560854135498,0.7966927289962769,-0.05559084564447403,0.03934976322477456,1.0,349.87273716955417,-2.0537461914019146,2,2,3,147.89088812231404,0.1339777680178083,3.068061087349008,5.092776507110303,180.73992919921875,262.9420471191406,7.648806511916764,5.850992292136853,1.7978142197799105,0,4.429301479006713,34.908664878457785
GT+smooth-jitter_controlled_forward3x6_SoftMS_local_prior_3frame_causal_heading_continuous_waypoint_RNN_polynomial_Kalman,1,controlled_gt_jitter,8.0,186.36797630047755,254.45025512020723,3.8683730289931835,-4.241791998933385,0,1,8,183.35111379175234,259.06685104887003,177.84242931872208,260.65395474842546,5621,180.75181579589844,255.3020477294922,180.740966796875,262.8861999511719,0.9584721922874451,1,4.626045111364726,11.399052571505308,44,/yh/study/cvpr_data/Bearing_UAV_90K/citya/uav_254k_34bc_b15_s100/blk_3_6_s_029_v3d.jpg,182.49960327148438,258.6920471191406,346.80467608220516,-5.03477975673836,2,6.190982507866017,6.190982507866017,1,6.190982507866017,-21.934832768854793,-12.000000000000002,346.80467608220516,-5.645928797917625,183.26767939054278,259.090889282949,0.8654571025181739,10.175633903735363,1,0.0,0,0,0.12221076388763273,1.0,343.5224304199219,-10.019865989685059,1,1,6,18,1,73.59044515498532,212.75181579589844,255.3020477294922,190.6345672607422,267.06378173828125,1,191.62400817871094,266.23553466796875,356.3528137207031,-11.39819622039795,0.9329747557640076,0.019435711205005646,47.322105407714844,177.684326171875,1,356.23699951171875,-11.370304107666016,11.726279449093303,48.3275146484375,178.67897033691406,0.12221076388763273,356.23699951171875,-11.370304107666016,351.97683528358715,-7.197576558332219,4.2601642281316074,-4.172727549333796,0.0,0,5.695818614969054,5.6957039072367355,-0.03614824637770653,0.7579022645950317,-0.03504522889852524,0.07462780177593231,-0.028031764551997185,-0.34249903551749605,0.0,71.90958862063842,71.90958862063842,93.8444213894932,0.7949086427688599,-0.05381380021572113,0.014920478112622008,1.0,349.81991363876074,-2.0719026605944233,2,2,3,147.94371165310747,0.13366844299704655,3.015237556555576,5.433080243270985,180.740966796875,262.8861999511719,0.055856806022418,6.190982507866017,0.0,0,4.547935820596224,35.02557706087828
GT+smooth-jitter_controlled_forward3x6_SoftMS_local_prior_3frame_causal_heading_continuous_waypoint_RNN_polynomial_Kalman,1,controlled_gt_jitter,8.0,194.2002978680616,269.51206888509876,4.023967301655339,-4.113571984041854,0,1,8,187.708236472625,272.17858669839137,182.8029098170086,276.0078229574076,5860,188.75181579589844,271.3020324707031,184.7393798828125,272.50408935546875,0.7714663743972778,1,2.986647188845305,12.183276936411858,45,/yh/study/cvpr_data/Bearing_UAV_90K/citya/uav_254k_34bc_b15_s100/blk_3_5_s_065_v3d.jpg,190.17633056640625,273.6256408691406,362.9399677050012,-7.748685375552925,2,16.79119901170365,16.79119901170365,1,16.79119901170365,62.79422578013408,12.000000000000002,362.9399677050012,-5.768298582696532,188.29185283082154,274.2344721375603,1.9803867928563874,10.9502941415685,1,0.0,0,0,0.28801949950055683,1.0,360.2626953125,-12.842411994934082,1,1,6,18,1,71.75638917855063,220.75181579589844,271.3020324707031,200.32550048828125,280.1466064453125,1,204.010986328125,278.2204895019531,371.56549072265625,-19.50074005126953,0.9114701151847839,0.0818512886762619,50.115211486816406,184.10882568359375,1,371.44842529296875,-19.473020553588867,14.486334453310597,51.12066650390625,185.10345458984375,0.28801949950055683,371.44842529296875,-19.473020553588867,369.0240749522543,-7.59353075687245,2.4243503407144775,-11.879489796716417,0.0,1,14.0,16.19790309076736,-0.0355415865778923,0.7581580281257629,-0.03543957695364952,0.0770346075296402,-0.028347555547952652,-0.340919100704681,0.0,71.75463339304713,71.75463339304713,8.960407612913048,0.7963659763336182,-0.05435279756784439,0.01688622868306971,1.0,360.2012479471145,-2.919842385621323,2,2,3,137.5623773447537,0.19445965483450747,2.738719757886713,16.033040983577887,184.7393798828125,272.50408935546875,10.415906287936847,16.79119901170365,0.0,0,5.5514241896697305,35.85354192182422
GT+smooth-jitter_controlled_forward3x6_SoftMS_local_prior_3frame_causal_heading_continuous_waypoint_RNN_polynomial_Kalman,1,controlled_gt_jitter,8.0,195.2594084285466,281.0640714102642,4.17507310139817,-3.9794161385639475,0,1,8,191.29604562859126,282.88084860364205,186.22892585156941,286.61215830247676,5979,188.75181579589844,279.3020324707031,188.74966430664062,287.19879150390625,0.9882676601409912,1,5.0128523543708186,12.721453793346882,46,/yh/study/cvpr_data/Bearing_UAV_90K/citya/uav_254k_34bc_b15_s100/blk_3_6_s_014_v3d.jpg,191.08433532714844,285.0434875488281,374.08400261071426,-5.102521838159534,2,11.453894335394462,11.453894335394462,1,11.453894335394462,85.45311967203389,12.000000000000002,372.0918090111856,-5.880473785329281,191.21215044315034,282.9086086608746,2.138701608478418,11.748557048402361,1,0.0,0,0,0.1923760209636072,1.0,371.5808410644531,-10.298791885375977,1,1,6,18,1,71.75577464828832,220.75181579589844,279.3020324707031,203.78268432617188,290.12249755859375,1,208.04122924804688,287.5513610839844,381.6835021972656,-20.467205047607422,0.8439497947692871,0.023931041359901428,31.29845428466797,155.33285522460938,1,381.56634521484375,-20.4385929107666,17.064012622757478,32.303749084472656,156.32762145996094,0.1923760209636072,381.56634521484375,-20.4385929107666,377.6498771264854,-7.5478942199192325,3.9164680883583065,-12.890698690847369,0.0,1,11.287638567398204,11.287582788562906,-0.03548548370599747,0.7579718828201294,-0.03592619299888611,0.0752827450633049,-0.028736628592014313,-0.3415575366290921,0.0,71.75399495712271,71.75399495712271,13.699124714911186,0.7952992916107178,-0.055036477744579315,0.012725537412324803,1.0,375.41717732563745,-2.2183115316347464,2,2,3,122.34644796623076,0.28356137901357564,1.3331747149231887,10.695922452574333,188.74966430664062,287.19879150390625,15.23209284344381,11.453894335394462,3.778198508049348,0,3.1774241002381785,36.135796923190355
GT+smooth-jitter_controlled_forward3x6_SoftMS_local_prior_3frame_causal_heading_continuous_waypoint_RNN_polynomial_Kalman,1,controlled_gt_jitter,8.0,192.00282066112595,286.9034011288286,4.321454694329087,-3.839488275468297,0,1,8,193.80667111526375,288.763944664023,187.57461253069494,290.7773789759606,6099,196.75181579589844,287.3020324707031,188.77162170410156,287.51129150390625,0.9755774140357971,1,5.188531826287195,11.747202835977077,47,/yh/study/cvpr_data/Bearing_UAV_90K/citya/uav_254k_34bc_b15_s100/blk_4_6_s_071_v3d.jpg,187.68136596679688,290.7428894042969,378.46120901402594,-0.11218657082338444,2,6.638025457740588,6.638025457740588,1,6.638025457740588,120.84036201408739,12.000000000000002,378.46120901402594,-6.0045681337340735,193.28838268945395,288.93139169389997,5.892381562910651,10.667176945574647,1,0.0,0,0,0.5945717352594588,1.0,376.1361999511719,-5.404731273651123,1,1,6,18,1,71.75515176705252,212.75181579589844,287.3020324707031,200.68255615234375,297.40570068359375,1,207.12123107910156,293.5372619628906,387.0966491699219,-17.751514434814453,0.5694042444229126,0.4411662817001343,51.36953353881836,101.36880493164062,1,386.9808654785156,-17.723726272583008,19.5640199585764,52.37501525878906,102.36339569091797,0.5945717352594588,386.9808654785156,-17.723726272583008,386.23135355795296,-8.33561149691218,0.7495119205626608,-9.388114775670827,0.0,1,6.616681778575727,6.616585318575978,-0.03572787344455719,0.7579431533813477,-0.03519941493868828,0.07501257956027985,-0.028155246749520302,-0.33772169171904237,0.0,71.75783080203276,71.75783080203276,49.082531212054626,0.7951452136039734,-0.05396481975913048,0.12587079553466698,1.0,375.72129349359517,-2.143133518293291,2,2,3,122.04233179827304,0.2853422281645983,2.7399155204307704,5.880082304359241,188.77162170410156,287.51129150390625,0.3132704539264078,6.638025457740588,0.0,0,3.41055458284058,34.92604102939367
GT+smooth-jitter_controlled_forward3x6_SoftMS_local_prior_3frame_causal_heading_continuous_waypoint_RNN_polynomial_Kalman,1,controlled_gt_jitter,8.0,194.96167711219042,297.1651994079185,4.462882556526352,-3.693961969034608,0,1,8,196.98751872821438,298.6773732234161,190.80032990111206,300.7617422653468,6218,196.75181579589844,295.3020324707031,195.3369598388672,302.22650146484375,0.8247296810150146,1,3.9141609472915504,14.077566098421812,48,/yh/study/cvpr_data/Bearing_UAV_90K/citya/uav_254k_34bc_b15_s100/blk_3_6_s_055_v3d.jpg,190.49879455566406,300.8591613769531,388.95371885906565,0.3168817569072246,2,10.501279087716721,10.501279087716721,1,10.501279087716721,74.43723386432622,-12.000000000000002,388.87238577472533,-6.584671672579598,197.04110522984575,298.660019304881,6.902032657896463,11.044879898839199,1,0.0,0,0,0.08747085849195838,1.0,386.8106689453125,-5.065502166748047,1,1,6,18,1,71.75608942395952,196.75181579589844,319.3020324707031,198.95315551757812,308.9560241699219,1,199.91946411132812,309.13214111328125,399.72222900390625,-6.104183673858643,0.923319935798645,0.002177417278289795,38.34202575683594,173.72686767578125,1,399.6072082519531,-6.075806617736816,12.424302833546585,39.34718704223633,174.7218017578125,0.08747085849195838,399.6072082519531,-6.075806617736816,393.8534754964311,-6.075806617736816,5.753732755522023,0.0,0.0,1,10.411237070540963,10.411176760699384,-0.035437218844890594,0.7577606439590454,-0.03329543396830559,0.07329460978507996,-0.02663206122815609,-0.33982184148668904,0.0,71.75573065226511,71.75573065226511,2.6815032120611044,0.7941175699234009,-0.05132225900888443,0.0206319353616857,1.0,391.7422388990493,-3.866611784399424,2,2,3,106.0213863928189,0.3791579802684146,2.7885200399836663,9.743518443757676,195.3369598388672,302.22650146484375,16.113381675436166,10.501279087716721,5.612102587719445,1,5.027669661338613,38.51382480934262
GT+smooth-jitter_controlled_forward3x6_SoftMS_local_prior_3frame_causal_heading_continuous_waypoint_RNN_polynomial_Kalman,1,controlled_gt_jitter,8.0,198.56054431793467,302.6303805691806,4.599133795473721,-3.5430203097256334,0,1,8,199.38089688232046,304.4224899011055,192.68223100731083,306.586674260724,6337,196.75181579589844,303.3020324707031,196.7388458251953,303.5912780761719,0.9687844514846802,1,2.7697196403906283,10.814218316227198,49,/yh/study/cvpr_data/Bearing_UAV_90K/citya/uav_254k_34bc_b15_s100/blk_4_7_s_039_v3d.jpg,193.96141052246094,306.17340087890625,395.0751063263218,-1.3442823810861682,2,6.342779423693973,6.342779423693973,1,6.342779423693973,56.91281281770453,-12.000000000000002,395.0751063263218,-6.562604449921741,198.92701208640963,304.5691296043998,5.218322068835566,10.165051661441852,1,0.0,0,0,0.49015206913317233,1.0,393.1175842285156,-6.809915065765381,1,1,6,18,1,71.75596386587267,212.75181579589844,311.3020324707031,205.4192657470703,313.54022216796875,1,209.1622314453125,312.76177978515625,406.0176086425781,-13.783467292785645,0.7826352119445801,0.12978656589984894,25.10271453857422,95.47085571289062,1,405.9021301269531,-13.756428718566895,16.470756542505054,26.108169555664062,96.46549987792969,0.49015206913317233,405.9021301269531,-13.756428718566895,402.27094270655425,-8.721355363991474,3.631187420398861,-5.035073354575419,0.0,1,6.331664250901449,6.331571565638319,-0.034259237349033356,0.7579400539398193,-0.03692508116364479,0.07498358935117722,-0.029535828158259392,-0.34112237887376823,0.0,71.75443011487803,71.75443011487803,14.84161729717351,0.7951100468635559,-0.05642782151699066,0.11427109163342909,1.0,393.47190260600115,-4.781031260539863,2,2,3,104.29172268586706,0.38928657739222217,1.6032037203206642,5.584839369754154,196.7388458251953,303.5912780761719,1.9565018572675723,6.342779423693973,0.0,0,3.792295482854153,33.50985376164317
GT+smooth-jitter_controlled_forward3x6_SoftMS_local_prior_3frame_causal_heading_continuous_waypoint_RNN_polynomial_Kalman,1,controlled_gt_jitter,8.0,195.61974781039257,311.9459385493155,4.7299925613691185,-3.3868556401376577,0,1,8,201.99952675981615,311.74348339365855,195.07142344051067,313.9817936968188,6457,204.75181579589844,311.3020324707031,196.75743103027344,311.3711242675781,0.9915107488632202,2,5.255303888117728,15.259279869496822,50,/yh/study/cvpr_data/Bearing_UAV_90K/citya/uav_254k_34bc_b15_s100/blk_3_7_s_027_v3d.jpg,190.88975524902344,315.3327941894531,402.84659472668415,4.39449100520121,2,9.660722122912306,9.660722122912306,1,9.660722122912306,108.5391741561547,12.000000000000002,402.84659472668415,-7.075314818399027,201.80408460328005,311.8066262442318,11.469805823600241,10.482280344114383,1,0.0,0,0,0.2349910540415167,1.0,401.0779113769531,-1.1476532220840454,1,1,6,18,1,71.75542705569259,220.75181579589844,319.3020324707031,203.01161193847656,320.38641357421875,1,207.5470733642578,317.9066467285156,410.4167785644531,-10.664841651916504,0.8102948665618896,0.03746718168258667,26.536067962646484,197.48239135742188,1,410.30181884765625,-10.635293006896973,16.777209963049494,27.541309356689453,198.4772186279297,0.2349910540415167,410.30181884765625,-10.635293006896973,408.6390455239125,-8.81305005756753,1.662773323743762,-1.8222429493294428,0.0,0,9.509650531276934,9.509583425108309,-0.03572545200586319,0.7576446533203125,-0.032507963478565216,0.07220330834388733,-0.02600225992500782,-0.33728426612747064,0.0,71.75826822762433,71.75826822762433,36.780905928530366,0.7934646010398865,-0.050180837512016296,0.034761476396759874,1.0,400.88068872843223,-2.406954521287554,2,2,3,96.88293656343598,0.43267108590041314,1.9659059982519125,8.903077469591993,196.75743103027344,311.3711242675781,7.779868390389784,9.660722122912306,0.0,0,7.079862120391672,35.92231636866927
GT+smooth-jitter_controlled_forward3x6_SoftMS_local_prior_3frame_causal_heading_continuous_waypoint_RNN_polynomial_Kalman,1,controlled_gt_jitter,8.0,200.98173054996624,327.9314962548735,4.85525044742717,-3.2256692724702662,0,1,8,206.19950227871283,325.09863991242196,200.19565458852207,329.84250915494925,6695,204.75181579589844,327.3020324707031,204.51470947265625,327.30718994140625,0.9744813442230225,1,2.7778084940950323,8.213357999920845,51,/yh/study/cvpr_data/Bearing_UAV_90K/citya/uav_254k_34bc_b15_s100/blk_4_6_s_015_v3d.jpg,196.12648010253906,331.15716552734375,419.5145292028581,4.276272018341743,2,16.668353710876264,16.668353710876264,1,16.668353710876264,71.68918327991265,-12.000000000000002,418.9314801406903,-7.314659689256079,206.97682222514416,327.0389474804802,11.605586760655022,10.898692025375645,1,0.0,0,0,0.13781278737008243,1.0,417.937744140625,-1.3355103731155396,1,1,6,18,1,71.75642146186664,220.75181579589844,343.3020324707031,205.2920684814453,340.5603332519531,1,207.6590576171875,339.55828857421875,431.05426025390625,-4.115027904510498,0.9013285636901855,0.016140036284923553,58.36344909667969,140.82814025878906,1,430.9370422363281,-4.086758136749268,14.15676790001001,59.369056701660156,141.82261657714844,0.13781278737008243,430.9370422363281,-4.086758136749268,424.18945047122577,-5.737268590095443,6.747591765102346,1.6505104533461752,0.0,1,14.0,16.084885414006166,-0.033955834805965424,0.757973849773407,-0.03602141886949539,0.07530080527067184,-0.028812700882554054,-0.3352019922455423,0.0,71.76035050150627,71.76035050150627,0.0711672215936129,0.7953156232833862,-0.055081579834222794,0.023649717838546025,1.0,418.4298032519534,-4.889319811400935,2,2,3,79.33382203991482,0.5354355193413791,1.0847259509047262,15.910379861102857,204.51470947265625,327.30718994140625,17.723813302820027,16.668353710876264,1.0554595919437624,0,9.229556001130899,30.53435031324625
GT+smooth-jitter_controlled_forward3x6_SoftMS_local_prior_3frame_causal_heading_continuous_waypoint_RNN_polynomial_Kalman,1,controlled_gt_jitter,8.0,204.65256332363015,325.3395902866132,4.974706878317644,-3.0596711879962015,0,1,8,207.53960160183226,327.46984935064904,200.19565458852207,329.84250915494925,6695,204.75181579589844,327.3020324707031,204.66229248046875,327.33477783203125,0.9863420724868774,1,2.8804777546482403,8.36361013352871,52,/yh/study/cvpr_data/Bearing_UAV_90K/citya/uav_254k_34bc_b15_s100/blk_4_7_s_029_v3d.jpg,199.6778564453125,328.3992614746094,419.5145292028581,0.04902312865882294,2,4.496477364793415,4.496477364793415,1,4.496477364793415,-37.83195914381936,-12.000000000000002,419.5145292028581,-7.206586525605654,207.05323004098244,327.6269847780005,7.415695987015004,10.34836676712626,1,0.0,0,0,0.4447618055703727,1.0,416.5998840332031,-5.625397682189941,1,1,6,18,1,71.75779662440648,228.75181579589844,335.3020324707031,211.04019165039062,337.03302001953125,1,217.08534240722656,335.8111572265625,430.38653564453125,-14.236784934997559,0.8050888776779175,0.2784406244754791,35.102516174316406,186.44586181640625,1,430.27264404296875,-14.209342002868652,18.824482619133764,36.10798645019531,187.44052124023438,0.4447618055703727,430.27264404296875,-14.209342002868652,426.46071913349516,-9.29044350479677,3.8119249094735856,-4.918898498071884,0.0,1,4.350369545712728,4.3502280103855355,-0.035091906785964966,0.7577841877937317,-0.03545697405934334,0.07351718097925186,-0.02836134470999241,-0.34352657878118625,0.0,71.75202591497062,71.75202591497062,109.58398505878998,0.7942308783531189,-0.05440054088830948,0.09261377755615886,1.0,418.5014265913989,-5.021274095722392,2,2,3,79.2621987004693,0.5358549326336797,1.0131026114592032,3.738693176999683,204.66229248046875,327.33477783203125,0.15013938825012377,4.496477364793415,0.0,0,5.096835097772003,28.782182838767767
GT+smooth-jitter_controlled_forward3x6_SoftMS_local_prior_3frame_causal_heading_continuous_waypoint_RNN_polynomial_Kalman,1,controlled_gt_jitter,8.0,207.08253899273853,330.85957750750833,5.088169485902599,-2.8890797190541506,0,1,8,209.0192768111559,331.47907178978215,201.50836898987836,333.9056727781949,6815,212.75181579589844,335.3020324707031,204.74581909179688,335.1596374511719,0.9837491512298584,2,5.639947204269763,10.081648360937834,53,/yh/study/cvpr_data/Bearing_UAV_90K/citya/uav_254k_34bc_b15_s100/blk_3_6_s_019_v3d.jpg,201.99436950683594,333.7486572265625,423.7844844401873,-0.5107351426497496,2,5.829431162233827,5.829431162233827,1,5.829431162233827,66.58536172479488,12.000000000000002,423.7844844401873,-7.753004288626082,208.88589948973367,331.5221629243955,7.24226914597632,10.915035914287971,1,0.0,0,0,0.2856956592462922,1.0,422.5995788574219,-6.240678310394287,1,1,6,18,1,71.75577688944415,228.75181579589844,343.3020324707031,214.7137451171875,341.3230285644531,1,221.4487762451172,340.44073486328125,436.1333312988281,-16.965627670288086,0.7292019724845886,0.037237465381622314,38.474029541015625,158.98715209960938,1,436.0175476074219,-16.935855865478516,20.48004944361828,39.479549407958984,159.98170471191406,0.2856956592462922,436.0175476074219,-16.935855865478516,429.85581056604195,-9.574402126382465,6.161737041379941,-7.361453739096051,0.0,0,5.704782258583495,5.704673088241458,-0.035292692482471466,0.757840633392334,-0.033548105508089066,0.07404790073633194,-0.026834217831492424,-0.33417290151711826,0.0,71.76137959223469,71.76137959223469,5.176017867439799,0.7945771217346191,-0.0516003742814064,0.024011879858527284,1.0,425.9730111335915,-2.695155185836957,2,2,3,71.7906141582767,0.5796071773042355,2.188526693404185,5.071590528841493,204.74581909179688,335.1596374511719,7.825305409634663,5.829431162233827,1.9958742474008364,0,3.0921416547144855,33.48716115579009
GT+smooth-jitter_controlled_forward3x6_SoftMS_local_prior_3frame_causal_heading_continuous_waypoint_RNN_polynomial_Kalman,1,controlled_gt_jitter,8.0,213.9783981970454,336.66710437180996,5.195454471459477,-2.7141212141275317,0,1,8,211.74479126280312,338.42432099699045,203.79774255203347,340.9918290420083,6815,212.75181579589844,335.3020324707031,204.93344116210938,341.4964904785156,0.8689959049224854,1,7.472129249245851,8.985796011984348,54,/yh/study/cvpr_data/Bearing_UAV_90K/citya/uav_254k_34bc_b15_s100/blk_4_6_s_001_v3d.jpg,208.78294372558594,339.3812255859375,431.23128522322673,-5.23891918562373,2,8.821029772453416,8.821029772453416,1,8.821029772453416,39.682935721263384,-12.000000000000002,431.23128522322673,-7.927502916570358,211.34132080601302,338.5546729907226,2.6885837309466543,10.70651272474456,1,0.0,0,0,0.49159216193015326,1.0,430.245849609375,-11.01716423034668,1,1,6,18,1,71.75773784742702,228.75181579589844,343.3020324707031,221.1851043701172,346.294921875,1,226.01856994628906,345.24981689453125,442.1144104003906,-19.835649490356445,0.7838177680969238,0.1809762716293335,33.027931213378906,82.87684631347656,1,442.0002746582031,-19.809226989746094,18.118084969375275,34.0333251953125,83.87150573730469,0.49159216193015326,442.0002746582031,-19.809226989746094,438.4350421138426,-10.08862998375511,3.565232544360547,-9.720597005990983,0.0,1,8.711159111983127,8.711091453300297,-0.03433316946029663,0.7577900290489197,-0.03572439029812813,0.07357122749090195,-0.02857527695596218,-0.3388568104621603,0.0,71.75669568328965,71.75669568328965,32.073759962026266,0.7942659854888916,-0.05471038445830345,0.07941246657151473,1.0,432.06065455266577,-0.9255490337155836,2,2,3,65.70297073920244,0.6152553136311883,0.8293693294390323,8.063239743404496,204.93344116210938,341.4964904785156,6.339629983794322,8.821029772453416,0.0,0,4.392381535338907,31.125223264098167
GT+smooth-jitter_controlled_forward3x6_SoftMS_local_prior_3frame_causal_heading_continuous_waypoint_RNN_polynomial_Kalman,1,controlled_gt_jitter,8.0,208.77693199754944,349.26709433682794,5.296386953604132,-2.5350296866095694,0,1,8,215.2102104177924,348.01253982573303,206.93022616724647,350.6876116605248,7053,212.75181579589844,351.3020324707031,212.55812072753906,351.28424072265625,0.9773039221763611,1,4.211603790015902,9.102941025048494,55,/yh/study/cvpr_data/Bearing_UAV_90K/citya/uav_254k_34bc_b15_s100/blk_3_7_s_013_v3d.jpg,203.4805450439453,351.8021240234375,441.420527304221,3.62525001338468,2,13.505337825236145,13.505337825236145,1,13.505337825236145,113.11731267657969,12.000000000000002,441.420527304221,-8.386606038664489,214.91067342835365,348.10931331462865,12.011856052049176,10.671688550339116,1,0.0,0,0,0.2738812963912371,1.0,440.63653564453125,-2.193981170654297,1,1,6,18,1,71.75737309931709,228.75181579589844,359.3020324707031,214.65972900390625,360.8873291015625,1,220.35385131835938,358.78717041015625,453.2546691894531,-10.283474922180176,0.8045288920402527,0.0457364022731781,32.32637023925781,137.0803680419922,1,453.14129638671875,-10.254826545715332,18.16680910814312,33.33163833618164,138.07516479492188,0.2738812963912371,453.14129638671875,-10.254826545715332,447.42687443437285,-10.18851017771003,5.71442195234592,-0.06631636800530183,0.0,0,13.174957550637085,13.174910799217255,-0.03509834408760071,0.7576509714126587,-0.03304915502667427,0.0722629502415657,-0.0264352485537529,-0.33871164226187106,0.0,71.75684085148993,71.75684085148993,41.36047182508976,0.7934950590133667,-0.05095849558711052,0.04987715017001046,1.0,443.71844828818234,-5.1719167211992625,2,2,3,54.045177003685865,0.6835212404844384,2.297920983961319,12.747686853823486,212.55812072753906,351.28424072265625,12.407086415317494,13.505337825236145,0.0,0,9.09233652064202,29.97028036043048
GT+smooth-jitter_controlled_forward3x6_SoftMS_local_prior_3frame_causal_heading_continuous_waypoint_RNN_polynomial_Kalman,1,controlled_gt_jitter,8.0,216.380730500373,358.09817938218305,5.390801301154265,-2.3520464478950545,0,1,8,219.34858776861245,357.7497361384278,210.1698955582752,360.7151597756137,7173,220.75181579589844,359.3020324707031,212.76956176757812,359.304931640625,0.997424840927124,1,6.760341424243308,9.664395824074745,56,/yh/study/cvpr_data/Bearing_UAV_90K/citya/uav_254k_34bc_b15_s100/blk_3_7_s_034_v3d.jpg,210.98992919921875,360.4502258300781,451.9584198337352,-0.8617686277512102,2,11.453406272785953,11.453406272785953,1,11.453406272785953,49.03132126858997,-12.000000000000002,451.9584198337352,-8.735359025792727,218.48220588867392,358.029644130408,7.873590398041501,8.149198345168067,1,0.0,0,0,0.5384573179891835,1.0,451.3775634765625,-6.714587211608887,1,1,6,18,1,71.75718681657965,228.75181579589844,359.3020324707031,220.8433837890625,367.40008544921875,1,223.86813354492188,363.739501953125,459.04754638671875,-12.105064392089844,0.7231401205062866,0.1620968133211136,28.605846405029297,60.05756378173828,1,458.93389892578125,-12.077774047851562,13.208182545198722,29.61093521118164,61.05253982543945,0.5384573179891835,458.93389892578125,-12.077774047851562,458.93389892578125,-10.97381360047488,0.0,-1.103960447376683,0.0,1,11.287184893153375,11.287133770963077,-0.03397129103541374,0.7577043771743774,-0.03340454772114754,0.07276524603366852,-0.026719558984041214,-0.33455504526509516,0.0,71.7609974484867,71.7609974484867,22.729676179896735,0.793800413608551,-0.05140024796128273,0.20186052130387064,1.0,451.415704920325,-2.9073129028825595,2,2,3,46.34792037154318,0.7285949800051232,0.5427149134101796,10.695701895611576,212.76956176757812,359.304931640625,8.023477432821705,11.453406272785953,0.0,0,2.1163153968065527,30.665099155157804
GT+smooth-jitter_controlled_forward3x6_SoftMS_local_prior_3frame_causal_heading_continuous_waypoint_RNN_polynomial_Kalman,1,controlled_gt_jitter,8.0,222.43960102051767,365.45704731554275,5.478541450205174,-2.165419725472854,0,1,8,222.2651155090503,365.9088489685003,212.83242829436222,368.95633253016877,7292,220.75181579589844,367.3020324707031,215.46932983398438,367.3047790527344,0.8609796166419983,1,6.9376742314338316,9.54225892201066,57,/yh/study/cvpr_data/Bearing_UAV_90K/citya/uav_254k_34bc_b15_s100/blk_4_8_s_041_v3d.jpg,216.9610595703125,367.6224670410156,460.61902079101037,-4.338754816293335,2,9.332493873368918,9.332493873368918,1,9.332493873368918,50.22148837126761,1.190167102677638,460.61902079101037,-9.679494335638191,222.04314997409992,365.9805609105612,5.340739519344855,8.33680138707203,1,0.0,0,0,0.23771304795728215,1.0,460.24273681640625,-10.217689514160156,1,1,6,18,1,71.75852054441722,228.75181579589844,375.3020324707031,226.0502166748047,373.4580078125,1,226.0386962890625,371.7684326171875,467.3549499511719,-11.702170372009277,0.7894679307937622,0.01564668118953705,28.30069351196289,66.76529693603516,1,467.2410888671875,-11.67436695098877,9.882458752568313,29.306255340576172,67.75982666015625,0.23771304795728215,467.2410888671875,-11.67436695098877,466.4264425547754,-11.421720864767707,0.8146463124120764,-0.25264608622106266,0.0,1,9.278803491669512,9.278742440081418,-0.03365958482027054,0.7578131556510925,-0.03506183624267578,0.073789082467556,-0.028045497834682465,-0.3342355738388384,0.0,71.76131691991297,71.76131691991297,21.539828548645353,0.7944079041481018,-0.053719662129879,0.06261397194619872,1.0,459.858115066067,-3.0169357129769576,2,2,3,37.90551022580121,0.778032203424038,0.7609057249433704,8.574680717717825,215.46932983398438,367.3047790527344,8.443121829597155,9.332493873368918,0.0,0,1.525183026441012,30.91036668047309
GT+smooth-jitter_controlled_forward3x6_SoftMS_local_prior_3frame_causal_heading_continuous_waypoint_RNN_polynomial_Kalman,1,controlled_gt_jitter,8.0,219.90418776721995,376.3774399715513,5.559461204719947,-1.9754042667299172,0,1,8,225.14999575747512,374.8619111137508,215.7242332703207,377.90715745575454,7412,228.75181579589844,375.3020324707031,220.7338409423828,375.31085205078125,0.996882438659668,2,4.438915556282276,9.807469323277473,58,/yh/study/cvpr_data/Bearing_UAV_90K/citya/uav_254k_34bc_b15_s100/blk_3_8_s_097_v3d.jpg,214.3447265625,378.35284423828125,470.02539112538835,1.4497156497193862,2,11.044735995186453,11.044735995186453,1,11.044735995186453,103.70276701589776,12.000000000000002,470.02539112538835,-9.947187461441718,225.1896838431037,374.8490888091631,11.396903111161116,6.659195596236332,1,0.0,0,0,0.5195107455200848,1.0,469.85479736328125,-4.447803497314453,1,1,6,18,1,71.75949928918095,228.75181579589844,375.3020324707031,225.20411682128906,385.91552734375,1,227.42408752441406,381.96337890625,477.4820556640625,-9.88623046875,0.7137991786003113,0.36337244510650635,58.84180450439453,82.25971984863281,1,477.36517333984375,-9.85711669921875,13.48023963891699,59.8474235534668,83.25420379638672,0.5195107455200848,477.36517333984375,-9.85711669921875,477.36517333984375,-9.85711669921875,0.0,0.0,0.0,1,10.911211439723083,10.911157115571537,-0.03443082422018051,0.7578418850898743,-0.03424903377890587,0.0740593746304512,-0.027394844219088554,-0.33270841290953235,0.0,71.76284408084227,71.76284408084227,31.93992293505549,0.7945797443389893,-0.05256132781505585,0.30320882415204414,1.0,469.0949294883835,-5.565178516987521,2,2,3,28.668695803484695,0.8321213142812531,0.9304616370048393,10.28689411009658,220.7338409423828,375.31085205078125,9.581872575885457,11.044735995186453,0.0,0,7.076333727859107,31.325543764978647
GT+smooth-jitter_controlled_forward3x6_SoftMS_local_prior_3frame_causal_heading_continuous_waypoint_RNN_polynomial_Kalman,1,controlled_gt_jitter,8.0,213.2910478109863,379.6397666586819,5.633424519970662,-1.7822609292087657,0,1,8,224.76915913578807,375.89368523804103,215.99007611847588,378.7300043667111,7412,228.75181579589844,375.3020324707031,220.73373413085938,375.36053466796875,0.9913513660430908,2,4.0704919236834485,9.818893857300282,59,/yh/study/cvpr_data/Bearing_UAV_90K/citya/uav_254k_34bc_b15_s100/blk_4_8_s_038_v3d.jpg,207.65762329101562,381.4220275878906,470.89011620238455,8.756526659881768,2,7.357801070769477,7.357801070769477,1,7.357801070769477,155.34627164568255,12.000000000000002,470.89011620238455,-9.93981032211463,225.4485068227845,375.6742036776268,18.696336981996392,6.08357362507875,1,0.0,0,0,0.5011834347022381,1.0,470.9260559082031,2.8480045795440674,1,1,6,18,1,71.76066997293252,228.75181579589844,375.3020324707031,221.64559936523438,387.645263671875,1,225.28636169433594,383.0914611816406,477.8983154296875,-7.5052266120910645,0.735295832157135,0.33844465017318726,58.736595153808594,100.06684875488281,1,477.7833557128906,-7.47712516784668,17.636558695309933,59.7420654296875,101.06148529052734,0.5011834347022381,477.7833557128906,-7.47712516784668,477.7833557128906,-7.762857654855937,0.0,0.28573248700925724,0.0,0,6.838441166907049,6.8383549912676145,-0.03433084115386009,0.757719099521637,-0.03420669212937355,0.07290467619895935,-0.027361344546079636,-0.33857575884998486,0.0,71.75697673490181,71.75697673490181,83.58929491078072,0.7938745617866516,-0.05257946625351906,0.31159068310101345,1.0,469.1421731662739,-5.549802927285368,2,2,3,28.621452125594317,0.8323979646949002,1.7479430361106552,6.60008197124784,220.73373413085938,375.36053466796875,0.049682732003194126,7.357801070769477,0.0,0,14.412715605122521,30.717672780156136
GT+smooth-jitter_controlled_forward3x6_SoftMS_local_prior_3frame_causal_heading_continuous_waypoint_RNN_polynomial_Kalman,1,controlled_gt_jitter,8.0,216.81543333167716,392.6640489176865,5.700305768200593,-1.5862562580947386,0,1,8,228.74590567423164,388.24235409144126,220.06966426498812,391.35730101067753,7650,228.75181579589844,391.3020324707031,221.41363525390625,391.2861633300781,0.9399990439414978,1,7.938952336296633,8.87661101296544,60,/yh/study/cvpr_data/Bearing_UAV_90K/citya/uav_254k_34bc_b15_s100/blk_4_7_s_080_v3d.jpg,211.11512756347656,394.25030517578125,484.16006947961534,9.410271018308944,2,13.286046878814727,13.286046878814727,1,13.286046878814727,74.91594928268431,-12.000000000000002,483.8632793308941,-9.260150312959158,228.79010818661718,388.22803176360105,18.672780111152402,6.762160163254057,1,0.0,0,0,0.22809809121305913,1.0,484.403076171875,3.4983644485473633,1,1,6,18,1,71.75937733295167,228.75181579589844,399.3020324707031,222.86842346191406,402.56195068359375,1,226.18272399902344,399.772705078125,494.0472717285156,-3.22985577583313,0.7990232706069946,0.01652666926383972,35.51858139038086,72.7524185180664,1,493.9311828613281,-3.2012746334075928,15.953862869023846,36.52416229248047,73.74694061279297,0.22809809121305913,493.9311828613281,-3.2012746334075928,489.61781883256594,-7.533788462457611,4.313364028762198,4.3325138290500185,0.0,1,12.973208372717927,12.97316312850955,-0.034262560307979584,0.7578389048576355,-0.0343533530831337,0.07403173297643661,-0.027478015050292015,-0.33930637564776467,0.0,71.75624611810404,71.75624611810404,3.1597031645802733,0.7945560216903687,-0.05279863253235817,0.020823626618937045,1.0,484.50555460864143,-1.300753095047829,2,2,3,13.258070683226777,0.9223631414305279,0.34548512902608763,12.528207973957091,221.41363525390625,391.2861633300781,15.940135313745616,13.286046878814727,2.6540884349308893,0,10.716594493181486,30.50180710852146
GT+smooth-jitter_controlled_forward3x6_SoftMS_local_prior_3frame_causal_heading_continuous_waypoint_RNN_polynomial_Kalman,1,controlled_gt_jitter,8.0,230.76803136775115,399.76153838771666,5.759989985915215,-1.3876620517364977,0,1,8,232.37174518822664,398.7701576712346,223.4009473830354,401.668415423681,7769,228.75181579589844,399.3020324707031,228.67413330078125,399.31732177734375,0.9895926713943481,1,3.7378767006405793,9.789920877665281,61,/yh/study/cvpr_data/Bearing_UAV_90K/citya/uav_254k_34bc_b15_s100/blk_3_8_s_072_v3d.jpg,225.00804138183594,401.1492004394531,494.9959601975321,-1.6888858223182126,2,15.511537970925872,15.511537970925872,1,15.511537970925872,26.407917171421886,-12.000000000000002,494.9959601975321,-9.247997878184295,232.2010697445042,398.8252989684372,7.559112055866081,7.268484337166054,1,0.0,0,0,0.2604370765637963,1.0,495.4462890625,-7.596532344818115,1,1,6,18,1,71.75828140775499,244.75181579589844,399.3020324707031,235.15792846679688,409.0438232421875,1,236.37559509277344,406.1016845703125,501.0946044921875,-11.795308113098145,0.8130449056625366,0.03424599766731262,29.945581436157227,87.49664306640625,1,500.9785461425781,-11.766569137573242,11.243309722284238,30.95114517211914,88.49117279052734,0.2604370765637963,500.9785461425781,-11.766569137573242,500.928364118633,-11.02771905451456,0.050182023945145815,-0.7388500830586835,0.0,0,14.0,15.020614933251803,-0.03431249409914017,0.7579243779182434,-0.034341927617788315,0.07483592629432678,-0.027469610795378685,-0.33588650526642455,0.0,71.75966598848538,71.75966598848538,45.351748817063495,0.795046865940094,-0.052738435566425323,0.06609867543067709,1.0,494.3798668342132,-5.740606241908167,2,2,3,3.3837584576550057,0.9801853238614444,0.6160933633188961,14.753613593007628,228.67413330078125,399.31732177734375,10.826557065556976,15.511537970925872,0.0,0,4.09829347300163,31.7428819835186
GT+smooth-jitter_controlled_forward3x6_SoftMS_local_prior_3frame_causal_heading_continuous_waypoint_RNN_polynomial_Kalman,1,controlled_gt_jitter,8.0,237.20839971357472,402.3130619784977,5.812373102246596,-1.1867549160336066,0,1,8,233.49130168377116,401.4362835784706,224.26652356536283,404.41646728615535,7770,236.75181579589844,399.3020324707031,228.74281311035156,402.86676025390625,0.848963737487793,2,4.95927487147687,10.701633058488369,62,/yh/study/cvpr_data/Bearing_UAV_90K/citya/uav_254k_34bc_b15_s100/blk_4_8_s_062_v3d.jpg,231.39602661132812,403.49981689453125,497.8789904450559,-7.188189036391086,3,6.806743201494706,6.806743201494706,1,6.806743201494706,20.202334571671408,-6.2055825997504765,497.8789904450559,-9.46168840267064,233.2700244307997,401.5077700528033,2.7349805204100552,7.758535666145856,1,0.0,0,0,0.40619373685169136,1.0,497.76361083984375,-13.104445457458496,1,1,6,18,1,71.759492762424,244.75181579589844,399.3020324707031,240.67906188964844,410.2495422363281,1,241.3519744873047,408.49896240234375,504.10693359375,-16.42535400390625,0.872718870639801,0.11028747260570526,55.826080322265625,89.53083801269531,1,503.9911804199219,-16.39797592163086,9.707755994286732,56.83159637451172,90.52540588378906,0.40619373685169136,503.9911804199219,-16.39797592163086,503.9911804199219,-11.481908068475931,0.0,-4.916067853154928,0.0,0,6.492936915080397,6.492846165177032,-0.03432868421077728,0.7580283284187317,-0.035821929574012756,0.07581383734941483,-0.028652919456362724,-0.33888148985662225,0.0,71.75667100389518,71.75667100389518,51.55433643222378,0.7956247925758362,-0.05485512316226959,0.07044413598547454,1.0,497.7636252918682,-4.637365452532589,3,3,4,176.4404998859389,0.0,0.1153651531876676,6.0487148730759746,228.74281311035156,402.86676025390625,3.5501028738819578,6.806743201494706,0.0,0,2.7276918066386675,31.43032221123576
GT+smooth-jitter_controlled_forward3x6_SoftMS_local_prior_3frame_causal_heading_continuous_waypoint_RNN_polynomial_Kalman,1,controlled_gt_jitter,8.0,239.43660103947727,414.3676246211384,5.857362147875699,-0.9838158085490796,0,1,8,235.31996935605235,414.01491242161416,225.80102728386325,416.3514962078253,8008,236.75181579589844,415.3020324707031,228.75686645507812,415.30133056640625,0.9989408254623413,2,6.6879885864157,10.834719985723495,63,/yh/study/cvpr_data/Bearing_UAV_90K/citya/uav_254k_34bc_b15_s100/blk_3_8_s_067_v3d.jpg,233.57923889160156,415.3514404296875,509.91226169701343,-7.8422373959312015,3,12.05103299637862,12.05103299637862,1,12.05103299637862,79.56243828217623,12.000000000000002,509.71594080172423,-9.72937640892431,235.2693078420233,414.02658527668984,2.1474576209099125,8.64553230413507,1,0.0,0,0,0.15433671881209465,1.0,509.68341064453125,-13.777236938476562,1,1,6,18,1,77.01543795624318,244.75181579589844,439.3020324707031,243.00811767578125,425.23101806640625,1,243.92279052734375,424.4403076171875,520.2459716796875,-16.94231414794922,0.8733309507369995,0.007767856121063232,75.36770629882812,57.819984436035156,1,520.1317138671875,-16.913471221923828,13.6339560374026,76.37332916259766,58.81447219848633,0.15433671881209465,520.1317138671875,-16.913471221923828,515.0647927551908,-11.334031994964265,5.06692111199675,-5.579439226959562,0.0,1,11.837002545685394,11.83695035666833,-0.03514996916055679,0.7578924894332886,-0.034720584750175476,0.07453583925962448,-0.027772249653935432,-0.3363862296537462,0.0,76.70627312983599,76.70627312983599,2.8561651523402376,0.7948613166809082,-0.05327426642179489,0.013466211345243033,1.0,509.2476036056353,-3.0656259886148547,3,3,4,164.95652157217182,0.06508697448256472,0.6646580913781577,11.293140506945331,228.75686645507812,415.30133056640625,12.434578253925798,12.05103299637862,0.38354525754717805,0,4.822632778362776,32.30631165206432
GT+smooth-jitter_controlled_forward3x6_SoftMS_local_prior_3frame_causal_heading_continuous_waypoint_RNN_polynomial_Kalman,1,controlled_gt_jitter,8.0,236.49552241669312,417.08222906934594,5.894875444036878,-0.7791295732321896,0,1,8,235.7636035258668,416.5357034155028,226.0700460609535,418.4438644740828,8008,236.75181579589844,415.3020324707031,228.76268005371094,415.38018798828125,0.9900031089782715,1,7.095642702781055,9.57541586831212,64,/yh/study/cvpr_data/Bearing_UAV_90K/citya/uav_254k_34bc_b15_s100/blk_3_9_s_024_v3d.jpg,230.60064697265625,417.8613586425781,512.021853141836,-4.567894226540134,3,3.8950865529544254,3.8950865529544254,1,3.8950865529544254,139.88074908690086,12.000000000000002,512.021853141836,-9.816253368822744,235.70146759508734,416.54793477265736,5.267205453017369,9.576105595807682,1,0.0,0,0,0.19419226397375672,1.0,512.0007934570312,-10.513998985290527,1,1,6,18,1,78.52667877297948,244.75181579589844,423.3020324707031,242.7991485595703,426.26361083984375,1,244.94419860839844,425.0361633300781,520.9672241210938,-17.879398345947266,0.8729395866394043,0.025904908776283264,64.37953186035156,83.44020080566406,1,520.8521118164062,-17.851144790649414,15.942839912217092,65.38504791259766,84.43480682373047,0.19419226397375672,520.8521118164062,-17.851144790649414,517.5899105936917,-11.486670604379443,3.262201222714583,-6.364474186269971,0.0,0,3.7681358362212736,3.7679740851309522,-0.0349138081073761,0.757804274559021,-0.034498557448387146,0.07370555400848389,-0.0275941863656044,-0.3410903090011809,0.0,76.75383279842893,76.75383279842893,63.12691628847193,0.7943554520606995,-0.05302547663450241,0.013515555074841076,1.0,509.3265585780275,-3.061336087872495,3,3,4,164.87756659977958,0.06553446228974777,2.6952945638084884,3.1372822783954044,228.76268005371094,415.38018798828125,0.07907142918801435,3.8950865529544254,0.0,0,3.087771074882545,31.11358918249607
GT+smooth-jitter_controlled_forward3x6_SoftMS_local_prior_3frame_causal_heading_continuous_waypoint_RNN_polynomial_Kalman,1,controlled_gt_jitter,8.0,223.58834069597577,425.13590835560933,5.924842771171095,-0.5729844666563046,0,1,8,236.32406693981517,423.201576095906,226.85222583616473,424.52748494794787,8127,236.75181579589844,423.3020324707031,228.83670043945312,423.3081970214844,0.9897290468215942,1,7.488125608756503,9.912284091114998,65,/yh/study/cvpr_data/Bearing_UAV_90K/citya/uav_254k_34bc_b15_s100/blk_3_9_s_023_v3d.jpg,217.6634979248047,425.7088928222656,518.1555504991222,9.264364262835686,3,15.131213374600536,15.131213374600536,1,15.131213374600536,148.75945451148667,8.878705424585808,518.1555504991222,-9.91426713744796,236.67075966286527,423.1530445648762,19.17833045637555,9.435086142767794,1,0.0,0,0,0.2997837406751879,1.0,518.3427734375,3.3148252964019775,1,1,6,18,1,81.69276144775314,244.75181579589844,423.3020324707031,231.0248565673828,434.817626953125,1,236.305419921875,431.99517822265625,526.7677612304688,-8.423723220825195,0.8382359147071838,0.06489434838294983,47.22868347167969,133.16688537597656,1,526.6556396484375,-8.395225524902344,19.598791468289242,48.23415756225586,134.16151428222656,0.2997837406751879,526.6556396484375,-8.395225524902344,524.3043610728357,-8.395225524902344,2.3512785756017385,0.0,0.0,0,14.0,14.411412093215391,-0.034685418009757996,0.7577868700027466,-0.03375222906470299,0.07354128360748291,-0.026997651904821396,-0.3344177211101809,0.0,81.34109224905605,81.34109224905605,67.41836226243062,0.7942681908607483,-0.05188781023025513,0.08017457018591932,1.0,517.1992807726921,-2.1237586277704708,3,3,4,157.00484440511502,0.11015416241389123,0.9562697264301505,14.37342650459779,228.83670043945312,423.3081970214844,7.928354573810115,15.131213374600536,0.0,0,11.428201729110091,32.001206651329994
GT+smooth-jitter_controlled_forward3x6_SoftMS_local_prior_3frame_causal_heading_continuous_waypoint_RNN_polynomial_Kalman,1,controlled_gt_jitter,8.0,240.76522919847739,430.5697836455663,5.947205516836749,-0.3656716766993096,0,1,8,237.4269273401382,430.6000248518873,227.79224811307773,431.838769323938,8246,236.75181579589844,431.3020324707031,229.29006958007812,431.302490234375,0.950316846370697,1,8.167123840192673,10.584139730781317,66,/yh/study/cvpr_data/Bearing_UAV_90K/citya/uav_254k_34bc_b15_s100/blk_4_8_s_027_v3d.jpg,234.81802368164062,430.9354553222656,525.5270171854534,-7.083607733735159,3,17.93306191112811,17.93306191112811,1,17.93306191112811,16.94469052719654,-12.000000000000002,525.5270171854534,-9.598366230746011,237.31225112523433,430.6147689366607,2.5147584970108587,10.192367970429942,1,0.0,0,0,0.21292268468667258,1.0,525.9227294921875,-13.028889656066895,1,1,6,18,1,82.33651461970832,236.75181579589844,455.3020324707031,243.69886779785156,442.45635986328125,1,244.0279541015625,442.0197448730469,537.6952514648438,-14.804858207702637,0.8524575233459473,0.024098306894302368,64.13866424560547,54.347503662109375,1,537.5814208984375,-14.776921272277832,14.300200071255269,65.14407348632812,55.342227935791016,0.21292268468667258,537.5814208984375,-14.776921272277832,531.19809195123,-11.29968866047902,6.383328947207441,-3.477232611798811,0.0,0,14.0,17.088134293144353,-0.03417216241359711,0.757680356502533,-0.03438447415828705,0.07253953069448471,-0.027503885328769684,-0.33512424548288056,0.0,82.33846909434757,82.33846909434757,65.39377856715103,0.7936549782752991,-0.05277939885854721,0.021462096215238223,1.0,525.1861212023605,-1.553980159983027,3,3,4,149.01800397544662,0.1554206428128447,0.34089598309287794,17.175381554625577,229.29006958007812,431.302490234375,8.007138537039319,17.93306191112811,0.0,0,5.540125555949865,30.883099418133497
GT+smooth-jitter_controlled_forward3x6_SoftMS_local_prior_3frame_causal_heading_continuous_waypoint_RNN_polynomial_Kalman,1,controlled_gt_jitter,8.0,235.33829009354653,442.5170146771086,5.961916802530902,-0.15748483461016474,0,1,8,238.76386775706888,441.4675359375119,229.18851877312892,442.69865223544707,8365,236.75181579589844,439.3020324707031,233.94398498535156,439.72039794921875,0.8228273391723633,1,5.1267690686468885,9.689826983958483,67,/yh/study/cvpr_data/Bearing_UAV_90K/citya/uav_254k_34bc_b15_s100/blk_4_9_s_025_v3d.jpg,229.37637329101562,442.67449951171875,536.4762924403644,-0.18940082881009565,3,12.93896122011819,12.93896122011819,1,12.93896122011819,114.87014710418752,12.000000000000002,536.4762924403644,-9.748275330010282,238.8572069929799,441.45553517860907,9.558874501200199,11.018053099836015,1,0.0,0,0,0.1459655183496021,1.0,537.0803833007812,-6.122725963592529,1,1,6,18,1,82.33719867916196,220.75181579589844,455.3020324707031,234.29307556152344,452.9253234863281,1,233.6657257080078,451.83953857421875,546.1134643554688,-3.2749922275543213,0.882037878036499,0.019821852445602417,22.0369815826416,227.505615234375,1,545.999267578125,-3.2468388080596924,10.001748970623368,23.042356491088867,228.50038146972656,0.1459655183496021,545.999267578125,-3.2468388080596924,541.7791027912872,-8.157432224733437,4.220164786837756,4.910593416673746,0.0,0,12.653890779889595,12.653844322508736,-0.034288935363292694,0.7577484250068665,-0.03413432091474533,0.07318036258220673,-0.02730269730091095,-0.3344513117670756,0.0,82.33914202806338,82.33914202806338,32.53100507612414,0.7940461039543152,-0.05242159962654114,0.014109020419986398,1.0,534.128778629291,-5.096433693853772,3,3,4,140.0753465485161,0.20610434316912088,2.3475138110734406,12.181212795111323,233.94398498535156,439.72039794921875,9.618736865881473,12.93896122011819,0.0,0,5.439650046813615,30.301868449896574
GT+smooth-jitter_controlled_forward3x6_SoftMS_local_prior_3frame_causal_heading_continuous_waypoint_RNN_polynomial_Kalman,1,controlled_gt_jitter,8.0,233.802925964118,457.77234981451306,5.968941589118006,0.05128047857554688,0,1,8,240.49782064024217,455.35974265203123,231.06653633728482,457.3054555122152,8603,236.75181579589844,455.3020324707031,236.69154357910156,455.30902099609375,0.9921951293945312,1,3.806614999254088,9.655481670051813,68,/yh/study/cvpr_data/Bearing_UAV_90K/citya/uav_254k_34bc_b15_s100/blk_4_9_s_054_v3d.jpg,227.833984375,457.7210693359375,551.2033305654418,3.2591604807588865,3,15.125416590736869,15.125416590736869,1,15.125416590736869,95.85281426192124,-12.000000000000002,551.1416757038423,-9.688371673343118,240.6679476319944,456.00882597660393,12.947678950432161,11.87920471018268,1,0.0,0,0,0.14711927032482197,1.0,552.015380859375,-2.654510021209717,1,1,6,18,1,82.33787884327333,220.75181579589844,471.3020324707031,233.70095825195312,468.0392761230469,1,232.47476196289062,467.6781005859375,561.6708984375,-0.07399077713489532,0.884695827960968,0.02470632642507553,51.01089096069336,256.58892822265625,1,561.5563354492188,-0.0457782968878746,10.86771965259977,52.01640319824219,257.58355712890625,0.14711927032482197,561.5563354492188,-0.0457782968878746,556.4508316906289,-8.095624877307163,5.10550375858989,8.049846580419288,0.0,1,14.0,14.66538326347792,-0.034203894436359406,0.7578807473182678,-0.035025350749492645,0.07442519813776016,-0.02801627293229103,-0.33478921936800615,0.0,82.33880412046246,82.33880412046246,13.514010141458785,0.7947933077812195,-0.053678493946790695,0.011596126940075334,1.0,549.9405061145678,-5.833672227159058,3,3,4,124.26361906323928,0.29571941167945964,1.26282445087395,14.367535843418601,236.69154357910156,455.30902099609375,15.828905417736625,15.125416590736869,0.7034888269997559,0,9.180105241657488,29.910285025835037
GT+smooth-jitter_controlled_forward3x6_SoftMS_local_prior_3frame_causal_heading_continuous_waypoint_RNN_polynomial_Kalman,1,controlled_gt_jitter,8.0,226.3335521707651,459.50220955451596,5.968256760608861,0.26032723029718796,0,1,8,240.58102382529916,456.64271724227183,231.13743542912678,457.8568928932083,8603,236.75181579589844,455.3020324707031,236.71792602539062,455.3313293457031,0.9926585555076599,1,4.079615524399943,11.380272917449474,69,/yh/study/cvpr_data/Bearing_UAV_90K/citya/uav_254k_34bc_b15_s100/blk_3_8_s_006_v3d.jpg,220.36529541015625,459.24188232421875,551.7593070634887,10.860810113077077,3,7.621954276883571,7.621954276883571,1,7.621954276883571,168.49048978616153,12.000000000000002,551.7593070634887,-9.637061570824448,240.69581786391086,456.6279580087361,20.497871683901526,12.69914507944649,1,0.0,0,0,0.2734630689380316,1.0,552.778564453125,4.9744768142700195,1,1,6,18,1,82.33820269028952,220.75181579589844,479.3020324707031,223.53515625,471.2093200683594,1,219.9573974609375,471.6302490234375,563.9945068359375,12.84516429901123,0.818891704082489,0.04576200246810913,38.018699645996094,110.06529235839844,1,563.8809204101562,12.874320030212402,12.287706552181007,39.02408981323242,111.06002044677734,0.2734630689380316,563.8809204101562,12.874320030212402,557.7633539426479,-7.835847507076696,6.117566467508399,20.7101675372891,0.0,0,7.114931161432451,7.11484675973723,-0.034655697643756866,0.75776207447052,-0.03320012986660004,0.07330860942602158,-0.02655564621090889,-0.32689960382470096,0.0,82.34669373600575,82.34669373600575,86.14379605015577,0.7941382527351379,-0.05100969225168228,0.014703633352707185,1.0,549.9659966693217,-5.85699448161333,3,3,4,124.23812850848537,0.2958638827888159,1.7933103941669515,6.864192202413051,236.71792602539062,455.3313293457031,0.034549904985243726,7.621954276883571,0.0,0,16.813713231647494,32.68279368057847
GT+smooth-jitter_controlled_forward3x6_SoftMS_local_prior_3frame_causal_heading_continuous_waypoint_RNN_polynomial_Kalman,1,controlled_gt_jitter,8.0,236.14408580521894,475.92416090521647,5.95985118607832,0.4693574384196066,0,1,8,242.2958422465352,470.53729884022545,233.34772942546323,475.04806842026966,8842,244.75181579589844,471.3020324707031,236.7499237060547,471.3605041503906,0.9930219054222107,2,5.606681678170209,11.53421588242054,70,/yh/study/cvpr_data/Bearing_UAV_90K/citya/uav_254k_34bc_b15_s100/blk_4_9_s_098_v3d.jpg,230.18423461914062,475.4548034667969,569.0919905127552,3.1895348857950334,3,18.954429011848063,18.954429011848063,1,18.954429011848063,58.79988326071782,-12.000000000000002,569.0919905127552,-9.555177746116923,242.82489655348337,473.8295755038099,12.744712631911966,13.462665417309772,1,0.0,0,0,0.22149355168058776,1.0,570.3175048828125,-2.6618053913116455,1,1,6,18,1,82.34117454294999,220.75181579589844,495.3020324707031,232.72145080566406,488.09393310546875,1,230.4613494873047,489.07843017578125,582.6397094726562,4.65199089050293,0.842533528804779,0.03337322175502777,31.232593536376953,139.95913696289062,1,582.5243530273438,4.679540634155273,13.51475045472428,32.23789978027344,140.95396423339844,0.22149355168058776,582.5243530273438,4.679540634155273,574.8102050469984,-7.839713385843954,7.7141479803453565,12.519254019999227,0.0,1,14.0,18.18807469090022,-0.0338551327586174,0.7577214241027832,-0.03336988016963005,0.07292591780424118,-0.026691490784287453,-0.3233770671623991,0.0,82.35021627266805,82.35021627266805,23.550333011950244,0.7939080595970154,-0.05119722709059715,0.013223083094429407,1.0,565.8683860892627,-3.844662623458374,3,3,4,108.33573908854441,0.3859927898720602,3.223604423492475,18.19670758774528,236.7499237060547,471.3605041503906,16.029206741782215,18.954429011848063,0.0,0,7.737671489430596,35.444982815533876
GT+smooth-jitter_controlled_forward3x6_SoftMS_local_prior_3frame_causal_heading_continuous_waypoint_RNN_polynomial_Kalman,1,controlled_gt_jitter,8.0,238.17048662381472,473.67712663095534,5.943725759556905,0.6780726758772172,0,1,8,242.62163316879588,473.7261262712587,233.34772942546323,475.04806842026966,8842,244.75181579589844,471.3020324707031,236.7506561279297,471.863037109375,0.9475440382957458,2,6.159502629231231,11.951460037380457,71,/yh/study/cvpr_data/Bearing_UAV_90K/citya/uav_254k_34bc_b15_s100/blk_4_9_s_002_v3d.jpg,232.2267608642578,472.9990539550781,569.0919905127552,0.850522826908524,3,3.194153898342939,3.194153898342939,1,3.194153898342939,-50.24860797217818,-12.000000000000002,568.9643774912995,-9.483867859978805,242.73789542241173,473.7120979046758,10.535292182643786,14.158606035724961,1,0.0,0,0,0.15487307379583817,1.0,568.3472290039062,-4.958208084106445,1,1,6,18,1,82.34433916169152,252.75181579589844,487.3020324707031,238.0892791748047,486.6319580078125,1,235.530029296875,487.3873596191406,581.6088256835938,-0.5909551978111267,0.8244169354438782,0.006063356995582581,29.82807159423828,169.54666137695312,1,581.4933471679688,-0.5622726678848267,14.644895968556368,30.833419799804688,170.54144287109375,0.15487307379583817,581.4933471679688,-0.5622726678848267,574.3161793971766,-7.878327288215671,7.177167770792138,7.316054620330845,0.0,1,3.205426665818071,3.2052506828173435,-0.03358824551105499,0.7577115893363953,-0.03392845764756203,0.07283331453800201,-0.02713886834681034,-0.3279276273360672,0.0,82.3456657124944,82.3456657124944,132.59427368467257,0.7938433885574341,-0.052042216062545776,0.01148674149187874,1.0,566.3669096559684,-3.781305187063389,3,3,4,107.83721552183874,0.38881823849087477,2.7250808567868035,2.436442309006544,236.7506561279297,471.863037109375,0.502533492722022,3.194153898342939,0.0,0,4.664350183079536,35.437938291579485
GT+smooth-jitter_controlled_forward3x6_SoftMS_local_prior_3frame_causal_heading_continuous_waypoint_RNN_polynomial_Kalman,1,controlled_gt_jitter,8.0,249.48561302227063,481.8687490398964,5.9198934177784395,0.8861745770057401,0,1,8,243.92650920229633,480.93618722888726,234.26449232675867,482.17844654145637,8961,244.75181579589844,479.3020324707031,236.76519775390625,479.79168701171875,0.9515994787216187,1,7.25219018007261,9.333252906799316,72,/yh/study/cvpr_data/Bearing_UAV_90K/citya/uav_254k_34bc_b15_s100/blk_5_9_s_005_v3d.jpg,243.5657196044922,480.9825744628906,576.2810618274863,-9.37778965963447,3,13.867537092483303,13.867537092483303,1,13.867537092483303,35.14856429999277,12.000000000000002,576.2810618274863,-9.400541235165264,243.58828543104823,480.9796731423334,0.022751575530791362,14.102653298716262,1,0.0,0,0,0.4073204065669941,1.0,577.9149169921875,-15.136344909667969,1,1,6,18,1,82.34480345447253,276.7518005371094,479.3020324707031,255.02406311035156,491.23077392578125,1,260.4988098144531,488.524169921875,585.92041015625,-25.21091651916504,0.8414471745491028,0.2462063431739807,54.59907531738281,266.8572692871094,1,585.8062744140625,-25.181947708129883,18.45267152586024,55.6044807434082,267.8519287109375,0.4073204065669941,585.8062744140625,-25.181947708129883,583.0213240636048,-11.422619906000804,2.7849503504577626,-13.759327802129079,0.0,0,13.343584588587845,13.343541842325708,-0.03377535939216614,0.757779598236084,-0.032763220369815826,0.07347339391708374,-0.02620585821568966,-0.32806319058283606,0.0,82.34553014924762,82.34553014924762,47.196965849254845,0.7942407131195068,-0.05041459947824478,0.03498849757275845,1.0,574.2326826524845,-2.78465284040537,3,3,4,99.97144252532257,0.43339855311025666,2.0483791750017417,13.10975749424722,236.76519775390625,479.79168701171875,7.928663237445616,13.867537092483303,0.0,0,6.90400683383609,33.58009038493037
GT+smooth-jitter_controlled_forward3x6_SoftMS_local_prior_3frame_causal_heading_continuous_waypoint_RNN_polynomial_Kalman,1,controlled_gt_jitter,8.0,240.88049034176788,497.97578111603804,5.888379135713186,1.093365344553649,0,1,8,245.50342504713498,494.8470943315279,236.13609195417095,496.7353325324408,9199,244.75181579589844,495.3020324707031,237.42745971679688,495.31048583984375,0.939795196056366,1,8.08924889633162,10.69272868335247,73,/yh/study/cvpr_data/Bearing_UAV_90K/citya/uav_254k_34bc_b15_s100/blk_4_10_s_019_v3d.jpg,234.9921112060547,496.8824157714844,590.9577717762401,1.153397343185879,3,18.064100160490206,18.064100160490206,1,18.064100160490206,118.33470188971114,12.000000000000002,590.9577717762401,-9.774767752819393,245.8310563067386,495.4888371156821,10.928165096005243,13.988131226893865,1,0.0,0,0,0.12817981941249137,1.0,592.7930908203125,-4.54748010635376,1,1,6,18,1,82.34505779897783,260.7518005371094,511.3020324707031,243.69471740722656,508.1683349609375,1,245.68118286132812,507.6206970214844,602.9714965820312,-8.079042434692383,0.8706573247909546,0.010232523083686829,35.00958251953125,214.89715576171875,1,602.8572998046875,-8.049640655517578,15.043093953884094,36.01481628417969,215.8920440673828,0.12817981941249137,602.8572998046875,-8.049640655517578,596.1627607830088,-8.213271050788782,6.6945390216787315,0.16363039527120415,0.0,1,14.0,17.36897214765099,-0.03321868181228638,0.7578699588775635,-0.03577969968318939,0.07432354241609573,-0.028619980439543724,-0.33267532918074005,0.0,82.34091801064972,82.34091801064972,35.99378387906143,0.7947275042533875,-0.05470499396324158,0.021412476943651632,1.0,589.7092353195433,-1.4625236791427392,3,3,4,84.49488985826383,0.5211139737595047,1.2485364566967974,17.306230201612642,237.42745971679688,495.31048583984375,15.532923355740401,18.064100160490206,0.0,0,2.898600710474261,31.17859037593007
GT+smooth-jitter_controlled_forward3x6_SoftMS_local_prior_3frame_causal_heading_continuous_waypoint_RNN_polynomial_Kalman,1,controlled_gt_jitter,8.0,240.85001335689475,504.71911754346957,5.8492198998634946,1.299348256360173,0,1,8,246.6461167772847,501.3347614132428,236.96308171068026,503.1674750830688,9318,244.75181579589844,503.3020324707031,239.5702667236328,503.2965087890625,0.8592051267623901,1,7.342758796821596,10.068691801279783,74,/yh/study/cvpr_data/Bearing_UAV_90K/citya/uav_254k_34bc_b15_s100/blk_4_10_s_003_v3d.jpg,235.00079345703125,503.4197692871094,597.4428600446424,1.978440687966497,3,6.537359281065755,6.537359281065755,1,6.537359281065755,89.92390559207746,-12.000000000000002,596.8669285001686,-9.566274746684147,246.37781144672678,501.37633754782246,11.559072264285785,13.64131405008961,1,0.0,0,0,0.18319696156753779,1.0,599.4774780273438,-3.657329797744751,0,0,6,18,1,82.34360886505887,260.7518005371094,511.3020324707031,245.40843200683594,514.467529296875,1,249.86383056640625,511.63568115234375,607.487060546875,-11.715543746948242,0.7996618151664734,0.011497706174850464,31.086231231689453,164.17820739746094,0,607.3726806640625,-11.686193466186523,16.891523439308394,32.09157943725586,165.1729278564453,0.18319696156753779,607.3726806640625,-11.686193466186523,602.3745117887901,-11.218549733270585,4.998168875272473,-0.46764373291593864,0.0,1,6.587531294295258,6.587440284933053,-0.034627240151166916,0.7578544020652771,-0.03379740193486214,0.0741770938038826,-0.027033407241106033,-0.3305755262586372,0.0,82.34301781357182,82.34301781357182,7.5808877785056366,0.7946567535400391,-0.05189982429146767,0.02790406513245548,1.0,597.9033130664421,-2.5694447656570394,3,3,4,76.30081211136496,0.5675549992167891,0.46045302179970804,5.779504879000478,239.5702667236328,503.2965087890625,8.268505573197235,6.537359281065755,1.7311462921314797,0,4.57113542618955,30.358169693499804
GT+smooth-jitter_controlled_forward3x6_SoftMS_local_prior_3frame_causal_heading_continuous_waypoint_RNN_polynomial_Kalman,1,controlled_gt_jitter,8.0,244.7877551866902,507.47385990896976,5.80246465934645,1.5038281706885253,0,1,8,247.26879332983233,504.90500994938986,237.3504355767581,506.18022737478515,9318,244.75181579589844,503.3020324707031,241.87155151367188,503.60662841796875,0.8307167291641235,1,5.5512173280503525,9.31300688534975,75,/yh/study/cvpr_data/Bearing_UAV_90K/citya/uav_254k_34bc_b15_s100/blk_5_10_s_088_v3d.jpg,238.98529052734375,505.97003173828125,600.4804115896878,-1.6483121412704886,3,4.730756332045234,4.730756332045234,1,4.730756332045234,32.62112338836057,-12.000000000000002,600.4804115896878,-9.871862262126466,247.1417017372424,504.9213502970086,8.223550120855974,13.460761299739124,1,0.0,0,0,0.36978311172808986,1.0,602.7119140625,-7.211633205413818,1,1,6,18,1,82.3434019850322,268.7518005371094,511.3020324707031,253.27545166015625,516.723388671875,1,259.6610107421875,514.1124267578125,611.1929321289062,-21.116899490356445,0.6848419308662415,0.05318649113178253,21.96050262451172,115.62529754638672,1,611.0775146484375,-21.087202072143555,22.139761403013342,22.96595573425293,116.61993408203125,0.36978311172808986,611.0775146484375,-21.087202072143555,607.0142187041923,-11.832004396477815,4.063295944245172,-9.25519767566574,0.0,1,4.642061997079971,4.6419362273943365,-0.03417082875967026,0.7578599452972412,-0.03442221134901047,0.07422974705696106,-0.027533389627933502,-0.3315394633856817,0.0,82.34205387644478,82.34205387644478,49.7209304880842,0.7946826815605164,-0.052788157016038895,0.03677886551294138,1.0,598.504364655522,-4.812394354114791,3,3,4,75.69976052228515,0.5709615390388162,1.976046934165879,3.972896386747993,241.87155151367188,503.60662841796875,2.3220865335077594,4.730756332045234,0.0,0,3.730439348878889,30.43782291933894
GT+smooth-jitter_controlled_forward3x6_SoftMS_local_prior_3frame_causal_heading_continuous_waypoint_RNN_polynomial_Kalman,1,controlled_gt_jitter,8.0,247.01559979194542,514.7418513846706,5.748174254836032,1.7065120292017826,0,1,8,248.1995294741044,512.1440688492836,238.28117172103015,513.4192862746788,9437,244.75181579589844,511.3020324707031,244.583251953125,511.322509765625,0.9795421361923218,1,3.708425870458089,9.691756218671799,76,/yh/study/cvpr_data/Bearing_UAV_90K/citya/uav_254k_34bc_b15_s100/blk_5_9_s_010_v3d.jpg,241.26742553710938,513.0353393554688,607.7790582811222,-3.0108349491160653,3,7.424736488811281,7.424736488811281,1,7.424736488811281,72.09924489387366,12.000000000000002,607.7790582811222,-10.0,248.1995294741044,512.1440688492836,6.989165050883932,12.064460440422183,1,0.0,0,0,0.5277303473251369,1.0,610.2046508789062,-8.494462013244629,1,1,6,18,1,82.34293014169052,268.7518005371094,519.3020629882812,252.48048400878906,525.7562255859375,1,261.20318603515625,523.8216552734375,621.01953125,-21.40834617614746,0.6767321228981018,0.13851264119148254,28.35486602783203,147.63760375976562,1,620.9065551757812,-21.380197525024414,22.57796837991552,29.360340118408203,148.6322021484375,0.5277303473251369,620.9065551757812,-21.380197525024414,615.1815751914104,-12.220755073086476,5.724979984370837,-9.159442451937938,0.0,1,7.414728682160317,7.414649305021125,-0.03430908918380737,0.7579261660575867,-0.03452128916978836,0.07485252618789673,-0.027612576261162758,-0.34001434076349235,0.0,82.33357899906696,82.33357899906696,10.234334105193296,0.795051634311676,-0.053046613931655884,0.0887645061920274,1.0,606.503052579439,-6.518013227199893,3,3,4,67.70107259836811,0.6162951666871613,1.2760057016831752,6.666810322753694,244.583251953125,511.322509765625,8.178517239967151,7.424736488811281,0.7537807511558707,0,3.732089230577336,31.01971186697483
GT+smooth-jitter_controlled_forward3x6_SoftMS_local_prior_3frame_causal_heading_continuous_waypoint_RNN_polynomial_Kalman,1,controlled_gt_jitter,8.0,243.18607037333595,518.136174297982,5.686421325484375,1.9071093565758372,0,1,8,248.54220307850326,514.8093079946082,238.62384532542902,516.0845254200034,9437,244.75181579589844,511.3020324707031,244.641357421875,515.6466064453125,0.8396802544593811,1,3.9896949172070126,9.782677050679922,77,/yh/study/cvpr_data/Bearing_UAV_90K/citya/uav_254k_34bc_b15_s100/blk_5_10_s_056_v3d.jpg,237.49964904785156,516.2290649414062,610.46623615036,1.1334500182038783,3,4.939233016499196,4.939233016499196,1,4.939233016499196,139.71398937786066,12.000000000000002,610.46623615036,-10.0,248.54220307850326,514.8093079946082,11.133450018203861,10.83935346886801,1,0.0,0,0,0.4853543379207056,1.0,613.0829467773438,-4.26334810256958,1,1,6,18,1,82.33965725377847,268.7518005371094,519.3020629882812,249.945556640625,527.4508666992188,1,257.4656982421875,524.3638916015625,621.0807495117188,-17.632225036621094,0.7398663759231567,0.31566286087036133,37.05803680419922,165.55014038085938,1,620.9671630859375,-17.603967666625977,21.4792990575137,38.06344223022461,166.5448455810547,0.4853543379207056,620.9671630859375,-17.603967666625977,617.6356850089239,-12.150834657569163,3.3314780770135872,-5.453133009056812,0.0,1,4.759193116489239,4.759068604718291,-0.034425798803567886,0.7578842043876648,-0.0353182777762413,0.07445796579122543,-0.028250405564904213,-0.3348202753843885,0.0,82.33877306444607,82.33877306444607,57.375216313414576,0.7948107719421387,-0.054089028388261795,0.10257125372646732,1.0,610.7992560728671,-6.024227966344029,3,3,4,63.40486910493996,0.6406444713887772,0.33301992250710555,4.181348812111532,244.641357421875,515.6466064453125,4.324487061003087,4.939233016499196,0.0,0,7.165420880818396,30.905449762940407
GT+smooth-jitter_controlled_forward3x6_SoftMS_local_prior_3frame_causal_heading_continuous_waypoint_RNN_polynomial_Kalman,1,controlled_gt_jitter,8.0,251.29917495961425,530.6087507244986,5.61729019398924,2.1053327557485453,0,1,8,250.22772877622785,527.9189523102439,240.3093710231536,529.1941697356391,9676,252.75181579589844,527.3020629882812,244.74794006347656,527.3245239257812,0.9968663454055786,2,5.511935181100304,9.844317100942135,78,/yh/study/cvpr_data/Bearing_UAV_90K/citya/uav_254k_34bc_b15_s100/blk_5_10_s_057_v3d.jpg,245.681884765625,528.50341796875,623.6837915582322,-5.416737202089887,3,14.75156681783566,14.75156681783566,1,14.75156681783566,56.312085772186805,-12.000000000000002,623.6837915582322,-10.0,250.22772877622785,527.9189523102439,4.583262797910109,11.440853215568188,1,0.0,0,0,0.18237918246689855,1.0,626.48828125,-10.719691276550293,1,1,6,18,1,82.33934778751212,252.75181579589844,551.3020629882812,256.3763427734375,541.9034423828125,1,259.89617919921875,541.4451293945312,638.3324584960938,-17.864633560180664,0.8331394791603088,0.01619473099708557,42.84899139404297,132.54840087890625,1,638.2158203125,-17.835124969482422,19.115339768264306,43.85443115234375,133.54306030273438,0.18237918246689855,638.2158203125,-17.835124969482422,629.1868770618001,-11.650925651070382,9.028943250699857,-6.184199318412039,0.0,0,14.0,14.321441472408807,-0.03491666167974472,0.7578710317611694,-0.03510148450732231,0.07433383166790009,-0.028077034279704094,-0.3408664335428779,0.0,82.33272690628758,82.33272690628758,26.020641134100774,0.7947314977645874,-0.05386897549033165,0.013143539270305215,1.0,622.3954240152655,-4.640752056969069,3,3,4,51.80870116254164,0.7063672955130272,1.2883675429667392,13.99369578607449,244.74794006347656,527.3245239257812,11.67840385241615,14.75156681783566,0.0,0,1.5040092656690445,30.853152740746737
GT+smooth-jitter_controlled_forward3x6_SoftMS_local_prior_3frame_causal_heading_continuous_waypoint_RNN_polynomial_Kalman,1,controlled_gt_jitter,8.0,242.0698989468187,541.9570263275003,5.5408767300218456,2.300898397812838,0,1,8,251.0099636525257,537.7942926022366,241.57113079206258,539.0078568271533,9795,252.75181579589844,535.3020629882812,244.75511169433594,536.390869140625,0.9143442511558533,2,6.41036429787514,10.791745968163013,79,/yh/study/cvpr_data/Bearing_UAV_90K/citya/uav_254k_34bc_b15_s100/blk_3_10_s_061_v3d.jpg,236.52902221679688,539.6561279296875,633.5782593076663,5.083612328566056,3,14.427675915078458,14.427675915078458,1,14.427675915078458,129.3752149592803,12.000000000000002,633.5782593076663,-10.0,251.48948854513682,537.7326394017581,15.083612328566039,10.945982352900428,1,0.0,0,0,0.4803011686751731,1.0,636.5669555664062,-0.1186128631234169,1,1,6,18,1,82.33703048575364,244.75181579589844,567.3020629882812,244.6681365966797,556.0032958984375,1,243.79461669921875,559.814453125,654.49853515625,0.4479605555534363,0.7920082807540894,0.12729507684707642,60.951416015625,70.63418579101562,1,654.3816528320312,0.4785442650318146,21.306990261399612,61.956748962402344,71.6289291381836,0.4803011686751731,654.3816528320312,0.4785442650318146,640.7199157353797,-7.857503071685964,13.66173709665154,8.33604733671778,0.0,0,14.0,14.023461841872182,-0.03501831740140915,0.7577255964279175,-0.034903980791568756,0.07296566665172577,-0.027918819338083267,-0.34303093649911076,0.0,82.33056240333134,82.33056240333134,47.04465255594896,0.7939016222953796,-0.05361742526292801,0.08118184365036375,1.0,631.3886640894989,-3.49170899676093,3,3,4,42.81546108830821,0.7573376797504737,2.1895952181673692,13.66995031865054,244.75511169433594,536.390869140625,9.066348051283347,14.427675915078458,0.0,0,8.850449878510627,31.98032034561038
GT+smooth-jitter_controlled_forward3x6_SoftMS_local_prior_3frame_causal_heading_continuous_waypoint_RNN_polynomial_Kalman,1,controlled_gt_jitter,8.0,242.71845762586884,555.1905479899491,5.457288192275074,2.4935265055740903,0,1,8,252.4558344283788,550.4787157937108,243.23245720523536,551.929284485164,10033,252.75181579589844,551.3020629882812,244.84521484375,551.3040771484375,0.9890762567520142,1,7.655243420545941,9.683987125754356,80,/yh/study/cvpr_data/Bearing_UAV_90K/citya/uav_254k_34bc_b15_s100/blk_4_11_s_018_v3d.jpg,237.26116943359375,552.697021484375,646.6060487660627,6.020439996521382,3,13.06142964042426,13.06142964042426,1,13.06142964042426,86.78665004444031,-12.000000000000002,646.3447745768566,-9.551483367300813,252.67264197628998,550.4521215943093,15.574115109716399,11.15768838747848,1,0.0,0,0,0.3052154362758037,1.0,649.775146484375,0.9256851673126221,1,1,6,18,1,82.33476665156975,252.75181579589844,575.3020629882812,245.7529754638672,568.6522827148438,1,248.26339721679688,570.282958984375,665.451416015625,-2.649373769760132,0.8283053636550903,0.057649046182632446,30.45384407043457,99.30914306640625,1,665.3370361328125,-2.619565010070801,20.627641024782196,31.459285736083984,100.30382537841797,0.3052154362758037,665.3370361328125,-2.619565010070801,652.5234594763735,-7.697877897445737,12.813576656438986,5.078312887374937,0.0,1,12.766563124070267,12.76651526919032,-0.03495543450117111,0.7578492164611816,-0.035246822983026505,0.07412820309400558,-0.02819337323307991,-0.33573133190621834,0.0,82.33786200792424,82.33786200792424,4.44878803651607,0.7946105003356934,-0.054000526666641235,0.036320077794570596,1.0,646.1916074268701,-1.6793182518069667,3,3,4,28.012517750937036,0.8412353299324933,0.41444133919264914,12.303580423963078,244.84521484375,551.3040771484375,14.91348019953147,13.06142964042426,1.8520505591072105,0,7.710903883873307,30.54474713280797
GT+smooth-jitter_controlled_forward3x6_SoftMS_local_prior_3frame_causal_heading_continuous_waypoint_RNN_polynomial_Kalman,1,controlled_gt_jitter,8.0,239.31380186291554,561.4829906579273,5.366643049438987,2.682941829802347,0,1,8,253.149950498348,556.3311184686415,243.9504801657519,557.5139075114039,10152,252.75181579589844,559.3020629882812,244.83421325683594,559.210205078125,0.9806060194969177,1,8.80003554394968,9.646066930145025,81,/yh/study/cvpr_data/Bearing_UAV_90K/citya/uav_254k_34bc_b15_s100/blk_3_10_s_030_v3d.jpg,233.94715881347656,558.800048828125,652.2366412142015,10.085662970943709,3,6.9447540740338445,6.9447540740338445,1,6.9447540740338445,118.50244440394465,12.000000000000002,652.2366412142015,-9.368170242766553,253.24216656169824,556.3192621176394,19.453833213710265,11.823171731882713,1,0.0,0,0,0.19202810222022854,1.0,655.58203125,5.1049675941467285,0,0,6,18,1,82.335850036966,236.75181579589844,575.3020629882812,241.89898681640625,573.244140625,1,241.24658203125,572.70361328125,666.95751953125,4.61884069442749,0.860722005367279,0.02014850080013275,31.009063720703125,102.65786743164062,0,666.8436279296875,4.647182941436768,15.586568767298557,32.01435470581055,103.65264892578125,0.19202810222022854,666.8436279296875,4.647182941436768,657.7927957764128,-7.701323874103176,9.050832153274701,12.348506815539944,0.0,0,6.860714595137961,6.860624726932604,-0.035115696489810944,0.7579286098480225,-0.034888856112957,0.07487612962722778,-0.02790689282119274,-0.3345727877486814,0.0,82.33902055208178,82.33902055208178,36.16342385186287,0.7950679063796997,-0.05348590388894081,0.012707245063580818,1.0,654.0317850101574,-0.6602032739862835,3,3,4,20.172340167649736,0.8856705791431657,1.7951437959558234,6.186825464185822,244.83421325683594,559.210205078125,7.9061355841839305,6.9447540740338445,0.961381510150086,0,10.894777767448273,30.593154951930046
GT+smooth-jitter_controlled_forward3x6_SoftMS_local_prior_3frame_causal_heading_continuous_waypoint_RNN_polynomial_Kalman,1,controlled_gt_jitter,8.0,245.41436496990784,568.7106709922282,5.26907078045471,2.868874117228233,0,1,8,254.86027542835947,563.949870715712,244.94191767528523,565.2250881411072,10271,252.75181579589844,567.3020629882812,248.80735778808594,567.0855102539062,0.8295141458511353,1,6.81689425423496,8.728527929633856,82,/yh/study/cvpr_data/Bearing_UAV_90K/citya/uav_254k_34bc_b15_s100/blk_5_11_s_008_v3d.jpg,240.14529418945312,565.841796875,660.0112958714337,4.8361065463134265,3,9.380996625870836,9.380996625870836,1,9.380996625870836,48.6458169748871,-12.000000000000002,660.0112958714337,-9.310186046055549,254.1760932705311,564.037836993147,14.146292592368992,8.255186170032992,1,0.0,0,0,0.5373003295871818,1.0,663.5286865234375,-0.024102529510855675,0,0,6,18,1,82.3369597292627,252.75181579589844,575.3020629882812,253.9688720703125,575.8114013671875,1,257.0924072265625,573.7957763671875,670.0614624023438,-10.958341598510742,0.7238636612892151,0.1375293880701065,23.712646484375,66.36614990234375,0,669.9470825195312,-10.929004669189453,18.63487558192128,24.718122482299805,67.36078643798828,0.5373003295871818,669.9470825195312,-10.929004669189453,667.4664476841632,-10.929004669189453,2.4806348353680185,0.0,0.0,1,9.252555432264144,9.252489268379744,-0.034990936517715454,0.7578721642494202,-0.035401009023189545,0.07434438169002533,-0.028316853567957878,-0.33649308476165984,0.0,82.33710025506879,82.33710025506879,33.6912832801817,0.7947396039962769,-0.054227784276008606,0.20652983479501977,1.0,662.3494567389473,-3.5966375215009347,3,3,4,11.85466843885979,0.9328120899310345,2.3381608675135794,8.623124461621416,248.80735778808594,567.0855102539062,8.820788461236825,9.380996625870836,0.0,0,8.750895311659832,29.093774035573006
GT+smooth-jitter_controlled_forward3x6_SoftMS_local_prior_3frame_causal_heading_continuous_waypoint_RNN_polynomial_Kalman,1,controlled_gt_jitter,8.0,252.20470494057594,570.5491664795029,5.1647116544431295,3.051058569346689,0,1,8,254.71597167145555,566.5111964034719,245.26352911455032,567.7265104465025,10271,252.75181579589844,567.3020629882812,248.39344787597656,567.3034057617188,0.849876880645752,1,6.371962241860186,9.262676816433668,83,/yh/study/cvpr_data/Bearing_UAV_90K/citya/uav_254k_34bc_b15_s100/blk_4_11_s_031_v3d.jpg,247.0399932861328,567.4981079101562,662.5333084542325,-1.7910870083627057,3,7.090856216208031,7.090856216208031,1,7.090856216208031,13.50817307707239,-12.000000000000002,662.5333084542325,-10.0,255.18188686762457,566.4512930211073,8.208912991637277,7.665152789151017,1,0.0,0,0,0.4643799610196286,1.0,666.2180786132812,-6.524556636810303,0,0,6,18,1,82.33700890128864,252.75181579589844,575.3020629882812,254.58505249023438,580.9796752929688,1,255.1844024658203,579.0301513671875,675.3036499023438,-8.365018844604492,0.8245465159416199,0.15747883915901184,27.40757179260254,99.45416259765625,0,675.1884765625,-8.33434009552002,14.260733855220433,28.412946701049805,100.44889831542969,0.4643799610196286,675.1884765625,-8.33434009552002,669.5873982398405,-8.33434009552002,5.6010783226595455,0.0,0.0,0,6.725440928318017,6.725348725535289,-0.035216476768255234,0.7578588128089905,-0.03509380295872688,0.07421864569187164,-0.028070900589227676,-0.3428334213021358,0.0,82.33075991852832,82.33075991852832,68.82258684145593,0.7946599721908569,-0.053885094821453094,0.18124311581391353,1.0,662.512790785628,-3.158320448068733,3,3,4,11.691334392179101,0.9337378073643123,0.020517668604497885,6.33299740339904,248.39344787597656,567.3034057617188,0.4677604810875517,7.090856216208031,0.0,0,1.367387382337314,30.052264221012592
GT+smooth-jitter_controlled_forward3x6_SoftMS_local_prior_3frame_causal_heading_continuous_waypoint_RNN_polynomial_Kalman,1,controlled_gt_jitter,8.0,259.7219446401613,572.9563481075206,5.053716490747235,3.229236291114407,0,1,8,255.20156326851026,569.6585401582367,245.6695037150047,570.8840906722589,10271,252.75181579589844,567.3020629882812,251.2791748046875,568.571533203125,0.8135420083999634,1,4.070223013741526,8.496541064232588,84,/yh/study/cvpr_data/Bearing_UAV_90K/citya/uav_254k_34bc_b15_s100/blk_4_10_s_084_v3d.jpg,254.66822814941406,569.7271118164062,665.7168800740177,-9.072796785960001,3,7.947227538170608,7.947227538170608,1,7.947227538170608,16.288595756188382,2.7804226791159916,665.7168800740177,-9.565398664512681,255.15680831554627,569.664294366475,0.4926018785526906,8.349626449148396,1,0.0,0,0,0.16542042301273996,1.0,669.564208984375,-13.673456192016602,1,1,6,18,1,82.33482174665036,284.7518005371094,575.3020629882812,266.4248352050781,581.431640625,1,269.5168151855469,578.934326171875,677.533935546875,-22.523168563842773,0.8106024265289307,0.0024657398462295532,31.67812728881836,128.59613037109375,1,677.419677734375,-22.49519157409668,17.86627541003826,32.68352127075195,129.5908203125,0.16542042301273996,677.419677734375,-22.49519157409668,671.1266924005878,-11.188342362483702,6.292985333787235,-11.306849211612978,0.0,0,7.566216707843185,7.566135064699775,-0.03514900803565979,0.7579439878463745,-0.03541604429483414,0.0750202089548111,-0.028328297659754753,-0.3369090059295166,0.0,82.33668433390093,82.33668433390093,66.04808857771255,0.7951487898826599,-0.05425671488046646,0.012404261846235779,1.0,664.1385578761062,-5.858773832641917,3,3,4,10.065567301700867,0.9429520585794768,1.5783221979114614,7.189283550324234,251.2791748046875,568.571533203125,3.1520734627757365,7.947227538170608,0.0,0,3.5806486151080668,29.755142983049154
GT+smooth-jitter_controlled_forward3x6_SoftMS_local_prior_3frame_causal_heading_continuous_waypoint_RNN_polynomial_Kalman,1,controlled_gt_jitter,8.0,251.93948126285224,593.0946830489584,4.936246399570985,3.4031547286458714,0,1,8,257.46220168134533,583.4297529597137,248.42135213464394,589.4584131524173,10510,260.7518005371094,583.3020629882812,252.74746704101562,584.8814697265625,0.8920735716819763,1,4.933173856643896,9.151302743703127,85,/yh/study/cvpr_data/Bearing_UAV_90K/citya/uav_254k_34bc_b15_s100/blk_5_10_s_009_v3d.jpg,247.00323486328125,589.6915283203125,684.4968021192718,1.437149705785718,4,20.0,21.385276440062807,1,20.0,111.0034312582642,12.000000000000002,684.4968021192718,-9.645817892251724,257.9705174537683,588.0963395426165,11.08268535401451,8.408320646557717,1,0.0,0,0,0.4972223944474988,1.0,688.6555786132812,-2.881711006164551,0,0,6,18,1,81.54408455122197,276.7518005371094,599.3020629882812,262.09246826171875,601.0517578125,1,268.4480895996094,599.0540771484375,697.2138671875,-18.205039978027344,0.7576161026954651,0.21951237320899963,24.6990966796875,111.80328369140625,0,697.0999145507812,-18.176334381103516,23.31578967182381,25.704580307006836,112.79790496826172,0.4972223944474988,697.0999145507812,-18.176334381103516,691.7315252887331,-11.816234843090097,5.368389262048186,-6.360099538013419,0.0,1,14.0,20.424454324857784,-0.03529587760567665,0.7580751180648804,-0.035700682550668716,0.07625370472669601,-0.028556441888213158,-0.33768516621523864,0.0,81.97592908248397,81.97592908248397,29.027502175780235,0.7958935499191284,-0.05467059835791588,0.1180199515360981,1.0,680.6821963774681,-5.011233814262215,4,4,5,178.47124618215577,0.03502619685958311,3.814605741803689,19.24192488193512,252.74746704101562,584.8814697265625,16.375894219547888,21.385276440062807,0.0,0,7.492187063002847,29.946701135486364
GT+smooth-jitter_controlled_forward3x6_SoftMS_local_prior_3frame_causal_heading_continuous_waypoint_RNN_polynomial_Kalman,1,controlled_gt_jitter,8.0,254.59637753303437,600.4286471966018,4.812472503737484,3.5725680950393346,0,1,8,258.68928537241834,590.9952754163315,249.64126132307464,596.8795273820374,10629,260.7518005371094,591.3020629882812,252.75462341308594,594.161376953125,0.8573406338691711,1,6.726396621730912,10.507297236472368,86,/yh/study/cvpr_data/Bearing_UAV_90K/citya/uav_254k_34bc_b15_s100/blk_4_11_s_024_v3d.jpg,249.78390502929688,596.8560791015625,692.0175145082073,-0.14455811558692702,4,7.685240039795722,7.685240039795722,1,7.685240039795722,68.78801647541711,-12.000000000000002,687.534233469838,-9.93909160993769,258.7440393898863,590.9870404207772,10.711191474171732,9.19688066666203,1,0.0,0,0,0.134787334115919,1.0,696.3233642578125,-4.3138041496276855,0,0,6,18,1,81.1650193103915,260.7518005371094,607.3020629882812,255.48374938964844,611.376708984375,1,254.40650939941406,610.3978271484375,706.1297607421875,-2.5093836784362793,0.9468720555305481,0.026618458330631256,39.57280349731445,175.87359619140625,0,706.0147705078125,-2.479158878326416,14.190614371473472,40.57807540893555,176.86842346191406,0.134787334115919,706.0147705078125,-2.479158878326416,692.7755638074756,-8.366692508646423,13.239206700336945,5.887533630320006,0.0,1,7.82050149459415,7.820420836612064,-0.03551851958036423,0.7577075958251953,-0.034384872764348984,0.07279588282108307,-0.02750360779464245,-0.3400812285925909,0.0,80.88666822505174,80.88666822505174,12.09865174963462,0.7938057780265808,-0.05284924432635307,0.012173190468536672,1.0,689.8403689189381,-3.5130332108936426,4,4,5,169.3130736406858,0.08454339795615964,2.17714558926923,6.927532443970526,252.75462341308594,594.161376953125,9.279909985946421,7.685240039795722,1.5946699461506997,0,4.010808819250299,30.94311337918043
GT+smooth-jitter_controlled_forward3x6_SoftMS_local_prior_3frame_causal_heading_continuous_waypoint_RNN_polynomial_Kalman,1,controlled_gt_jitter,8.0,247.9534191479901,607.1987245998939,4.682575642130741,3.737237783487691,0,1,8,260.0537921932216,600.0359682753348,250.52714772885358,602.2686696838592,10748,260.7518005371094,599.3020629882812,252.7742919921875,599.3685913085938,0.9898854494094849,1,7.310028398890958,9.63536137714982,87,/yh/study/cvpr_data/Bearing_UAV_90K/citya/uav_254k_34bc_b15_s100/blk_5_10_s_050_v3d.jpg,243.27084350585938,603.4614868164062,697.4789840424288,7.353690480863414,4,9.276388385972169,9.276388385972169,1,9.276388385972169,134.59667858100772,12.000000000000002,696.8185662459287,-9.91861601388565,260.20782716224176,600.0114310038501,17.284799694712003,9.776754332988201,1,0.0,0,0,0.2829043513239351,1.0,701.92626953125,3.33933162689209,0,0,6,18,1,80.34560090020348,268.7518005371094,607.3020629882812,253.0916748046875,617.6134033203125,1,256.471435546875,615.1246948242188,711.1289672851562,-3.7802343368530273,0.8964699506759644,0.07284043729305267,40.86166763305664,155.87322998046875,0,711.015625,-3.7514002323150635,17.50896022504234,41.866966247558594,156.86807250976562,0.2829043513239351,711.015625,-3.7514002323150635,702.8745401782103,-8.101823834201157,8.141084821789708,4.350423601886094,0.0,1,9.28434289142639,9.284277315094396,-0.03489501401782036,0.757731556892395,-0.034951068460941315,0.0730212852358818,-0.02795661799609661,-0.32989146680500453,0.0,80.43399385950305,80.43399385950305,54.162684721504675,0.7939473390579224,-0.053501542657613754,0.03430333012408873,1.0,694.9818135628402,-2.6877967778067586,4,4,5,164.17162899678368,0.11234260649980568,2.49717047958859,8.518656829079774,252.7742919921875,599.3685913085938,5.20725150120519,9.276388385972169,0.0,0,10.34733428329075,29.26538698375225
GT+smooth-jitter_controlled_forward3x6_SoftMS_local_prior_3frame_causal_heading_continuous_waypoint_RNN_polynomial_Kalman,1,controlled_gt_jitter,8.0,256.1339195173369,615.1607877473276,4.54674605542284,3.896932766858841,0,1,8,261.5593648938947,609.6245906354857,251.99479363153776,611.1968489251882,10867,260.7518005371094,607.3020629882812,253.23162841796875,608.1487426757812,0.887062132358551,1,8.457500931872941,9.271273855119944,88,/yh/study/cvpr_data/Bearing_UAV_90K/citya/uav_254k_34bc_b15_s100/blk_4_12_s_087_v3d.jpg,251.58717346191406,611.2638549804688,706.526987637751,0.41309080615323385,4,11.403433382343609,11.403433382343609,1,11.403433382343609,43.17368206178991,-12.000000000000002,706.526987637751,-9.797566687333545,261.66260936479097,609.6076189416398,10.210657493486737,10.53984788452561,1,0.0,0,0,0.20970989951098545,1.0,711.1098022460938,-3.441333532333374,0,0,6,18,1,80.32937972810612,260.7518005371094,623.3020629882812,258.0423889160156,626.7324829101562,1,258.1043701171875,625.2691040039062,721.4038696289062,-3.746053695678711,0.9267218708992004,0.047440409660339355,49.87392807006836,123.34571075439453,0,721.2908935546875,-3.7152395248413086,15.330232524197516,50.87907409667969,124.34066772460938,0.20970989951098545,721.2908935546875,-3.7152395248413086,712.1803920850614,-8.101545353140418,9.11050146962613,4.386305828299109,0.0,0,11.241212968247956,11.241158711756121,-0.03492584452033043,0.7574893236160278,-0.033755045384168625,0.07074138522148132,-0.027000000700354576,-0.3345155315535296,0.0,80.33048600530825,80.33048600530825,37.156803943518334,0.7925705909729004,-0.05188324674963951,0.018225223552088495,1.0,703.7198707785304,-1.7148781109101938,4,4,5,155.43357178109346,0.15958829163878363,2.807116859220514,10.645944058727581,253.23162841796875,608.1487426757812,8.792054062451555,11.403433382343609,0.0,0,3.5225213659122483,28.803823050111532
GT+smooth-jitter_controlled_forward3x6_SoftMS_local_prior_3frame_causal_heading_continuous_waypoint_RNN_polynomial_Kalman,1,controlled_gt_jitter,8.0,246.764390208048,619.4608538110821,4.405183054727697,4.051429982957047,0,1,8,261.92880233215993,612.1925040726993,252.41553018591551,613.7563296309861,10986,260.7518005371094,615.3020629882812,253.68727111816406,615.1917724609375,0.9131913185119629,1,8.770316277988677,10.182528756558895,89,/yh/study/cvpr_data/Bearing_UAV_90K/citya/uav_254k_34bc_b15_s100/blk_4_12_s_072_v3d.jpg,242.3592071533203,615.409423828125,709.1208189220756,10.191288110956291,4,10.116377971546898,10.116377971546898,1,10.116377971546898,155.80849100385578,12.000000000000002,709.1208189220756,-9.72721848296128,262.0139293488365,612.178510590506,19.91850659391757,11.396092453953235,1,0.0,0,0,0.19257312694545328,1.0,713.8331298828125,6.501612186431885,0,0,6,18,1,80.3297669144547,260.7518005371094,623.3020629882812,250.0973358154297,629.5181884765625,1,251.63377380371094,628.4669799804688,723.5098266601562,3.1575679779052734,0.9382346272468567,0.044461749494075775,46.11215591430664,138.04867553710938,0,723.3990478515625,3.1848742961883545,15.904642589715907,47.117347717285156,139.04359436035156,0.19257312694545328,723.3990478515625,3.1848742961883545,714.6799711202756,-8.059472823501283,8.719076731286894,11.244347119689637,0.0,0,9.514635996820406,9.51457423656912,-0.0342819020152092,0.7577213644981384,-0.034406837075948715,0.07292533665895462,-0.027521058917045593,-0.330138073986639,0.0,80.33486346287513,80.33486346287513,75.47362754098063,0.7938932776451111,-0.05274262651801109,0.012774500705753922,1.0,710.7435366951509,-1.022060734869217,4,4,5,148.40990586447305,0.19756445730432368,1.6227177730752373,9.35865660704876,253.68727111816406,615.1917724609375,7.057753100303196,10.116377971546898,0.0,0,11.330154690436936,30.244743917137384
GT+smooth-jitter_controlled_forward3x6_SoftMS_local_prior_3frame_causal_heading_continuous_waypoint_RNN_polynomial_Kalman,1,controlled_gt_jitter,8.0,259.76180255959906,627.7525776929917,4.258094673856861,4.200514704710538,0,1,8,263.514607455847,622.2352027849763,254.06467325366,623.7886166264317,11105,260.7518005371094,623.3020629882812,260.2474365234375,623.30126953125,0.9520407915115356,1,3.436699609958969,8.976233191788197,90,/yh/study/cvpr_data/Bearing_UAV_90K/citya/uav_254k_34bc_b15_s100/blk_4_11_s_048_v3d.jpg,255.5037078857422,623.5520629882812,719.2877484102189,-1.4583477966706413,4,15.462227265085366,15.462227265085366,1,15.462227265085366,31.777020823811874,-12.000000000000002,719.2877484102189,-9.67529960236583,263.6118411071455,622.2192191710642,8.216951805695206,12.232360595497497,1,0.0,0,0,0.18374609697907518,1.0,724.1233520507812,-4.978700637817383,0,0,6,18,1,80.33155071440598,252.75181579589844,639.3020629882812,259.9627685546875,637.75634765625,1,257.65570068359375,637.221923828125,733.1256713867188,-1.3644996881484985,0.8951424956321716,0.02675090730190277,31.399057388305664,117.36270141601562,0,733.0118408203125,-1.3368985652923584,13.724629772660139,32.40422821044922,118.35762023925781,0.18374609697907518,733.0118408203125,-1.3368985652923584,724.7983519436038,-8.022118542350357,8.213488876708677,6.685219977057999,0.0,0,14.0,14.975249083878538,-0.034350618720054626,0.7577184438705444,-0.03444656729698181,0.07289765030145645,-0.0275528933852911,-0.32296071910771923,0.0,80.34204081775405,80.34204081775405,48.56501999394219,0.7938828468322754,-0.05269872769713402,0.01244773524121697,1.0,719.8097403515212,-6.179934728984404,4,4,5,139.34370220810268,0.24658439306139232,0.5219919413023035,14.704508821214821,260.2474365234375,623.30126953125,10.430710085030329,15.462227265085366,0.0,0,4.750353539072678,29.034972190856934
GT+smooth-jitter_controlled_forward3x6_SoftMS_local_prior_3frame_causal_heading_continuous_waypoint_RNN_polynomial_Kalman,1,controlled_gt_jitter,8.0,258.55879178831066,641.1476307969054,4.1056973058888095,4.343980894561656,0,1,8,265.2757159680631,635.0245888362109,256.1580592954361,636.5233817139031,11225,268.7518005371094,631.3020629882812,260.7327880859375,638.20068359375,0.9137120842933655,1,5.543083226063029,9.941042866557837,91,/yh/study/cvpr_data/Bearing_UAV_90K/citya/uav_254k_34bc_b15_s100/blk_4_12_s_073_v3d.jpg,254.45309448242188,636.8036499023438,732.1934257249894,1.727847004531483,4,13.293169082810493,13.293169082810493,1,13.293169082810493,94.53304685690391,12.000000000000002,732.1934257249894,-9.611164377470445,265.6419412784512,634.9643874153253,11.33901138200193,12.132309657203638,1,0.0,0,0,0.46478639591086696,1.0,737.1458740234375,-1.6188554763793945,0,0,6,18,1,80.33522226124998,252.75181579589844,655.3020629882812,256.62115478515625,652.9343872070312,1,254.36898803710938,652.7947387695312,747.9591064453125,4.404699802398682,0.8200228214263916,0.19450560212135315,34.10091781616211,97.74411010742188,0,747.8439331054688,4.433869361877441,15.882724522728857,35.10625457763672,98.73885345458984,0.46478639591086696,747.8439331054688,4.433869361877441,739.2497509024992,-7.494266824217514,8.594182202969558,11.928136186094957,0.0,1,12.979761150067928,12.979715556185655,-0.03440339118242264,0.7577928900718689,-0.03494218364357948,0.07359860837459564,-0.027949390932917595,-0.3310630310106468,0.0,80.33393850585114,80.33393850585114,14.199108351052773,0.7942963242530823,-0.053507305681705475,0.0571382546369052,1.0,734.5905659959742,-4.24207539112677,4,4,5,124.5628765636497,0.3265026423076918,2.397140270984778,12.535376192738624,260.7327880859375,638.20068359375,14.907317181338966,13.293169082810493,1.6141480985284726,0,6.433214973009936,30.220010317862034
GT+smooth-jitter_controlled_forward3x6_SoftMS_local_prior_3frame_causal_heading_continuous_waypoint_RNN_polynomial_Kalman,1,controlled_gt_jitter,8.0,259.05873473397406,646.9243805658097,3.9482153247943863,4.481631542372118,0,1,8,265.87182234003814,640.6701043293141,257.07794236131065,642.1193370313064,11344,268.7518005371094,639.3020629882812,260.7489013671875,639.377197265625,0.9911504983901978,1,5.283552589821554,9.56329982727766,92,/yh/study/cvpr_data/Bearing_UAV_90K/citya/uav_254k_34bc_b15_s100/blk_4_11_s_011_v3d.jpg,255.1105194091797,642.4427490234375,737.8644838951423,1.9938275725914527,4,5.677292174253745,5.677292174253745,1,5.677292174253745,83.35028599074538,-11.182760866158524,737.8644838951423,-9.274723714379249,266.2298392260061,640.6149156288907,11.268551286970709,11.796399594736336,1,0.0,0,0,0.4317098881113387,1.0,742.9271850585938,-1.1751506328582764,1,1,6,18,1,80.33477293618822,252.75181579589844,655.3020629882812,261.1169738769531,657.8536987304688,1,258.9743347167969,656.6887817382812,752.548583984375,0.49198201298713684,0.8552725315093994,0.2317284643650055,42.789955139160156,126.37525939941406,1,752.4324340820312,0.5201699137687683,14.642296252401254,43.79532241821289,127.3699951171875,0.4317098881113387,752.4324340820312,0.5201699137687683,744.7388882797546,-7.21240239899554,7.69354580227663,7.732572312764308,0.0,1,5.6768995049742434,5.676793453925672,-0.03469972684979439,0.7579283118247986,-0.036264970898628235,0.07487206906080246,-0.029007798060774803,-0.3251886947984656,0.0,80.33981284206331,80.33981284206331,3.0104731486820677,0.7950633764266968,-0.05528221279382706,0.0631969973365458,1.0,735.7541125643048,-4.067136998348941,4,4,5,123.39932999531908,0.3327938067456148,2.110371330837438,4.919363862428947,260.7489013671875,639.377197265625,1.176624008739171,5.677292174253745,0.0,0,6.417862470029669,30.078044161200523
GT+smooth-jitter_controlled_forward3x6_SoftMS_local_prior_3frame_causal_heading_continuous_waypoint_RNN_polynomial_Kalman,1,controlled_gt_jitter,8.0,266.4922710737538,650.7116066229086,3.7858806928944055,4.61327898618986,0,1,8,266.18684641904827,645.5261978770164,257.86290349508664,646.8945172617773,11463,268.7518005371094,647.3020629882812,260.75189208984375,647.2916259765625,0.9984207153320312,1,5.714496035102807,8.09945398941636,93,/yh/study/cvpr_data/Bearing_UAV_90K/citya/uav_254k_34bc_b15_s100/blk_4_11_s_068_v3d.jpg,262.7063903808594,646.0983276367188,742.7037514239134,-4.90849092203534,4,8.42973966479899,8.42973966479899,1,8.42973966479899,25.69958835374907,-12.000000000000002,742.7037514239134,-8.948056751183755,266.6924595064763,645.4430833968913,4.039565829148437,11.291206528410436,1,0.0,0,0,0.4829970645221247,1.0,747.8700561523438,-7.895930290222168,0,0,6,18,1,80.33653691258264,252.75181579589844,655.3020629882812,263.8499450683594,660.8460693359375,1,258.2105407714844,659.4996337890625,755.1983032226562,1.7015995979309082,0.7690466046333313,0.29286256432533264,39.33745193481445,118.38595581054688,0,755.0840454101562,1.7294888496398926,14.047578248045868,40.342689514160156,119.38082885742188,0.4829970645221247,755.0840454101562,1.7294888496398926,749.8602352787851,-6.801111594722249,5.223810131371118,8.530600444362141,0.0,0,8.142868732457556,8.142791083954878,-0.03556061163544655,0.7579469680786133,-0.03525492176413536,0.07504891604185104,-0.02819965034723282,-0.3306402529731936,0.0,80.33436128388858,80.33436128388858,54.63477293013951,0.7951734066009521,-0.05394437909126282,0.07969203947356304,1.0,743.5642141741623,-2.786315539817596,4,4,5,115.58922838546158,0.3750221410829296,0.8604627502488711,7.671792696720377,260.75189208984375,647.2916259765625,7.914429276008082,8.42973966479899,0.0,0,2.289983514669232,29.09880969673395
GT+smooth-jitter_controlled_forward3x6_SoftMS_local_prior_3frame_causal_heading_continuous_waypoint_RNN_polynomial_Kalman,1,controlled_gt_jitter,8.0,258.87619573854636,659.3208985355761,3.6189325549526026,4.738745215263654,0,1,8,267.29209244966586,652.6038252217802,259.0248177984709,653.9628292740314,11582,268.7518005371094,655.3020629882812,260.7688903808594,655.23388671875,0.9904075860977173,1,7.03344785352989,9.384428150951862,94,/yh/study/cvpr_data/Bearing_UAV_90K/citya/uav_254k_34bc_b15_s100/blk_4_12_s_041_v3d.jpg,255.25726318359375,654.5821533203125,749.8669266661495,3.8181186532616183,4,11.290030745336674,11.290030745336674,1,11.290030745336674,131.28438446762974,12.000000000000002,749.8669266661495,-8.471050354227698,267.3836844952049,652.5887689951162,12.289169007489269,12.012547285013756,1,0.0,0,0,0.15884309452100767,1.0,755.1299438476562,1.015768051147461,0,0,6,18,1,80.3357754532119,252.75181579589844,671.3020629882812,260.54119873046875,670.1842041015625,1,257.7208557128906,669.9476318359375,765.4285278320312,3.8795340061187744,0.8884711265563965,0.015973970293998718,42.36856460571289,110.86036682128906,0,765.3104858398438,3.9091947078704834,15.44382772498826,43.37392044067383,111.8551025390625,0.15884309452100767,765.3104858398438,3.9091947078704834,755.2405636860151,-6.858959248268035,10.069922153828669,10.76815395613852,0.0,0,10.95993945098079,10.959882305088627,-0.035392481833696365,0.7578518390655518,-0.035167574882507324,0.07415325194597244,-0.028129644691944122,-0.3266206066053618,0.0,80.33838093025642,80.33838093025642,50.94600353737332,0.7946348786354065,-0.053763143718242645,0.011863375991376462,1.0,751.40405135067,-1.5148016057067264,4,4,5,107.74939120895391,0.41741125225938663,1.5371246845204496,10.532178906271122,260.7688903808594,655.23388671875,7.9422789323210115,11.290030745336674,0.0,0,5.550026196719887,30.472252052277327
GT+smooth-jitter_controlled_forward3x6_SoftMS_local_prior_3frame_causal_heading_continuous_waypoint_RNN_polynomial_Kalman,1,controlled_gt_jitter,8.0,265.85588097989256,669.9751106898851,3.447616819736316,4.857862154728847,0,1,8,268.74563099963206,664.0754896026397,260.89919885983176,665.3653140639767,11701,268.7518005371094,663.3020629882812,261.30706787109375,663.326171875,0.9463353157043457,1,7.476208830296587,7.967880927026272,95,/yh/study/cvpr_data/Bearing_UAV_90K/citya/uav_254k_34bc_b15_s100/blk_5_12_s_005_v3d.jpg,262.40826416015625,665.1172485351562,761.4224432598862,-1.5293183407101445,4,12.732833390593843,12.732833390593843,1,12.732833390593843,55.83216449044991,-12.000000000000002,761.4224432598862,-8.41349784300221,269.2012752236933,664.000589182246,6.884179502292098,11.452261796263329,1,0.0,0,0,0.4059557616921132,1.0,766.7752075195312,-4.143300533294678,1,1,6,18,1,80.33668736350737,252.75181579589844,679.3020629882812,267.77423095703125,680.5711669921875,1,264.4664611816406,679.628662109375,776.0755615234375,-1.2064112424850464,0.8884308338165283,0.1333768367767334,35.279720306396484,158.8106231689453,1,775.9602661132812,-1.1789706945419312,14.54204376247945,36.28494644165039,159.8054962158203,0.4059557616921132,775.9602661132812,-1.1789706945419312,768.1551999491928,-6.393670836210223,7.805066164088405,5.214700141668292,0.0,1,12.464256617612332,12.464206719346336,-0.03526878356933594,0.7580395936965942,-0.03523440286517143,0.07591982185840607,-0.02818314917385578,-0.3291314214968555,0.0,80.33587011536493,80.33587011536493,24.50370562491501,0.7957030534744263,-0.05389769747853279,0.06898916249561142,1.0,759.4764648467441,-0.7332298499088223,4,4,5,99.67697771287982,0.4610578772394025,1.945978413142143,11.974793796897249,261.30706787109375,663.326171875,8.110161161226024,12.732833390593843,0.0,0,2.1025196478514743,28.68106309324503
GT+smooth-jitter_controlled_forward3x6_SoftMS_local_prior_3frame_causal_heading_continuous_waypoint_RNN_polynomial_Kalman,1,controlled_gt_jitter,8.0,270.98751776115114,677.6958747634607,3.2721857299011132,4.970471931429369,0,1,8,270.11560476381675,672.3308374513354,262.25658255022097,673.6227315138442,11820,268.7518005371094,671.3020629882812,266.1470642089844,671.38671875,0.8541251420974731,1,4.07929825552881,9.786749724298716,96,/yh/study/cvpr_data/Bearing_UAV_90K/citya/uav_254k_34bc_b15_s100/blk_5_12_s_002_v3d.jpg,267.71533203125,672.7254028320312,769.7906828253092,-5.532010905614602,4,9.27625900853642,9.27625900853642,1,9.27625900853642,55.102300263891806,-0.7298642265581063,769.7906828253092,-7.986988329550917,270.1377977435372,672.3271892902853,2.4549774239363016,11.790227589215268,1,0.0,0,0,0.1334612976471901,1.0,775.22607421875,-7.95461893081665,1,1,6,18,1,80.33640132265545,292.7518005371094,679.3020629882812,272.39483642578125,687.33447265625,1,272.063232421875,685.0897216796875,782.696533203125,-7.8167572021484375,0.8930531144142151,0.017099618911743164,36.732749938964844,210.9947509765625,1,782.5811157226562,-7.7888712882995605,12.988017265482343,37.738067626953125,211.9895477294922,0.1334612976471901,782.5811157226562,-7.7888712882995605,775.0247199623687,-7.7888712882995605,7.556395760287499,0.0,0.0,0,9.203684956385171,9.203617453087345,-0.035249873995780945,0.7579752206802368,-0.0361095629632473,0.07531414926052094,-0.02888338826596737,-0.33328783173064624,0.0,80.33171370513114,80.33171370513114,25.229413441239327,0.7953248023986816,-0.05517854541540146,0.01989865837578825,1.0,768.2153437877653,-4.201655332608712,4,4,5,90.93809877185862,0.5083080053541243,1.5753390375439267,8.518283787856182,266.1470642089844,671.38671875,9.402020020977774,9.27625900853642,0.1257610124413553,0,2.0619260495560012,30.016645789146423
GT+smooth-jitter_controlled_forward3x6_SoftMS_local_prior_3frame_causal_heading_continuous_waypoint_RNN_polynomial_Kalman,1,controlled_gt_jitter,8.0,264.22354317303456,682.7624622766303,3.0928974210814357,5.076427120380348,0,1,8,270.6723487755984,676.1175360290754,262.87732420777564,677.3989099306353,11939,268.7518005371094,679.3020629882812,267.99163818359375,679.1712036132812,0.921067476272583,1,4.063384672033343,8.331889752298594,97,/yh/study/cvpr_data/Bearing_UAV_90K/citya/uav_254k_34bc_b15_s100/blk_5_12_s_032_v3d.jpg,261.1306457519531,677.68603515625,773.6175410198159,1.7701204826843868,4,8.244147406059916,8.244147406059916,1,8.244147406059916,143.00713056451207,12.000000000000002,773.6175410198159,-8.000220202429684,270.7715960418763,676.1012214099612,9.770340685114094,12.47723348523564,1,0.0,0,0,0.16300688101714375,1.0,779.12841796875,-0.458387166261673,0,0,6,18,1,80.33476066319204,252.75181579589844,695.3020629882812,265.78466796875,691.7286987304688,1,264.25433349609375,690.6561279296875,786.9225463867188,0.7916349768638611,0.8963491916656494,0.02443787455558777,38.7985954284668,154.1778564453125,0,786.8047485351562,0.8207892775535583,13.221333964078005,39.80403518676758,155.1725311279297,0.16300688101714375,786.8047485351562,0.8207892775535583,779.0140788654102,-6.381258848751397,7.790669669746041,7.202048126304955,0.0,0,7.890845129804488,7.89076426913566,-0.035722702741622925,0.7579547166824341,-0.03471184894442558,0.07512125372886658,-0.027765177190303802,-0.33213003462504975,0.0,80.33287150223673,80.33287150223673,62.674259062275354,0.7952203154563904,-0.053205009549856186,0.011906913211501865,1.0,776.195939378394,-4.759106454501372,4,4,5,82.95750318122992,0.5514581813245132,2.578398358578056,7.486192689377482,267.99163818359375,679.1712036132812,8.000041108298202,8.244147406059916,0.0,0,7.019896188177609,28.72615121304989
GT+smooth-jitter_controlled_forward3x6_SoftMS_local_prior_3frame_causal_heading_continuous_waypoint_RNN_polynomial_Kalman,1,controlled_gt_jitter,8.0,263.96290243397925,696.812004545639,2.910015471088625,5.175590971420185,0,1,8,272.7115724745363,689.5481999990595,265.1081545071573,690.9697942518735,12058,268.7518005371094,687.3020629882812,268.7393493652344,688.823974609375,0.8934817910194397,1,4.0377046505577825,9.44969616830349,98,/yh/study/cvpr_data/Bearing_UAV_90K/citya/uav_254k_34bc_b15_s100/blk_5_13_s_009_v3d.jpg,261.0528869628906,691.6364135742188,787.370559055326,4.109692954042496,4,13.950595128302044,13.950595128302044,1,13.950595128302044,90.31936082023563,-12.000000000000002,787.2020885378538,-7.934807679779553,272.91055305862915,689.5164766422866,12.045678803346725,12.850487725278187,1,0.0,0,0,0.34315404687084744,1.0,792.9496459960938,2.077730417251587,0,0,6,18,1,80.33409946886387,252.75181579589844,719.3020629882812,265.78546142578125,711.208984375,1,263.20367431640625,713.8951416015625,809.6834106445312,5.597901344299316,0.8371152877807617,0.07957641780376434,43.511878967285156,118.10697174072266,0,809.5643920898438,5.626979827880859,22.245637419988004,44.51731491088867,119.10163116455078,0.34315404687084744,809.5643920898438,5.626979827880859,793.5894357956435,-6.018603502442654,15.974956294200291,11.645583330323515,0.0,1,13.58459303655935,13.584547518037882,-0.03516673296689987,0.7580633759498596,-0.03568851575255394,0.07614320516586304,-0.028546107932925224,-0.3367324348673012,0.0,80.32826910199448,80.32826910199448,9.991091718241154,0.7958275675773621,-0.05463963747024536,0.026343851620482542,1.0,785.8421606648086,-3.93117239450546,4,4,5,73.3112818948153,0.6036142066776676,1.5283983905173955,13.192531752352185,268.7393493652344,688.823974609375,9.681686832064914,13.950595128302044,0.0,0,8.184834585598871,29.578393325209618
GT+smooth-jitter_controlled_forward3x6_SoftMS_local_prior_3frame_causal_heading_continuous_waypoint_RNN_polynomial_Kalman,1,controlled_gt_jitter,8.0,267.0643540944358,707.3429718929864,2.7238084401389453,5.26783761564261,0,1,8,274.38559378011263,700.2366268922399,266.8654616855786,701.66007958727,12297,276.7518005371094,703.3020629882812,268.75537109375,703.153076171875,0.9833239912986755,1,6.340747897426344,8.011752739548683,99,/yh/study/cvpr_data/Bearing_UAV_90K/citya/uav_254k_34bc_b15_s100/blk_4_12_s_057_v3d.jpg,264.3405456542969,702.0751342773438,798.2043178246325,2.55880272017515,4,10.944203469829567,10.944203469829567,1,10.944203469829567,72.51826076687793,-12.000000000000002,798.0197830046267,-7.768770208258691,274.50141589400374,700.2178427914015,10.329221446552218,13.490114902434282,1,0.0,0,0,0.18651947631694865,1.0,803.84423828125,0.7255442142486572,0,0,6,18,1,80.33205884312763,252.75181579589844,719.3020629882812,266.0562744140625,719.636962890625,1,262.12091064453125,720.89501953125,816.4149169921875,7.801752090454102,0.87736576795578,0.02387116849422455,36.85633850097656,111.37782287597656,0,816.296875,7.830583572387695,18.84495419197654,37.86161422729492,112.37261962890625,0.18651947631694865,816.296875,7.830583572387695,803.5456401243699,-6.111013072335726,12.751234875630107,13.94159664472342,0.0,1,10.818725284541905,10.818667192243202,-0.035453714430332184,0.7579504251480103,-0.035086799412965775,0.07508096843957901,-0.028065141290426254,-0.3325279198246294,0.0,80.33247361703715,80.33247361703715,7.8142128501592225,0.7951924204826355,-0.053735312074422836,0.012344376958922142,1.0,799.9840981644322,-1.6227070945796085,4,4,5,59.16934439519167,0.6800780601258446,1.7797803397996859,10.186253044681557,268.75537109375,703.153076171875,14.329110519645821,10.944203469829567,3.3849070498162543,0,4.544517838982272,28.357757721096277
GT+smooth-jitter_controlled_forward3x6_SoftMS_local_prior_3frame_causal_heading_continuous_waypoint_RNN_polynomial_Kalman,1,controlled_gt_jitter,8.0,269.2436863659403,710.3015996145261,2.534549403049644,5.3530522512448755,0,1,8,274.84204840250936,703.6116304143028,267.38769574582324,704.837003453758,12297,276.7518005371094,703.3020629882812,268.762939453125,703.314697265625,0.9970294833183289,1,6.086356456310193,8.010318037122488,100,/yh/study/cvpr_data/Bearing_UAV_90K/citya/uav_254k_34bc_b15_s100/blk_4_12_s_049_v3d.jpg,266.7091369628906,704.9485473632812,801.4238789231583,0.6876656641469834,4,3.723805519838908,3.723805519838908,1,3.723805519838908,50.50080316932551,-12.000000000000002,801.4238789231583,-7.686686950513352,274.97258650577476,703.5901720959578,8.374352614660319,14.089793228402511,1,0.0,0,0,0.2267850841723596,1.0,807.1171875,-0.9450178146362305,1,1,6,18,1,80.33220401132792,268.7518005371094,735.3020629882812,269.26904296875,723.067138671875,1,266.5576477050781,724.70849609375,820.8975830078125,4.042342662811279,0.884272038936615,0.04588328301906586,57.269081115722656,123.62501525878906,1,820.7794799804688,4.0722880363464355,19.649299246847086,58.27427291870117,124.61991119384766,0.2267850841723596,820.7794799804688,4.0722880363464355,807.1711968861063,-5.962491561628959,13.608283094362445,10.034779597975394,0.0,1,3.6984169012029127,3.6982488934745064,-0.035251908004283905,0.7578125,-0.03273153677582741,0.07378264516592026,-0.026180662214756012,-0.322754265967885,0.0,80.34224727089389,80.34224727089389,29.841444101568385,0.7944331169128418,-0.05029778182506561,0.013258403171469797,1.0,800.1448065185446,-1.6039592166439232,4,4,5,59.00863604107934,0.6809469919845146,1.2790724046137711,2.965993019838908,268.762939453125,703.314697265625,0.16179820149981716,3.723805519838908,0.0,0,2.6244181851420434,28.539550956338644
GT+smooth-jitter_controlled_forward3x6_SoftMS_local_prior_3frame_causal_heading_continuous_waypoint_RNN_polynomial_Kalman,1,controlled_gt_jitter,8.0,270.1831526813901,712.867288535034,2.342515474358814,5.431131308471528,0,1,8,275.18011577746057,706.2296675985467,267.815629653258,707.4402680573197,12297,276.7518005371094,703.3020629882812,268.7820129394531,705.6824951171875,0.8641811609268188,1,6.421457595443244,7.904442027211189,101,/yh/study/cvpr_data/Bearing_UAV_90K/citya/uav_254k_34bc_b15_s100/blk_4_12_s_033_v3d.jpg,267.84063720703125,707.4361572265625,804.0620817253116,-0.025343178080783457,4,2.732854850588383,2.732854850588383,1,2.732854850588383,65.54137760540466,12.000000000000002,804.0620817253116,-7.588262611310201,275.3033995253963,706.2094017769682,7.562919433229366,14.640984108858676,1,0.0,0,0,0.15549490898720442,1.0,809.80126953125,-1.4558709859848022,0,0,6,18,1,80.33571915751209,268.7518005371094,735.3020629882812,268.4288024902344,725.5740356445312,1,265.2439270019531,726.603759765625,822.5546264648438,5.646090030670166,0.8867024183273315,0.015109211206436157,52.83766174316406,106.50753784179688,0,822.4390258789062,5.673859119415283,19.24039976851098,53.84299850463867,107.50234985351562,0.15549490898720442,822.4390258789062,5.673859119415283,809.4173037247413,-5.981696011481313,13.021722154165026,11.655555130896596,0.0,1,2.7254930945582814,2.725282686713574,-0.033865705132484436,0.757932186126709,-0.03610990568995476,0.07490894943475723,-0.02888333611190319,-0.3337266447043931,0.0,80.33127489215738,80.33127489215738,14.789897286752728,0.795078694820404,-0.055183518677949905,0.01143187894949432,1.0,802.4843410387327,-1.2387076696347976,4,4,5,56.66910152089116,0.693596590011191,1.5777406865788635,1.974922664461674,268.7820129394531,705.6824951171875,2.367874672305251,2.732854850588383,0.0,0,1.9903565166699146,28.180380817502737
GT+smooth-jitter_controlled_forward3x6_SoftMS_local_prior_3frame_causal_heading_continuous_waypoint_RNN_polynomial_Kalman,1,controlled_gt_jitter,8.0,278.1222610089759,727.9752491949428,2.147987327335274,5.5019825933803,0,1,8,277.3614157064793,720.0586925323468,270.43645031191755,723.383593730832,12535,276.7518005371094,719.3020629882812,272.5463562011719,719.91162109375,0.8018825054168701,1,4.8173050606851096,7.890819106251001,102,/yh/study/cvpr_data/Bearing_UAV_90K/citya/uav_254k_34bc_b15_s100/blk_5_12_s_076_v3d.jpg,275.9742736816406,722.4732666015625,820.2193814519533,-5.612146038418371,4,17.09592643458695,17.09592643458695,1,17.09592643458695,61.590855747517416,-3.9505218578872436,820.2193814519533,-7.498424295423869,277.8355716132941,722.1672998182769,1.8862782570055052,15.138173841703733,1,0.0,0,0,0.1290060431820859,1.0,825.9969482421875,-6.839229106903076,0,0,6,18,1,80.3341636619699,260.7518005371094,735.3020629882812,276.17840576171875,739.55224609375,1,272.77496337890625,739.4964599609375,836.4981689453125,0.306069552898407,0.9071012735366821,0.014508694410324097,45.04509735107422,160.0067138671875,0,836.3795166015625,0.3346706032752991,17.219599188818503,46.05039596557617,161.00152587890625,0.1290060431820859,836.3795166015625,0.3346706032752991,825.4289146894547,-5.935564324173427,10.95060191210776,6.270234927448726,0.0,1,14.0,16.478252319819994,-0.03510001301765442,0.757853627204895,-0.034597985446453094,0.07417024672031403,-0.027673805132508278,-0.32314724196899874,0.0,80.34185429489278,80.34185429489278,18.750998547375364,0.7946529388427734,-0.05291753262281418,0.01074826174419027,1.0,817.1356294399768,-2.645140900365766,4,4,5,42.01781311964709,0.7728144460630594,3.0837520119764577,16.338072807382055,272.5463562011719,719.91162109375,14.718638056862906,17.09592643458695,0.0,0,4.279327746340444,28.11543270945549
GT+smooth-jitter_controlled_forward3x6_SoftMS_local_prior_3frame_causal_heading_continuous_waypoint_RNN_polynomial_Kalman,1,controlled_gt_jitter,8.0,267.87730461606,731.2641338086395,1.9512487078568725,5.5655254102019605,0,1,8,277.8437785183278,723.7395307091019,270.68831511270093,724.9157712689309,12654,276.7518005371094,727.3020629882812,273.5811462402344,726.9222412109375,0.8211231231689453,1,5.319744361972502,7.8120119869709015,103,/yh/study/cvpr_data/Bearing_UAV_90K/citya/uav_254k_34bc_b15_s100/blk_5_12_s_016_v3d.jpg,265.9260559082031,725.6986083984375,821.7721222178664,4.82617309077888,4,10.553175357639715,10.553175357639715,1,10.553175357639715,162.2040734007751,12.000000000000002,821.7721222178664,-7.4074016387921295,277.99761918700983,723.7142418320583,12.233574729571,15.578730485621001,1,0.0,0,0,0.15731427448689675,1.0,827.5804443359375,3.803529977798462,0,0,6,18,1,80.33685539683312,244.75181579589844,743.3020629882812,266.4734191894531,742.7200927734375,1,263.3584899902344,742.5728759765625,838.0064697265625,10.096854209899902,0.9239150285720825,0.024819493293762207,37.041015625,128.15457153320312,0,837.888671875,10.125930786132812,16.965571151019773,38.04636764526367,129.1493377685547,0.15731427448689675,837.888671875,10.125930786132812,827.1373507275442,-5.797833085888749,10.751321147455712,15.923763872021564,0.0,0,10.005808697242557,10.005748097065364,-0.03482389822602272,0.7580142617225647,-0.03561598062515259,0.07568119466304779,-0.028488030657172203,-0.329766709130946,0.0,80.33523482773083,80.33523482773083,81.86883857304426,0.7955546975135803,-0.05443970113992691,0.011332388144552584,1.0,824.2212564166538,-2.5290581719153606,4,4,5,34.932186142970124,0.8111256281586878,2.4491341987874193,9.79516109591715,273.5811462402344,726.9222412109375,7.086577795555274,10.553175357639715,0.0,0,7.752269683865815,27.780750766396523
GT+smooth-jitter_controlled_forward3x6_SoftMS_local_prior_3frame_causal_heading_continuous_waypoint_RNN_polynomial_Kalman,1,controlled_gt_jitter,8.0,264.6499858464878,739.6014269902374,1.7525859441440979,5.621690662112459,0,1,8,278.95803677083796,731.3396316374136,271.93409285828153,732.4942525545462,12773,276.7518005371094,735.3020629882812,276.5413818359375,734.7672729492188,0.9282211065292358,1,4.193917743205269,8.094400633126497,104,/yh/study/cvpr_data/Bearing_UAV_90K/citya/uav_254k_34bc_b15_s100/blk_5_12_s_092_v3d.jpg,262.89739990234375,733.979736328125,829.4523136730193,9.157973663505562,4,8.817586800802045,8.817586800802045,1,8.817586800802045,110.0889766508606,-12.000000000000002,829.4523136730193,-7.286755832089123,279.12434886020503,731.312292663819,16.44472949559468,15.962558316956931,1,0.0,0,0,0.18618884303110736,1.0,835.2838134765625,8.340473175048828,0,0,6,18,1,80.33628819764732,268.7518005371094,767.3020629882812,263.7667541503906,754.323486328125,1,263.42926025390625,754.4171142578125,849.705322265625,11.948234558105469,0.9499698281288147,0.042692430317401886,77.79683685302734,91.88692474365234,0,849.5888061523438,11.976502418518066,20.33279207862811,78.8021469116211,92.8817138671875,0.18618884303110736,849.5888061523438,11.976502418518066,834.9763523096904,-5.629544241087796,14.612453842653398,17.606046659605862,0.0,0,8.726666405423657,8.726595173150114,-0.03525954484939575,0.7580711245536804,-0.034596286714076996,0.07621688395738602,-0.027672475203871727,-0.32426181678375376,0.0,80.34073972007802,80.34073972007802,29.748236930782575,0.7958927154541016,-0.05293765291571617,0.011948764326663048,1.0,832.4425647276673,-4.177574902787946,4,4,5,26.710877831956566,0.8555773105298163,2.99025105464807,8.059515676248365,276.5413818359375,734.7672729492188,8.38495782676979,8.817586800802045,0.0,0,13.666691513815493,28.11866905540228
GT+smooth-jitter_controlled_forward3x6_SoftMS_local_prior_3frame_causal_heading_continuous_waypoint_RNN_polynomial_Kalman,1,controlled_gt_jitter,8.0,272.9771531759968,754.1587632154395,1.5522874533405908,5.670420930283291,0,1,8,281.1097514476412,745.173290732159,274.48068410558363,747.9860159756339,12893,284.7518005371094,743.3020629882812,276.75225830078125,745.4916381835938,0.8716565370559692,1,4.369106501879584,7.812806870788336,105,/yh/study/cvpr_data/Bearing_UAV_90K/citya/uav_254k_34bc_b15_s100/blk_4_14_s_008_v3d.jpg,271.42486572265625,748.4883422851562,845.1519907676537,3.0968302683026194,4,16.829061772214178,16.829061772214178,1,16.829061772214178,59.555020984840745,-12.000000000000002,845.1519907676537,-7.153106435195333,281.53906065383626,746.8257348992088,10.249936703497951,16.291623536879634,1,0.0,0,0,0.18452313837752654,1.0,850.9990844726562,2.484879732131958,0,0,6,18,1,80.33784622783003,268.7518005371094,767.3020629882812,272.20458984375,766.064453125,1,271.20733642578125,766.821044921875,859.1534423828125,6.2851643562316895,0.9289896488189697,0.03550773113965988,47.14665222167969,108.51642608642578,0,859.0350952148438,6.313013076782227,14.250769135353671,48.15191650390625,109.51127624511719,0.18452313837752654,859.0350952148438,6.313013076782227,850.6668680287302,-5.498643256872414,8.368227186113625,11.811656333654641,0.0,1,14.0,16.232736830437045,-0.034894753247499466,0.7579709887504578,-0.03568984940648079,0.07527431100606918,-0.028547266498208046,-0.3277537243164963,0.0,80.33724781254529,80.33724781254529,20.78222682770454,0.7953093647956848,-0.05451382324099541,0.01185286500036163,1.0,843.0591108010177,-2.6460958673042736,4,4,5,16.094331758606188,0.9129797720454388,2.092879966636019,16.07109078346372,276.75225830078125,745.4916381835938,10.726438298134948,16.829061772214178,0.0,0,6.1123929155268515,27.86540472880006
GT+smooth-jitter_controlled_forward3x6_SoftMS_local_prior_3frame_causal_heading_continuous_waypoint_RNN_polynomial_Kalman,1,controlled_gt_jitter,8.0,275.1917076990638,756.6919561756531,1.3506432459387698,5.711670531121836,0,1,8,281.56008585672424,748.7022476963963,274.94311330346414,750.799126929407,13012,284.7518005371094,751.3020629882812,276.7557678222656,751.2883911132812,0.9976500272750854,2,5.456153365597577,7.8903259709477425,106,/yh/study/cvpr_data/Bearing_UAV_90K/citya/uav_254k_34bc_b15_s100/blk_4_13_s_039_v3d.jpg,273.841064453125,750.9802856445312,848.002856250501,1.1168393566665338,4,3.4709938074637874,3.4709938074637874,1,3.4709938074637874,45.88414373512151,-12.000000000000002,847.0091927602028,-7.032852053165261,281.72164924369446,748.6778476831341,8.210044896797896,16.569427627745227,1,0.0,0,0,0.20923813667268154,1.0,853.8579711914062,0.7105535864830017,0,0,6,18,1,80.33763678648243,268.7518005371094,767.3020629882812,274.13128662109375,769.6968383789062,1,273.32086181640625,770.8406372070312,859.1534423828125,4.851633071899414,0.8783299922943115,0.02908898890018463,48.519744873046875,74.34609985351562,0,859.0365600585938,4.8802032470703125,11.657852610850469,49.52513885498047,75.3407974243164,0.20923813667268154,859.0365600585938,4.8802032470703125,852.6600025119026,-5.337609127655336,6.376557546691164,10.217812374725648,0.0,1,3.557574782832236,3.55739932835928,-0.035332053899765015,0.7580184936523438,-0.035415276885032654,0.0757216289639473,-0.028327729552984238,-0.3218749591535252,0.0,80.34312657770825,80.34312657770825,34.45898284258674,0.7955881953239441,-0.05404940992593765,0.012393530418053855,1.0,848.7796655469879,-1.7092873260646244,4,4,5,10.373777012636026,0.9439101632842473,0.7768092964868174,2.7129753138114436,276.7557678222656,751.2883911132812,5.7967539920701885,3.4709938074637874,2.325760184606401,0,2.930942631638048,28.11804972589016
GT+smooth-jitter_controlled_forward3x6_SoftMS_local_prior_3frame_causal_heading_continuous_waypoint_RNN_polynomial_Kalman,1,controlled_gt_jitter,8.0,282.55410287631327,771.9025710790055,1.147944429047655,5.745405551661726,0,1,8,283.3801471691184,760.6989974061119,276.751812,761.802044,13131,284.7518005371094,759.3020629882812,276.94732666015625,759.45458984375,0.9631510972976685,1,6.552078287214482,8.02668696269393,107,/yh/study/cvpr_data/Bearing_UAV_90K/citya/uav_254k_34bc_b15_s100/blk_5_13_s_046_v3d.jpg,281.4061584472656,766.1571655273438,859.153442559624,-3.8862786355778938,4,16.957839783342138,16.957839783342138,1,16.957839783342138,63.50550072195726,12.000000000000002,859.153442559624,-6.90484826279855,283.5652181038963,760.6820320377157,5.885458803707432,16.800493345782883,1,0.0,0,0,0.17872418508348492,1.0,859.1534423828125,-4.087078094482422,1,1,6,18,1,80.33955820407331,276.7518005371094,783.3020629882812,278.5724182128906,773.9569091796875,1,276.17919921875,773.9991455078125,859.1534423828125,2.5434799194335938,0.8644904494285583,0.013167083263397217,44.66028594970703,74.39131164550781,1,859.0358276367188,2.571608781814575,8.272453317947054,45.66555404663086,75.38613891601562,0.17872418508348492,859.0358276367188,2.571608781814575,859.0358276367188,-5.2599533574108,0.0,7.831562139225375,0.0,0,14.0,16.351212600674767,-0.035377826541662216,0.7579748630523682,-0.03604976087808609,0.07531026005744934,-0.028835570439696312,-0.3244057576844265,0.0,80.34059577917735,80.34059577917735,16.83509505722009,0.7953314781188965,-0.05497153103351593,0.0009652133643423662,1.0,856.868789933204,-0.5736979820638,4,4,5,2.284652626419927,0.9876471421535263,2.284652626419984,16.19986492028977,276.94732666015625,759.45458984375,8.168445169913515,16.957839783342138,0.0,0,8.05019886090022,28.975400142371655
